0
2.267851E-05
4.535701E-05
6.803552E-05
9.071402E-05
0.0001133925
0.000136071
0.0001587495
0.000181428
0.0002041065
0.0002267851
0.0002494635
0.0002721421
0.0002948206
0.0003174991
0.0003401776
0.0003628561
0.0003855347
0.0004082132
0.0004308917
0.0004535702
0.0004762487
0.0004989273
0.0005216058
0.0005442843
0.0005669628
0.0005896413
0.0006123199
0.0006349984
0.0006576769
0.0006803554
0.0007030339
0.0007257125
0.000748391
0.0007710695
0.000793748
0.0008164265
0.0008391051
0.0008617836
0.0008844621
0.0009071406
0.0009298191
0.0009524976
0.0009751762
0.0009978546
0.001020533
0.001043212
0.00106589
0.001088569
0.001111247
0.001133926
0.001156604
0.001179283
0.001201961
0.00122464
0.001247318
0.001269997
0.001292675
0.001315354
0.001338032
0.001360711
0.001383389
0.001406068
0.001428747
0.001451425
0.001474104
0.001496782
0.001519461
0.001542139
0.001564818
0.001587496
0.001610175
0.001632853
0.001655532
0.00167821
0.001700889
0.001723567
0.001746246
0.001768924
0.001791603
0.001814281
0.00183696
0.001859638
0.001882317
0.001904995
0.001927674
0.001950352
0.001973031
0.001995709
0.002018388
0.002041066
0.002063744
0.002086423
0.002109101
0.00213178
0.002154458
0.002177136
0.002199815
0.002222493
0.002245172
0.00226785
0.002290529
0.002313207
0.002335885
0.002358564
0.002381242
0.002403921
0.002426599
0.002449277
0.002471956
0.002494634
0.002517313
0.002539991
0.002562669
0.002585348
0.002608026
0.002630705
0.002653383
0.002676061
0.00269874
0.002721418
0.002744097
0.002766775
0.002789453
0.002812132
0.00283481
0.002857489
0.002880167
0.002902845
0.002925524
0.002948202
0.002970881
0.002993559
0.003016237
0.003038916
0.003061594
0.003084273
0.003106951
0.003129629
0.003152308
0.003174986
0.003197665
0.003220343
0.003243021
0.0032657
0.003288378
0.003311057
0.003333735
0.003356413
0.003379092
0.00340177
0.003424449
0.003447127
0.003469805
0.003492484
0.003515162
0.003537841
0.003560519
0.003583197
0.003605876
0.003628554
0.003651233
0.003673911
0.003696589
0.003719268
0.003741946
0.003764625
0.003787303
0.003809982
0.00383266
0.003855338
0.003878017
0.003900695
0.003923374
0.003946052
0.003968731
0.00399141
0.004014088
0.004036767
0.004059446
0.004082124
0.004104803
0.004127481
0.00415016
0.004172839
0.004195517
0.004218196
0.004240875
0.004263553
0.004286232
0.004308911
0.004331589
0.004354268
0.004376946
0.004399625
0.004422304
0.004444982
0.004467661
0.00449034
0.004513018
0.004535697
0.004558376
0.004581054
0.004603733
0.004626411
0.00464909
0.004671769
0.004694447
0.004717126
0.004739805
0.004762483
0.004785162
0.004807841
0.004830519
0.004853198
0.004875876
0.004898555
0.004921234
0.004943912
0.004966591
0.00498927
0.005011948
0.005034627
0.005057306
0.005079984
0.005102663
0.005125341
0.00514802
0.005170699
0.005193377
0.005216056
0.005238735
0.005261413
0.005284092
0.005306771
0.005329449
0.005352128
0.005374806
0.005397485
0.005420164
0.005442842
0.005465521
0.0054882
0.005510878
0.005533557
0.005556236
0.005578914
0.005601593
0.005624271
0.00564695
0.005669629
0.005692307
0.005714986
0.005737665
0.005760343
0.005783022
0.005805701
0.005828379
0.005851058
0.005873736
0.005896415
0.005919094
0.005941772
0.005964451
0.00598713
0.006009808
0.006032487
0.006055166
0.006077844
0.006100523
0.006123201
0.00614588
0.006168559
0.006191237
0.006213916
0.006236595
0.006259273
0.006281952
0.006304631
0.006327309
0.006349988
0.006372666
0.006395345
0.006418024
0.006440702
0.006463381
0.00648606
0.006508738
0.006531417
0.006554096
0.006576774
0.006599453
0.006622131
0.00664481
0.006667489
0.006690167
0.006712846
0.006735525
0.006758203
0.006780882
0.006803561
0.006826239
0.006848918
0.006871596
0.006894275
0.006916954
0.006939632
0.006962311
0.00698499
0.007007668
0.007030347
0.007053026
0.007075704
0.007098383
0.007121061
0.00714374
0.007166419
0.007189097
0.007211776
0.007234455
0.007257133
0.007279812
0.007302491
0.007325169
0.007347848
0.007370526
0.007393205
0.007415884
0.007438562
0.007461241
0.00748392
0.007506598
0.007529277
0.007551956
0.007574634
0.007597313
0.007619991
0.00764267
0.007665349
0.007688027
0.007710706
0.007733385
0.007756063
0.007778742
0.007801421
0.007824099
0.007846777
0.007869456
0.007892135
0.007914813
0.007937492
0.007960171
0.007982849
0.008005528
0.008028206
0.008050885
0.008073564
0.008096242
0.008118921
0.0081416
0.008164278
0.008186957
0.008209636
0.008232314
0.008254993
0.008277671
0.00830035
0.008323029
0.008345707
0.008368386
0.008391065
0.008413743
0.008436422
0.0084591
0.008481779
0.008504458
0.008527136
0.008549815
0.008572494
0.008595172
0.008617851
0.00864053
0.008663208
0.008685887
0.008708565
0.008731244
0.008753923
0.008776601
0.00879928
0.008821959
0.008844637
0.008867316
0.008889995
0.008912673
0.008935352
0.00895803
0.008980709
0.009003388
0.009026066
0.009048745
0.009071424
0.009094102
0.009116781
0.00913946
0.009162138
0.009184817
0.009207495
0.009230174
0.009252853
0.009275531
0.00929821
0.009320889
0.009343567
0.009366246
0.009388925
0.009411603
0.009434282
0.00945696
0.009479639
0.009502318
0.009524996
0.009547675
0.009570354
0.009593032
0.009615711
0.00963839
0.009661068
0.009683747
0.009706425
0.009729104
0.009751783
0.009774461
0.00979714
0.009819819
0.009842497
0.009865176
0.009887855
0.009910533
0.009933212
0.00995589
0.009978569
0.01000125
0.01002393
0.01004661
0.01006928
0.01009196
0.01011464
0.01013732
0.01016
0.01018268
0.01020536
0.01022803
0.01025071
0.01027339
0.01029607
0.01031875
0.01034143
0.01036411
0.01038678
0.01040946
0.01043214
0.01045482
0.0104775
0.01050018
0.01052286
0.01054554
0.01056821
0.01059089
0.01061357
0.01063625
0.01065893
0.01068161
0.01070429
0.01072696
0.01074964
0.01077232
0.010795
0.01081768
0.01084036
0.01086304
0.01088571
0.01090839
0.01093107
0.01095375
0.01097643
0.01099911
0.01102179
0.01104447
0.01106714
0.01108982
0.0111125
0.01113518
0.01115786
0.01118054
0.01120322
0.01122589
0.01124857
0.01127125
0.01129393
0.01131661
0.01133929
0.01136197
0.01138464
0.01140732
0.01143
0.01145268
0.01147536
0.01149804
0.01152072
0.01154339
0.01156607
0.01158875
0.01161143
0.01163411
0.01165679
0.01167947
0.01170215
0.01172482
0.0117475
0.01177018
0.01179286
0.01181554
0.01183822
0.0118609
0.01188357
0.01190625
0.01192893
0.01195161
0.01197429
0.01199697
0.01201965
0.01204232
0.012065
0.01208768
0.01211036
0.01213304
0.01215572
0.0121784
0.01220108
0.01222375
0.01224643
0.01226911
0.01229179
0.01231447
0.01233715
0.01235983
0.0123825
0.01240518
0.01242786
0.01245054
0.01247322
0.0124959
0.01251858
0.01254125
0.01256393
0.01258661
0.01260929
0.01263197
0.01265465
0.01267733
0.01270001
0.01272268
0.01274536
0.01276804
0.01279072
0.0128134
0.01283608
0.01285876
0.01288143
0.01290411
0.01292679
0.01294947
0.01297215
0.01299483
0.01301751
0.01304018
0.01306286
0.01308554
0.01310822
0.0131309
0.01315358
0.01317626
0.01319894
0.01322161
0.01324429
0.01326697
0.01328965
0.01331233
0.01333501
0.01335769
0.01338036
0.01340304
0.01342572
0.0134484
0.01347108
0.01349376
0.01351644
0.01353911
0.01356179
0.01358447
0.01360715
0.01362983
0.01365251
0.01367519
0.01369787
0.01372054
0.01374322
0.0137659
0.01378858
0.01381126
0.01383394
0.01385662
0.01387929
0.01390197
0.01392465
0.01394733
0.01397001
0.01399269
0.01401537
0.01403804
0.01406072
0.0140834
0.01410608
0.01412876
0.01415144
0.01417412
0.0141968
0.01421947
0.01424215
0.01426483
0.01428751
0.01431019
0.01433287
0.01435555
0.01437822
0.0144009
0.01442358
0.01444626
0.01446894
0.01449162
0.0145143
0.01453697
0.01455965
0.01458233
0.01460501
0.01462769
0.01465037
0.01467305
0.01469573
0.0147184
0.01474108
0.01476376
0.01478644
0.01480912
0.0148318
0.01485448
0.01487715
0.01489983
0.01492251
0.01494519
0.01496787
0.01499055
0.01501323
0.0150359
0.01505858
0.01508126
0.01510394
0.01512662
0.0151493
0.01517198
0.01519466
0.01521733
0.01524001
0.01526269
0.01528537
0.01530805
0.01533073
0.01535341
0.01537608
0.01539876
0.01542144
0.01544412
0.0154668
0.01548948
0.01551216
0.01553483
0.01555751
0.01558019
0.01560287
0.01562555
0.01564823
0.0156709
0.01569358
0.01571626
0.01573894
0.01576162
0.01578429
0.01580697
0.01582965
0.01585233
0.015875
0.01589768
0.01592036
0.01594304
0.01596572
0.01598839
0.01601107
0.01603375
0.01605643
0.0160791
0.01610178
0.01612446
0.01614714
0.01616981
0.01619249
0.01621517
0.01623785
0.01626053
0.0162832
0.01630588
0.01632856
0.01635124
0.01637391
0.01639659
0.01641927
0.01644195
0.01646462
0.0164873
0.01650998
0.01653266
0.01655534
0.01657801
0.01660069
0.01662337
0.01664605
0.01666872
0.0166914
0.01671408
0.01673676
0.01675943
0.01678211
0.01680479
0.01682747
0.01685015
0.01687282
0.0168955
0.01691818
0.01694086
0.01696353
0.01698621
0.01700889
0.01703157
0.01705424
0.01707692
0.0170996
0.01712228
0.01714496
0.01716763
0.01719031
0.01721299
0.01723567
0.01725834
0.01728102
0.0173037
0.01732638
0.01734906
0.01737173
0.01739441
0.01741709
0.01743977
0.01746244
0.01748512
0.0175078
0.01753048
0.01755315
0.01757583
0.01759851
0.01762119
0.01764387
0.01766654
0.01768922
0.0177119
0.01773458
0.01775725
0.01777993
0.01780261
0.01782529
0.01784796
0.01787064
0.01789332
0.017916
0.01793868
0.01796135
0.01798403
0.01800671
0.01802939
0.01805206
0.01807474
0.01809742
0.0181201
0.01814277
0.01816545
0.01818813
0.01821081
0.01823349
0.01825616
0.01827884
0.01830152
0.0183242
0.01834687
0.01836955
0.01839223
0.01841491
0.01843758
0.01846026
0.01848294
0.01850562
0.0185283
0.01855097
0.01857365
0.01859633
0.01861901
0.01864168
0.01866436
0.01868704
0.01870972
0.0187324
0.01875507
0.01877775
0.01880043
0.01882311
0.01884578
0.01886846
0.01889114
0.01891382
0.01893649
0.01895917
0.01898185
0.01900453
0.01902721
0.01904988
0.01907256
0.01909524
0.01911792
0.01914059
0.01916327
0.01918595
0.01920863
0.0192313
0.01925398
0.01927666
0.01929934
0.01932202
0.01934469
0.01936737
0.01939005
0.01941273
0.0194354
0.01945808
0.01948076
0.01950344
0.01952611
0.01954879
0.01957147
0.01959415
0.01961683
0.0196395
0.01966218
0.01968486
0.01970754
0.01973021
0.01975289
0.01977557
0.01979825
0.01982092
0.0198436
0.01986628
0.01988896
0.01991164
0.01993431
0.01995699
0.01997967
0.02000235
0.02002502
0.0200477
0.02007038
0.02009306
0.02011574
0.02013841
0.02016109
0.02018377
0.02020645
0.02022912
0.0202518
0.02027448
0.02029716
0.02031983
0.02034251
0.02036519
0.02038787
0.02041055
0.02043322
0.0204559
0.02047858
0.02050126
0.02052393
0.02054661
0.02056929
0.02059197
0.02061464
0.02063732
0.02066
0.02068268
0.02070536
0.02072803
0.02075071
0.02077339
0.02079607
0.02081874
0.02084142
0.0208641
0.02088678
0.02090945
0.02093213
0.02095481
0.02097749
0.02100017
0.02102284
0.02104552
0.0210682
0.02109088
0.02111355
0.02113623
0.02115891
0.02118159
0.02120426
0.02122694
0.02124962
0.0212723
0.02129498
0.02131765
0.02134033
0.02136301
0.02138569
0.02140836
0.02143104
0.02145372
0.0214764
0.02149907
0.02152175
0.02154443
0.02156711
0.02158979
0.02161246
0.02163514
0.02165782
0.0216805
0.02170317
0.02172585
0.02174853
0.02177121
0.02179389
0.02181656
0.02183924
0.02186192
0.0218846
0.02190727
0.02192995
0.02195263
0.02197531
0.02199798
0.02202066
0.02204334
0.02206602
0.0220887
0.02211137
0.02213405
0.02215673
0.02217941
0.02220208
0.02222476
0.02224744
0.02227012
0.02229279
0.02231547
0.02233815
0.02236083
0.02238351
0.02240618
0.02242886
0.02245154
0.02247422
0.02249689
0.02251957
0.02254225
0.02256493
0.0225876
0.02261028
0.02263296
0.02265564
0.02267832
0.02270099
0.02272367
0.02274635
0.02276903
0.0227917
0.02281438
0.02283706
0.02285974
0.02288241
0.02290509
0.02292777
0.02295045
0.02297313
0.0229958
0.02301848
0.02304116
0.02306384
0.02308651
0.02310919
0.02313187
0.02315455
0.02317723
0.0231999
0.02322258
0.02324526
0.02326794
0.02329061
0.02331329
0.02333597
0.02335865
0.02338132
0.023404
0.02342668
0.02344936
0.02347204
0.02349471
0.02351739
0.02354007
0.02356275
0.02358542
0.0236081
0.02363078
0.02365346
0.02367613
0.02369881
0.02372149
0.02374417
0.02376685
0.02378952
0.0238122
0.02383488
0.02385756
0.02388023
0.02390291
0.02392559
0.02394827
0.02397094
0.02399362
0.0240163
0.02403898
0.02406166
0.02408433
0.02410701
0.02412969
0.02415237
0.02417504
0.02419772
0.0242204
0.02424308
0.02426575
0.02428843
0.02431111
0.02433379
0.02435647
0.02437914
0.02440182
0.0244245
0.02444718
0.02446985
0.02449253
0.02451521
0.02453789
0.02456057
0.02458324
0.02460592
0.0246286
0.02465128
0.02467395
0.02469663
0.02471931
0.02474199
0.02476466
0.02478734
0.02481002
0.0248327
0.02485538
0.02487805
0.02490073
0.02492341
0.02494609
0.02496876
0.02499144
0.02501412
0.0250368
0.02505947
0.02508215
0.02510483
0.02512751
0.02515019
0.02517286
0.02519554
0.02521822
0.0252409
0.02526357
0.02528625
0.02530893
0.02533161
0.02535428
0.02537696
0.02539964
0.02542232
0.025445
0.02546767
0.02549035
0.02551303
0.02553571
0.02555838
0.02558106
0.02560374
0.02562642
0.02564909
0.02567177
0.02569445
0.02571713
0.02573981
0.02576248
0.02578516
0.02580784
0.02583052
0.02585319
0.02587587
0.02589855
0.02592123
0.02594391
0.02596658
0.02598926
0.02601194
0.02603462
0.02605729
0.02607997
0.02610265
0.02612533
0.026148
0.02617068
0.02619336
0.02621604
0.02623872
0.02626139
0.02628407
0.02630675
0.02632943
0.0263521
0.02637478
0.02639746
0.02642014
0.02644281
0.02646549
0.02648817
0.02651085
0.02653353
0.0265562
0.02657888
0.02660156
0.02662424
0.02664691
0.02666959
0.02669227
0.02671495
0.02673762
0.0267603
0.02678298
0.02680566
0.02682834
0.02685101
0.02687369
0.02689637
0.02691905
0.02694172
0.0269644
0.02698708
0.02700976
0.02703243
0.02705511
0.02707779
0.02710047
0.02712315
0.02714582
0.0271685
0.02719118
0.02721386
0.02723653
0.02725921
0.02728189
0.02730457
0.02732725
0.02734992
0.0273726
0.02739528
0.02741796
0.02744063
0.02746331
0.02748599
0.02750867
0.02753134
0.02755402
0.0275767
0.02759938
0.02762206
0.02764473
0.02766741
0.02769009
0.02771277
0.02773544
0.02775812
0.0277808
0.02780348
0.02782615
0.02784883
0.02787151
0.02789419
0.02791687
0.02793954
0.02796222
0.0279849
0.02800758
0.02803025
0.02805293
0.02807561
0.02809829
0.02812096
0.02814364
0.02816632
0.028189
0.02821168
0.02823435
0.02825703
0.02827971
0.02830239
0.02832506
0.02834774
0.02837042
0.0283931
0.02841577
0.02843845
0.02846113
0.02848381
0.02850649
0.02852916
0.02855184
0.02857452
0.0285972
0.02861987
0.02864255
0.02866523
0.02868791
0.02871059
0.02873326
0.02875594
0.02877862
0.0288013
0.02882397
0.02884665
0.02886933
0.02889201
0.02891468
0.02893736
0.02896004
0.02898272
0.0290054
0.02902807
0.02905075
0.02907343
0.02909611
0.02911878
0.02914146
0.02916414
0.02918682
0.02920949
0.02923217
0.02925485
0.02927753
0.02930021
0.02932288
0.02934556
0.02936824
0.02939092
0.02941359
0.02943627
0.02945895
0.02948163
0.0295043
0.02952698
0.02954966
0.02957234
0.02959502
0.02961769
0.02964037
0.02966305
0.02968573
0.0297084
0.02973108
0.02975376
0.02977644
0.02979911
0.02982179
0.02984447
0.02986715
0.02988983
0.0299125
0.02993518
0.02995786
0.02998054
0.03000321
0.03002589
0.03004857
0.03007125
0.03009393
0.0301166
0.03013928
0.03016196
0.03018464
0.03020731
0.03022999
0.03025267
0.03027535
0.03029802
0.0303207
0.03034338
0.03036606
0.03038874
0.03041141
0.03043409
0.03045677
0.03047945
0.03050212
0.0305248
0.03054748
0.03057016
0.03059283
0.03061551
0.03063819
0.03066087
0.03068355
0.03070622
0.0307289
0.03075158
0.03077426
0.03079693
0.03081961
0.03084229
0.03086497
0.03088764
0.03091032
0.030933
0.03095568
0.03097836
0.03100103
0.03102371
0.03104639
0.03106907
0.03109174
0.03111442
0.0311371
0.03115978
0.03118245
0.03120513
0.03122781
0.03125049
0.03127317
0.03129585
0.03131853
0.03134121
0.03136389
0.03138657
0.03140924
0.03143192
0.0314546
0.03147728
0.03149996
0.03152264
0.03154532
0.031568
0.03159068
0.03161336
0.03163604
0.03165872
0.0316814
0.03170408
0.03172676
0.03174944
0.03177212
0.0317948
0.03181748
0.03184016
0.03186284
0.03188552
0.0319082
0.03193088
0.03195355
0.03197623
0.03199891
0.03202159
0.03204427
0.03206695
0.03208963
0.03211231
0.03213499
0.03215767
0.03218035
0.03220303
0.03222571
0.03224839
0.03227107
0.03229375
0.03231643
0.03233911
0.03236179
0.03238447
0.03240715
0.03242983
0.03245251
0.03247518
0.03249786
0.03252054
0.03254322
0.0325659
0.03258858
0.03261126
0.03263394
0.03265662
0.0326793
0.03270198
0.03272466
0.03274734
0.03277002
0.0327927
0.03281538
0.03283806
0.03286074
0.03288342
0.0329061
0.03292878
0.03295146
0.03297414
0.03299681
0.03301949
0.03304217
0.03306485
0.03308753
0.03311021
0.03313289
0.03315557
0.03317825
0.03320093
0.03322361
0.03324629
0.03326897
0.03329165
0.03331433
0.03333701
0.03335969
0.03338237
0.03340505
0.03342773
0.03345041
0.03347309
0.03349577
0.03351844
0.03354112
0.0335638
0.03358648
0.03360916
0.03363184
0.03365452
0.0336772
0.03369988
0.03372256
0.03374524
0.03376792
0.0337906
0.03381328
0.03383596
0.03385864
0.03388132
0.033904
0.03392668
0.03394936
0.03397204
0.03399472
0.0340174
0.03404007
0.03406275
0.03408543
0.03410811
0.03413079
0.03415347
0.03417615
0.03419883
0.03422151
0.03424419
0.03426687
0.03428955
0.03431223
0.03433491
0.03435759
0.03438027
0.03440295
0.03442563
0.03444831
0.03447099
0.03449367
0.03451635
0.03453903
0.0345617
0.03458438
0.03460706
0.03462974
0.03465242
0.0346751
0.03469778
0.03472046
0.03474314
0.03476582
0.0347885
0.03481118
0.03483386
0.03485654
0.03487922
0.0349019
0.03492458
0.03494726
0.03496994
0.03499262
0.0350153
0.03503798
0.03506066
0.03508333
0.03510601
0.03512869
0.03515137
0.03517405
0.03519673
0.03521941
0.03524209
0.03526477
0.03528745
0.03531013
0.03533281
0.03535549
0.03537817
0.03540085
0.03542353
0.03544621
0.03546889
0.03549157
0.03551425
0.03553693
0.03555961
0.03558229
0.03560496
0.03562764
0.03565032
0.035673
0.03569568
0.03571836
0.03574104
0.03576372
0.0357864
0.03580908
0.03583176
0.03585444
0.03587712
0.0358998
0.03592248
0.03594516
0.03596784
0.03599052
0.0360132
0.03603588
0.03605856
0.03608124
0.03610392
0.03612659
0.03614927
0.03617195
0.03619463
0.03621731
0.03623999
0.03626267
0.03628535
0.03630803
0.03633071
0.03635339
0.03637607
0.03639875
0.03642143
0.03644411
0.03646679
0.03648947
0.03651215
0.03653483
0.03655751
0.03658019
0.03660287
0.03662555
0.03664823
0.0366709
0.03669358
0.03671626
0.03673894
0.03676162
0.0367843
0.03680698
0.03682966
0.03685234
0.03687502
0.0368977
0.03692038
0.03694306
0.03696574
0.03698842
0.0370111
0.03703378
0.03705646
0.03707914
0.03710182
0.0371245
0.03714718
0.03716986
0.03719253
0.03721521
0.03723789
0.03726057
0.03728325
0.03730593
0.03732861
0.03735129
0.03737397
0.03739665
0.03741933
0.03744201
0.03746469
0.03748737
0.03751005
0.03753273
0.03755541
0.03757809
0.03760077
0.03762345
0.03764613
0.03766881
0.03769149
0.03771416
0.03773684
0.03775952
0.0377822
0.03780488
0.03782756
0.03785024
0.03787292
0.0378956
0.03791828
0.03794096
0.03796364
0.03798632
0.038009
0.03803168
0.03805436
0.03807704
0.03809972
0.0381224
0.03814508
0.03816776
0.03819044
0.03821312
0.03823579
0.03825847
0.03828115
0.03830383
0.03832651
0.03834919
0.03837187
0.03839455
0.03841723
0.03843991
0.03846259
0.03848527
0.03850795
0.03853063
0.03855331
0.03857599
0.03859867
0.03862135
0.03864403
0.03866671
0.03868939
0.03871207
0.03873475
0.03875742
0.0387801
0.03880278
0.03882546
0.03884814
0.03887082
0.0388935
0.03891618
0.03893886
0.03896154
0.03898422
0.0390069
0.03902958
0.03905226
0.03907494
0.03909762
0.0391203
0.03914298
0.03916566
0.03918834
0.03921102
0.0392337
0.03925638
0.03927905
0.03930173
0.03932441
0.03934709
0.03936977
0.03939245
0.03941513
0.03943781
0.03946049
0.03948317
0.03950585
0.03952853
0.03955121
0.03957389
0.03959657
0.03961925
0.03964193
0.03966461
0.03968729
0.03970997
0.03973265
0.03975533
0.03977801
0.03980068
0.03982336
0.03984604
0.03986872
0.0398914
0.03991408
0.03993676
0.03995944
0.03998212
0.0400048
0.04002748
0.04005016
0.04007284
0.04009552
0.0401182
0.04014088
0.04016356
0.04018624
0.04020892
0.0402316
0.04025428
0.04027696
0.04029964
0.04032231
0.04034499
0.04036767
0.04039035
0.04041303
0.04043571
0.04045839
0.04048107
0.04050375
0.04052643
0.04054911
0.04057179
0.04059447
0.04061715
0.04063983
0.04066251
0.04068519
0.04070787
0.04073055
0.04075323
0.04077591
0.04079859
0.04082127
0.04084394
0.04086662
0.0408893
0.04091198
0.04093466
0.04095734
0.04098002
0.0410027
0.04102538
0.04104806
0.04107074
0.04109342
0.0411161
0.04113878
0.04116146
0.04118414
0.04120682
0.0412295
0.04125218
0.04127486
0.04129754
0.04132022
0.0413429
0.04136558
0.04138825
0.04141093
0.04143361
0.04145629
0.04147897
0.04150165
0.04152433
0.04154701
0.04156969
0.04159237
0.04161505
0.04163773
0.04166041
0.04168309
0.04170577
0.04172845
0.04175113
0.04177381
0.04179649
0.04181917
0.04184185
0.04186453
0.04188721
0.04190988
0.04193256
0.04195524
0.04197792
0.0420006
0.04202328
0.04204596
0.04206864
0.04209132
0.042114
0.04213668
0.04215936
0.04218204
0.04220472
0.0422274
0.04225008
0.04227276
0.04229544
0.04231812
0.0423408
0.04236348
0.04238616
0.04240884
0.04243151
0.04245419
0.04247687
0.04249955
0.04252223
0.04254491
0.04256759
0.04259027
0.04261295
0.04263563
0.04265831
0.04268099
0.04270367
0.04272635
0.04274903
0.04277171
0.04279439
0.04281707
0.04283975
0.04286243
0.04288511
0.04290779
0.04293047
0.04295314
0.04297582
0.0429985
0.04302118
0.04304386
0.04306654
0.04308922
0.0431119
0.04313458
0.04315726
0.04317994
0.04320262
0.0432253
0.04324798
0.04327066
0.04329334
0.04331602
0.0433387
0.04336138
0.04338406
0.04340674
0.04342942
0.0434521
0.04347477
0.04349745
0.04352013
0.04354281
0.04356549
0.04358817
0.04361085
0.04363353
0.04365621
0.04367889
0.04370157
0.04372425
0.04374693
0.04376961
0.04379229
0.04381497
0.04383765
0.04386033
0.04388301
0.04390569
0.04392837
0.04395105
0.04397373
0.0439964
0.04401908
0.04404176
0.04406444
0.04408712
0.0441098
0.04413248
0.04415516
0.04417784
0.04420052
0.0442232
0.04424588
0.04426856
0.04429124
0.04431392
0.0443366
0.04435928
0.04438196
0.04440464
0.04442732
0.04445
0.04447268
0.04449536
0.04451803
0.04454071
0.04456339
0.04458607
0.04460875
0.04463143
0.04465411
0.04467679
0.04469947
0.04472215
0.04474483
0.04476751
0.04479019
0.04481287
0.04483555
0.04485823
0.04488091
0.04490359
0.04492627
0.04494895
0.04497163
0.04499431
0.04501699
0.04503966
0.04506234
0.04508502
0.0451077
0.04513038
0.04515306
0.04517574
0.04519842
0.0452211
0.04524378
0.04526646
0.04528914
0.04531182
0.0453345
0.04535718
0.04537986
0.04540254
0.04542522
0.0454479
0.04547058
0.04549326
0.04551594
0.04553862
0.0455613
0.04558397
0.04560665
0.04562933
0.04565201
0.04567469
0.04569737
0.04572005
0.04574273
0.04576541
0.04578809
0.04581077
0.04583345
0.04585613
0.04587881
0.04590149
0.04592417
0.04594685
0.04596953
0.04599221
0.04601489
0.04603757
0.04606025
0.04608293
0.0461056
0.04612828
0.04615096
0.04617364
0.04619632
0.046219
0.04624168
0.04626436
0.04628704
0.04630972
0.0463324
0.04635508
0.04637776
0.04640044
0.04642312
0.0464458
0.04646848
0.04649116
0.04651384
0.04653652
0.0465592
0.04658188
0.04660456
0.04662723
0.04664991
0.04667259
0.04669527
0.04671795
0.04674063
0.04676331
0.04678599
0.04680867
0.04683135
0.04685403
0.04687671
0.04689939
0.04692207
0.04694475
0.04696743
0.04699011
0.04701279
0.04703547
0.04705815
0.04708083
0.04710351
0.04712619
0.04714886
0.04717154
0.04719422
0.0472169
0.04723958
0.04726226
0.04728494
0.04730762
0.0473303
0.04735298
0.04737566
0.04739834
0.04742102
0.0474437
0.04746638
0.04748906
0.04751174
0.04753442
0.0475571
0.04757978
0.04760246
0.04762514
0.04764782
0.04767049
0.04769317
0.04771585
0.04773853
0.04776121
0.04778389
0.04780657
0.04782925
0.04785193
0.04787461
0.04789729
0.04791997
0.04794265
0.04796533
0.04798801
0.04801069
0.04803337
0.04805605
0.04807873
0.04810141
0.04812409
0.04814677
0.04816945
0.04819212
0.0482148
0.04823748
0.04826016
0.04828284
0.04830552
0.0483282
0.04835088
0.04837356
0.04839624
0.04841892
0.0484416
0.04846428
0.04848696
0.04850964
0.04853232
0.048555
0.04857768
0.04860036
0.04862304
0.04864572
0.0486684
0.04869108
0.04871375
0.04873643
0.04875911
0.04878179
0.04880447
0.04882715
0.04884983
0.04887251
0.04889519
0.04891787
0.04894055
0.04896323
0.04898591
0.04900859
0.04903127
0.04905395
0.04907663
0.04909931
0.04912199
0.04914467
0.04916735
0.04919003
0.04921271
0.04923538
0.04925806
0.04928074
0.04930342
0.0493261
0.04934878
0.04937146
0.04939414
0.04941682
0.0494395
0.04946218
0.04948486
0.04950754
0.04953022
0.0495529
0.04957558
0.04959826
0.04962094
0.04964362
0.0496663
0.04968898
0.04971166
0.04973434
0.04975701
0.04977969
0.04980237
0.04982505
0.04984773
0.04987041
0.04989309
0.04991577
0.04993845
0.04996113
0.04998381
0.05000649
0.05002917
0.05005185
0.05007453
0.05009721
0.05011989
0.05014257
0.05016525
0.05018793
0.05021061
0.05023329
0.05025597
0.05027865
0.05030132
0.050324
0.05034668
0.05036936
0.05039204
0.05041472
0.0504374
0.05046008
0.05048276
0.05050544
0.05052812
0.0505508
0.05057348
0.05059616
0.05061884
0.05064152
0.0506642
0.05068688
0.05070956
0.05073224
0.05075492
0.0507776
0.05080028
0.05082295
0.05084563
0.05086831
0.05089099
0.05091367
0.05093635
0.05095903
0.05098171
0.05100439
0.05102707
0.05104975
0.05107243
0.05109511
0.05111779
0.05114047
0.05116315
0.05118583
0.05120851
0.05123119
0.05125387
0.05127655
0.05129923
0.05132191
0.05134458
0.05136726
0.05138994
0.05141262
0.0514353
0.05145798
0.05148066
0.05150334
0.05152602
0.0515487
0.05157138
0.05159406
0.05161674
0.05163942
0.0516621
0.05168478
0.05170746
0.05173014
0.05175282
0.0517755
0.05179818
0.05182086
0.05184354
0.05186621
0.05188889
0.05191157
0.05193425
0.05195693
0.05197961
0.05200229
0.05202497
0.05204765
0.05207033
0.05209301
0.05211569
0.05213837
0.05216105
0.05218373
0.05220641
0.05222909
0.05225177
0.05227445
0.05229713
0.05231981
0.05234249
0.05236517
0.05238784
0.05241052
0.0524332
0.05245588
0.05247856
0.05250124
0.05252392
0.0525466
0.05256928
0.05259196
0.05261464
0.05263732
0.05266
0.05268268
0.05270536
0.05272804
0.05275072
0.0527734
0.05279608
0.05281876
0.05284144
0.05286412
0.0528868
0.05290947
0.05293215
0.05295483
0.05297751
0.05300019
0.05302287
0.05304555
0.05306823
0.05309091
0.05311359
0.05313627
0.05315895
0.05318163
0.05320431
0.05322699
0.05324967
0.05327235
0.05329503
0.05331771
0.05334039
0.05336307
0.05338575
0.05340843
0.0534311
0.05345378
0.05347646
0.05349914
0.05352182
0.0535445
0.05356718
0.05358986
0.05361254
0.05363522
0.0536579
0.05368058
0.05370326
0.05372594
0.05374862
0.0537713
0.05379398
0.05381666
0.05383934
0.05386202
0.0538847
0.05390738
0.05393006
0.05395273
0.05397541
0.05399809
0.05402077
0.05404345
0.05406613
0.05408881
0.05411149
0.05413417
0.05415685
0.05417953
0.05420221
0.05422489
0.05424757
0.05427025
0.05429293
0.05431561
0.05433829
0.05436097
0.05438365
0.05440633
0.05442901
0.05445169
0.05447436
0.05449704
0.05451972
0.0545424
0.05456508
0.05458776
0.05461044
0.05463312
0.0546558
0.05467848
0.05470116
0.05472384
0.05474652
0.0547692
0.05479188
0.05481456
0.05483724
0.05485992
0.0548826
0.05490528
0.05492796
0.05495064
0.05497332
0.054996
0.05501867
0.05504135
0.05506403
0.05508671
0.05510939
0.05513207
0.05515475
0.05517743
0.05520011
0.05522279
0.05524547
0.05526815
0.05529083
0.05531351
0.05533619
0.05535887
0.05538155
0.05540423
0.05542691
0.05544959
0.05547227
0.05549495
0.05551763
0.0555403
0.05556298
0.05558566
0.05560834
0.05563102
0.0556537
0.05567638
0.05569906
0.05572174
0.05574442
0.0557671
0.05578978
0.05581246
0.05583514
0.05585782
0.0558805
0.05590318
0.05592586
0.05594854
0.05597122
0.0559939
0.05601658
0.05603926
0.05606193
0.05608461
0.05610729
0.05612997
0.05615265
0.05617533
0.05619801
0.05622069
0.05624337
0.05626605
0.05628873
0.05631141
0.05633409
0.05635677
0.05637945
0.05640213
0.05642481
0.05644749
0.05647017
0.05649285
0.05651553
0.05653821
0.05656089
0.05658356
0.05660624
0.05662892
0.0566516
0.05667428
0.05669696
0.05671964
0.05674232
0.056765
0.05678768
0.05681036
0.05683304
0.05685572
0.0568784
0.05690108
0.05692376
0.05694644
0.05696912
0.0569918
0.05701448
0.05703716
0.05705984
0.05708252
0.05710519
0.05712787
0.05715055
0.05717323
0.05719591
0.05721859
0.05724127
0.05726395
0.05728663
0.05730931
0.05733199
0.05735467
0.05737735
0.05740003
0.05742271
0.05744539
0.05746807
0.05749075
0.05751343
0.05753611
0.05755879
0.05758147
0.05760415
0.05762682
0.0576495
0.05767218
0.05769486
0.05771754
0.05774022
0.0577629
0.05778558
0.05780826
0.05783094
0.05785362
0.0578763
0.05789898
0.05792166
0.05794434
0.05796702
0.0579897
0.05801238
0.05803506
0.05805774
0.05808042
0.0581031
0.05812578
0.05814845
0.05817113
0.05819381
0.05821649
0.05823917
0.05826185
0.05828453
0.05830721
0.05832989
0.05835257
0.05837525
0.05839793
0.05842061
0.05844329
0.05846597
0.05848865
0.05851133
0.05853401
0.05855669
0.05857937
0.05860205
0.05862473
0.05864741
0.05867008
0.05869276
0.05871544
0.05873812
0.0587608
0.05878348
0.05880616
0.05882884
0.05885152
0.0588742
0.05889688
0.05891956
0.05894224
0.05896492
0.0589876
0.05901028
0.05903296
0.05905564
0.05907832
0.059101
0.05912368
0.05914636
0.05916904
0.05919171
0.05921439
0.05923707
0.05925975
0.05928243
0.05930511
0.05932779
0.05935047
0.05937315
0.05939583
0.05941851
0.05944119
0.05946387
0.05948655
0.05950923
0.05953191
0.05955459
0.05957727
0.05959995
0.05962263
0.05964531
0.05966799
0.05969067
0.05971335
0.05973602
0.0597587
0.05978138
0.05980406
0.05982674
0.05984942
0.0598721
0.05989478
0.05991746
0.05994014
0.05996282
0.0599855
0.06000818
0.06003086
0.06005354
0.06007622
0.0600989
0.06012158
0.06014426
0.06016694
0.06018962
0.0602123
0.06023498
0.06025765
0.06028033
0.06030301
0.06032569
0.06034837
0.06037105
0.06039373
0.06041641
0.06043909
0.06046177
0.06048445
0.06050713
0.06052981
0.06055249
0.06057517
0.06059785
0.06062053
0.06064321
0.06066589
0.06068857
0.06071125
0.06073393
0.06075661
0.06077928
0.06080196
0.06082464
0.06084732
0.06087
0.06089268
0.06091536
0.06093804
0.06096072
0.0609834
0.06100608
0.06102876
0.06105144
0.06107412
0.0610968
0.06111948
0.06114216
0.06116484
0.06118752
0.0612102
0.06123288
0.06125556
0.06127824
0.06130091
0.06132359
0.06134627
0.06136895
0.06139163
0.06141431
0.06143699
0.06145967
0.06148235
0.06150503
0.06152771
0.06155039
0.06157307
0.06159575
0.06161843
0.06164111
0.06166379
0.06168647
0.06170915
0.06173183
0.06175451
0.06177719
0.06179987
0.06182254
0.06184522
0.0618679
0.06189058
0.06191326
0.06193594
0.06195862
0.0619813
0.06200398
0.06202666
0.06204934
0.06207202
0.0620947
0.06211738
0.06214006
0.06216274
0.06218542
0.0622081
0.06223078
0.06225346
0.06227614
0.06229882
0.0623215
0.06234417
0.06236685
0.06238953
0.06241221
0.06243489
0.06245757
0.06248025
0.06250293
0.06252561
0.06254829
0.06257097
0.06259365
0.06261633
0.06263901
0.06266169
0.06268436
0.06270704
0.06272972
0.0627524
0.06277508
0.06279776
0.06282044
0.06284312
0.0628658
0.06288848
0.06291116
0.06293384
0.06295652
0.0629792
0.06300188
0.06302456
0.06304724
0.06306992
0.0630926
0.06311528
0.06313796
0.06316064
0.06318332
0.06320599
0.06322867
0.06325135
0.06327403
0.06329671
0.06331939
0.06334207
0.06336475
0.06338743
0.06341011
0.06343279
0.06345547
0.06347815
0.06350083
0.06352351
0.06354619
0.06356887
0.06359155
0.06361423
0.06363691
0.06365959
0.06368227
0.06370495
0.06372762
0.0637503
0.06377298
0.06379566
0.06381834
0.06384102
0.0638637
0.06388638
0.06390906
0.06393174
0.06395442
0.0639771
0.06399978
0.06402246
0.06404514
0.06406782
0.0640905
0.06411318
0.06413586
0.06415854
0.06418122
0.0642039
0.06422658
0.06424925
0.06427193
0.06429461
0.06431729
0.06433997
0.06436265
0.06438533
0.06440801
0.06443069
0.06445337
0.06447605
0.06449873
0.06452141
0.06454409
0.06456677
0.06458945
0.06461213
0.06463481
0.06465749
0.06468017
0.06470285
0.06472553
0.06474821
0.06477088
0.06479356
0.06481624
0.06483892
0.0648616
0.06488428
0.06490696
0.06492964
0.06495232
0.064975
0.06499768
0.06502036
0.06504304
0.06506572
0.0650884
0.06511108
0.06513376
0.06515644
0.06517912
0.0652018
0.06522448
0.06524716
0.06526984
0.06529251
0.06531519
0.06533787
0.06536055
0.06538323
0.06540591
0.06542859
0.06545127
0.06547395
0.06549663
0.06551931
0.06554199
0.06556467
0.06558735
0.06561003
0.06563271
0.06565539
0.06567807
0.06570075
0.06572343
0.06574611
0.06576879
0.06579147
0.06581414
0.06583682
0.0658595
0.06588218
0.06590486
0.06592754
0.06595022
0.0659729
0.06599558
0.06601826
0.06604094
0.06606362
0.0660863
0.06610898
0.06613166
0.06615434
0.06617702
0.0661997
0.06622238
0.06624506
0.06626774
0.06629042
0.0663131
0.06633577
0.06635845
0.06638113
0.06640381
0.06642649
0.06644917
0.06647185
0.06649453
0.06651721
0.06653989
0.06656257
0.06658525
0.06660793
0.06663061
0.06665329
0.06667597
0.06669865
0.06672133
0.06674401
0.06676669
0.06678937
0.06681205
0.06683473
0.06685741
0.06688008
0.06690276
0.06692544
0.06694812
0.0669708
0.06699348
0.06701616
0.06703884
0.06706152
0.0670842
0.06710688
0.06712956
0.06715224
0.06717492
0.0671976
0.06722028
0.06724296
0.06726564
0.06728832
0.067311
0.06733368
0.06735636
0.06737904
0.06740171
0.06742439
0.06744707
0.06746975
0.06749243
0.06751511
0.06753779
0.06756047
0.06758315
0.06760583
0.06762851
0.06765119
0.06767387
0.06769655
0.06771923
0.06774191
0.06776459
0.06778727
0.06780995
0.06783263
0.06785531
0.06787799
0.06790067
0.06792334
0.06794602
0.0679687
0.06799138
0.06801406
0.06803674
0.06805942
0.0680821
0.06810478
0.06812746
0.06815014
0.06817282
0.0681955
0.06821818
0.06824086
0.06826354
0.06828622
0.0683089
0.06833158
0.06835426
0.06837694
0.06839962
0.0684223
0.06844497
0.06846765
0.06849033
0.06851301
0.06853569
0.06855837
0.06858105
0.06860373
0.06862641
0.06864909
0.06867177
0.06869445
0.06871713
0.06873981
0.06876249
0.06878517
0.06880785
0.06883053
0.06885321
0.06887589
0.06889857
0.06892125
0.06894393
0.0689666
0.06898928
0.06901196
0.06903464
0.06905732
0.06908
0.06910268
0.06912536
0.06914804
0.06917072
0.0691934
0.06921608
0.06923876
0.06926144
0.06928412
0.0693068
0.06932948
0.06935216
0.06937484
0.06939752
0.0694202
0.06944288
0.06946556
0.06948823
0.06951091
0.06953359
0.06955627
0.06957895
0.06960163
0.06962431
0.06964699
0.06966967
0.06969235
0.06971503
0.06973771
0.06976039
0.06978307
0.06980575
0.06982843
0.06985111
0.06987379
0.06989647
0.06991915
0.06994183
0.06996451
0.06998719
0.07000986
0.07003254
0.07005522
0.0700779
0.07010058
0.07012326
0.07014594
0.07016862
0.0701913
0.07021398
0.07023666
0.07025934
0.07028202
0.0703047
0.07032738
0.07035006
0.07037274
0.07039542
0.0704181
0.07044078
0.07046346
0.07048614
0.07050882
0.07053149
0.07055417
0.07057685
0.07059953
0.07062221
0.07064489
0.07066757
0.07069025
0.07071293
0.07073561
0.07075829
0.07078097
0.07080365
0.07082633
0.07084901
0.07087169
0.07089437
0.07091705
0.07093973
0.07096241
0.07098509
0.07100777
0.07103045
0.07105312
0.0710758
0.07109848
0.07112116
0.07114384
0.07116652
0.0711892
0.07121188
0.07123456
0.07125724
0.07127992
0.0713026
0.07132528
0.07134796
0.07137064
0.07139332
0.071416
0.07143868
0.07146136
0.07148404
0.07150672
0.0715294
0.07155208
0.07157476
0.07159743
0.07162011
0.07164279
0.07166547
0.07168815
0.07171083
0.07173351
0.07175619
0.07177887
0.07180155
0.07182423
0.07184691
0.07186959
0.07189227
0.07191495
0.07193763
0.07196031
0.07198299
0.07200567
0.07202835
0.07205103
0.07207371
0.07209639
0.07211906
0.07214174
0.07216442
0.0721871
0.07220978
0.07223246
0.07225514
0.07227782
0.0723005
0.07232318
0.07234586
0.07236854
0.07239122
0.0724139
0.07243658
0.07245926
0.07248194
0.07250462
0.0725273
0.07254998
0.07257266
0.07259534
0.07261802
0.07264069
0.07266337
0.07268605
0.07270873
0.07273141
0.07275409
0.07277677
0.07279945
0.07282213
0.07284481
0.07286749
0.07289017
0.07291285
0.07293553
0.07295821
0.07298089
0.07300357
0.07302625
0.07304893
0.07307161
0.07309429
0.07311697
0.07313965
0.07316232
0.073185
0.07320768
0.07323036
0.07325304
0.07327572
0.0732984
0.07332108
0.07334376
0.07336644
0.07338912
0.0734118
0.07343448
0.07345716
0.07347984
0.07350252
0.0735252
0.07354788
0.07357056
0.07359324
0.07361592
0.0736386
0.07366128
0.07368395
0.07370663
0.07372931
0.07375199
0.07377467
0.07379735
0.07382003
0.07384271
0.07386539
0.07388807
0.07391075
0.07393343
0.07395611
0.07397879
0.07400147
0.07402415
0.07404683
0.07406951
0.07409219
0.07411487
0.07413755
0.07416023
0.07418291
0.07420558
0.07422826
0.07425094
0.07427362
0.0742963
0.07431898
0.07434166
0.07436434
0.07438702
0.0744097
0.07443238
0.07445506
0.07447774
0.07450042
0.0745231
0.07454578
0.07456846
0.07459114
0.07461382
0.0746365
0.07465918
0.07468186
0.07470454
0.07472721
0.07474989
0.07477257
0.07479525
0.07481793
0.07484061
0.07486329
0.07488597
0.07490865
0.07493133
0.07495401
0.07497669
0.07499937
0.07502205
0.07504473
0.07506741
0.07509009
0.07511277
0.07513545
0.07515813
0.07518081
0.07520349
0.07522617
0.07524884
0.07527152
0.0752942
0.07531688
0.07533956
0.07536224
0.07538492
0.0754076
0.07543028
0.07545296
0.07547564
0.07549832
0.075521
0.07554368
0.07556636
0.07558904
0.07561172
0.0756344
0.07565708
0.07567976
0.07570244
0.07572512
0.0757478
0.07577047
0.07579315
0.07581583
0.07583851
0.07586119
0.07588387
0.07590655
0.07592923
0.07595191
0.07597459
0.07599727
0.07601995
0.07604263
0.07606531
0.07608799
0.07611067
0.07613335
0.07615603
0.07617871
0.07620139
0.07622407
0.07624675
0.07626943
0.07629211
0.07631478
0.07633746
0.07636014
0.07638282
0.0764055
0.07642818
0.07645086
0.07647354
0.07649622
0.0765189
0.07654158
0.07656426
0.07658694
0.07660962
0.0766323
0.07665498
0.07667766
0.07670034
0.07672302
0.0767457
0.07676838
0.07679106
0.07681374
0.07683641
0.07685909
0.07688177
0.07690445
0.07692713
0.07694981
0.07697249
0.07699517
0.07701785
0.07704053
0.07706321
0.07708589
0.07710857
0.07713125
0.07715393
0.07717661
0.07719929
0.07722197
0.07724465
0.07726733
0.07729001
0.07731269
0.07733537
0.07735804
0.07738072
0.0774034
0.07742608
0.07744876
0.07747144
0.07749412
0.0775168
0.07753948
0.07756216
0.07758484
0.07760752
0.0776302
0.07765288
0.07767556
0.07769824
0.07772092
0.0777436
0.07776628
0.07778896
0.07781164
0.07783432
0.077857
0.07787967
0.07790235
0.07792503
0.07794771
0.07797039
0.07799307
0.07801575
0.07803843
0.07806111
0.07808379
0.07810647
0.07812915
0.07815183
0.07817451
0.07819719
0.07821987
0.07824255
0.07826523
0.07828791
0.07831059
0.07833327
0.07835595
0.07837863
0.0784013
0.07842398
0.07844666
0.07846934
0.07849202
0.0785147
0.07853738
0.07856006
0.07858274
0.07860542
0.0786281
0.07865078
0.07867346
0.07869614
0.07871882
0.0787415
0.07876418
0.07878686
0.07880954
0.07883222
0.0788549
0.07887758
0.07890026
0.07892293
0.07894561
0.07896829
0.07899097
0.07901365
0.07903633
0.07905901
0.07908169
0.07910437
0.07912705
0.07914973
0.07917241
0.07919509
0.07921777
0.07924045
0.07926313
0.07928581
0.07930849
0.07933117
0.07935385
0.07937653
0.07939921
0.07942189
0.07944456
0.07946724
0.07948992
0.0795126
0.07953528
0.07955796
0.07958064
0.07960332
0.079626
0.07964868
0.07967136
0.07969404
0.07971672
0.0797394
0.07976208
0.07978476
0.07980744
0.07983012
0.0798528
0.07987548
0.07989816
0.07992084
0.07994352
0.07996619
0.07998887
0.08001155
0.08003423
0.08005691
0.08007959
0.08010227
0.08012495
0.08014763
0.08017031
0.08019299
0.08021567
0.08023835
0.08026103
0.08028371
0.08030639
0.08032907
0.08035175
0.08037443
0.08039711
0.08041979
0.08044247
0.08046515
0.08048782
0.0805105
0.08053318
0.08055586
0.08057854
0.08060122
0.0806239
0.08064658
0.08066926
0.08069194
0.08071462
0.0807373
0.08075998
0.08078266
0.08080534
0.08082802
0.0808507
0.08087338
0.08089606
0.08091874
0.08094142
0.0809641
0.08098678
0.08100946
0.08103213
0.08105481
0.08107749
0.08110017
0.08112285
0.08114553
0.08116821
0.08119089
0.08121357
0.08123625
0.08125893
0.08128161
0.08130429
0.08132697
0.08134965
0.08137233
0.08139501
0.08141769
0.08144037
0.08146305
0.08148573
0.08150841
0.08153109
0.08155376
0.08157644
0.08159912
0.0816218
0.08164448
0.08166716
0.08168984
0.08171252
0.0817352
0.08175788
0.08178056
0.08180324
0.08182592
0.0818486
0.08187128
0.08189396
0.08191664
0.08193932
0.081962
0.08198468
0.08200736
0.08203004
0.08205272
0.08207539
0.08209807
0.08212075
0.08214343
0.08216611
0.08218879
0.08221147
0.08223415
0.08225683
0.08227951
0.08230219
0.08232487
0.08234755
0.08237023
0.08239291
0.08241559
0.08243827
0.08246095
0.08248363
0.08250631
0.08252899
0.08255167
0.08257435
0.08259702
0.0826197
0.08264238
0.08266506
0.08268774
0.08271042
0.0827331
0.08275578
0.08277846
0.08280114
0.08282382
0.0828465
0.08286918
0.08289186
0.08291454
0.08293722
0.0829599
0.08298258
0.08300526
0.08302794
0.08305062
0.0830733
0.08309598
0.08311865
0.08314133
0.08316401
0.08318669
0.08320937
0.08323205
0.08325473
0.08327741
0.08330009
0.08332277
0.08334545
0.08336813
0.08339081
0.08341349
0.08343617
0.08345885
0.08348153
0.08350421
0.08352689
0.08354957
0.08357225
0.08359493
0.08361761
0.08364028
0.08366296
0.08368564
0.08370832
0.083731
0.08375368
0.08377636
0.08379904
0.08382172
0.0838444
0.08386708
0.08388976
0.08391244
0.08393512
0.0839578
0.08398048
0.08400316
0.08402584
0.08404852
0.0840712
0.08409388
0.08411656
0.08413924
0.08416191
0.08418459
0.08420727
0.08422995
0.08425263
0.08427531
0.08429799
0.08432067
0.08434335
0.08436603
0.08438871
0.08441139
0.08443407
0.08445675
0.08447943
0.08450211
0.08452479
0.08454747
0.08457015
0.08459283
0.08461551
0.08463819
0.08466087
0.08468354
0.08470622
0.0847289
0.08475158
0.08477426
0.08479694
0.08481962
0.0848423
0.08486498
0.08488766
0.08491034
0.08493302
0.0849557
0.08497838
0.08500106
0.08502374
0.08504642
0.0850691
0.08509178
0.08511446
0.08513714
0.08515982
0.0851825
0.08520517
0.08522785
0.08525053
0.08527321
0.08529589
0.08531857
0.08534125
0.08536393
0.08538661
0.08540929
0.08543197
0.08545465
0.08547733
0.08550001
0.08552269
0.08554537
0.08556805
0.08559073
0.08561341
0.08563609
0.08565877
0.08568145
0.08570413
0.08572681
0.08574948
0.08577216
0.08579484
0.08581752
0.0858402
0.08586288
0.08588556
0.08590824
0.08593092
0.0859536
0.08597628
0.08599896
0.08602164
0.08604432
0.086067
0.08608968
0.08611236
0.08613504
0.08615772
0.0861804
0.08620308
0.08622576
0.08624844
0.08627111
0.08629379
0.08631647
0.08633915
0.08636183
0.08638451
0.08640719
0.08642987
0.08645255
0.08647523
0.08649791
0.08652059
0.08654327
0.08656595
0.08658863
0.08661131
0.08663399
0.08665667
0.08667935
0.08670203
0.08672471
0.08674739
0.08677007
0.08679274
0.08681542
0.0868381
0.08686078
0.08688346
0.08690614
0.08692882
0.0869515
0.08697418
0.08699686
0.08701954
0.08704222
0.0870649
0.08708758
0.08711026
0.08713294
0.08715562
0.0871783
0.08720098
0.08722366
0.08724634
0.08726902
0.0872917
0.08731437
0.08733705
0.08735973
0.08738241
0.08740509
0.08742777
0.08745045
0.08747313
0.08749581
0.08751849
0.08754117
0.08756385
0.08758653
0.08760921
0.08763189
0.08765457
0.08767725
0.08769993
0.08772261
0.08774529
0.08776797
0.08779065
0.08781333
0.087836
0.08785868
0.08788136
0.08790404
0.08792672
0.0879494
0.08797208
0.08799476
0.08801744
0.08804012
0.0880628
0.08808548
0.08810816
0.08813084
0.08815352
0.0881762
0.08819888
0.08822156
0.08824424
0.08826692
0.0882896
0.08831228
0.08833496
0.08835763
0.08838031
0.08840299
0.08842567
0.08844835
0.08847103
0.08849371
0.08851639
0.08853907
0.08856175
0.08858443
0.08860711
0.08862979
0.08865247
0.08867515
0.08869783
0.08872051
0.08874319
0.08876587
0.08878855
0.08881123
0.08883391
0.08885659
0.08887926
0.08890194
0.08892462
0.0889473
0.08896998
0.08899266
0.08901534
0.08903802
0.0890607
0.08908338
0.08910606
0.08912874
0.08915142
0.0891741
0.08919678
0.08921946
0.08924214
0.08926482
0.0892875
0.08931018
0.08933286
0.08935554
0.08937822
0.08940089
0.08942357
0.08944625
0.08946893
0.08949161
0.08951429
0.08953697
0.08955965
0.08958233
0.08960501
0.08962769
0.08965037
0.08967305
0.08969573
0.08971841
0.08974109
0.08976377
0.08978645
0.08980913
0.08983181
0.08985449
0.08987717
0.08989985
0.08992252
0.0899452
0.08996788
0.08999056
0.09001324
0.09003592
0.0900586
0.09008128
0.09010396
0.09012664
0.09014932
0.090172
0.09019468
0.09021736
0.09024004
0.09026272
0.0902854
0.09030808
0.09033076
0.09035344
0.09037612
0.0903988
0.09042148
0.09044416
0.09046683
0.09048951
0.09051219
0.09053487
0.09055755
0.09058023
0.09060291
0.09062559
0.09064827
0.09067095
0.09069363
0.09071631
0.09073899
0.09076167
0.09078435
0.09080703
0.09082971
0.09085239
0.09087507
0.09089775
0.09092043
0.09094311
0.09096579
0.09098846
0.09101114
0.09103382
0.0910565
0.09107918
0.09110186
0.09112454
0.09114722
0.0911699
0.09119258
0.09121526
0.09123794
0.09126062
0.0912833
0.09130598
0.09132866
0.09135134
0.09137402
0.0913967
0.09141938
0.09144206
0.09146474
0.09148742
0.09151009
0.09153277
0.09155545
0.09157813
0.09160081
0.09162349
0.09164617
0.09166885
0.09169153
0.09171421
0.09173689
0.09175957
0.09178225
0.09180493
0.09182761
0.09185029
0.09187297
0.09189565
0.09191833
0.09194101
0.09196369
0.09198637
0.09200905
0.09203172
0.0920544
0.09207708
0.09209976
0.09212244
0.09214512
0.0921678
0.09219048
0.09221316
0.09223584
0.09225852
0.0922812
0.09230388
0.09232656
0.09234924
0.09237192
0.0923946
0.09241728
0.09243996
0.09246264
0.09248532
0.092508
0.09253068
0.09255335
0.09257603
0.09259871
0.09262139
0.09264407
0.09266675
0.09268943
0.09271211
0.09273479
0.09275747
0.09278015
0.09280283
0.09282551
0.09284819
0.09287087
0.09289355
0.09291623
0.09293891
0.09296159
0.09298427
0.09300695
0.09302963
0.09305231
0.09307498
0.09309766
0.09312034
0.09314302
0.0931657
0.09318838
0.09321106
0.09323374
0.09325642
0.0932791
0.09330178
0.09332446
0.09334714
0.09336982
0.0933925
0.09341518
0.09343786
0.09346054
0.09348322
0.0935059
0.09352858
0.09355126
0.09357394
0.09359661
0.09361929
0.09364197
0.09366465
0.09368733
0.09371001
0.09373269
0.09375537
0.09377805
0.09380073
0.09382341
0.09384609
0.09386877
0.09389145
0.09391413
0.09393681
0.09395949
0.09398217
0.09400485
0.09402753
0.09405021
0.09407289
0.09409557
0.09411824
0.09414092
0.0941636
0.09418628
0.09420896
0.09423164
0.09425432
0.094277
0.09429968
0.09432236
0.09434504
0.09436772
0.0943904
0.09441308
0.09443576
0.09445844
0.09448112
0.0945038
0.09452648
0.09454916
0.09457184
0.09459452
0.0946172
0.09463987
0.09466255
0.09468523
0.09470791
0.09473059
0.09475327
0.09477595
0.09479863
0.09482131
0.09484399
0.09486667
0.09488935
0.09491203
0.09493471
0.09495739
0.09498007
0.09500275
0.09502543
0.09504811
0.09507079
0.09509347
0.09511615
0.09513883
0.09516151
0.09518418
0.09520686
0.09522954
0.09525222
0.0952749
0.09529758
0.09532026
0.09534294
0.09536562
0.0953883
0.09541098
0.09543366
0.09545634
0.09547902
0.0955017
0.09552438
0.09554706
0.09556974
0.09559242
0.0956151
0.09563778
0.09566046
0.09568314
0.09570581
0.09572849
0.09575117
0.09577385
0.09579653
0.09581921
0.09584189
0.09586457
0.09588725
0.09590993
0.09593261
0.09595529
0.09597797
0.09600065
0.09602333
0.09604601
0.09606869
0.09609137
0.09611405
0.09613673
0.09615941
0.09618209
0.09620477
0.09622744
0.09625012
0.0962728
0.09629548
0.09631816
0.09634084
0.09636352
0.0963862
0.09640888
0.09643156
0.09645424
0.09647692
0.0964996
0.09652228
0.09654496
0.09656764
0.09659032
0.096613
0.09663568
0.09665836
0.09668104
0.09670372
0.0967264
0.09674907
0.09677175
0.09679443
0.09681711
0.09683979
0.09686247
0.09688515
0.09690783
0.09693051
0.09695319
0.09697587
0.09699855
0.09702123
0.09704391
0.09706659
0.09708927
0.09711195
0.09713463
0.09715731
0.09717999
0.09720267
0.09722535
0.09724803
0.0972707
0.09729338
0.09731606
0.09733874
0.09736142
0.0973841
0.09740678
0.09742946
0.09745214
0.09747482
0.0974975
0.09752018
0.09754286
0.09756554
0.09758822
0.0976109
0.09763358
0.09765626
0.09767894
0.09770162
0.0977243
0.09774698
0.09776966
0.09779233
0.09781501
0.09783769
0.09786037
0.09788305
0.09790573
0.09792841
0.09795109
0.09797377
0.09799645
0.09801913
0.09804181
0.09806449
0.09808717
0.09810985
0.09813253
0.09815521
0.09817789
0.09820057
0.09822325
0.09824593
0.09826861
0.09829129
0.09831396
0.09833664
0.09835932
0.098382
0.09840468
0.09842736
0.09845004
0.09847272
0.0984954
0.09851808
0.09854076
0.09856344
0.09858612
0.0986088
0.09863148
0.09865416
0.09867684
0.09869952
0.0987222
0.09874488
0.09876756
0.09879024
0.09881292
0.09883559
0.09885827
0.09888095
0.09890363
0.09892631
0.09894899
0.09897167
0.09899435
0.09901703
0.09903971
0.09906239
0.09908507
0.09910775
0.09913043
0.09915311
0.09917579
0.09919847
0.09922115
0.09924383
0.09926651
0.09928919
0.09931187
0.09933455
0.09935723
0.0993799
0.09940258
0.09942526
0.09944794
0.09947062
0.0994933
0.09951598
0.09953866
0.09956134
0.09958402
0.0996067
0.09962938
0.09965206
0.09967474
0.09969742
0.0997201
0.09974278
0.09976546
0.09978814
0.09981082
0.0998335
0.09985618
0.09987886
0.09990153
0.09992421
0.09994689
0.09996957
0.09999225
0.1000149
0.1000376
0.1000603
0.100083
0.1001057
0.1001283
0.100151
0.1001737
0.1001964
0.100219
0.1002417
0.1002644
0.1002871
0.1003098
0.1003324
0.1003551
0.1003778
0.1004005
0.1004232
0.1004458
0.1004685
0.1004912
0.1005139
0.1005366
0.1005592
0.1005819
0.1006046
0.1006273
0.10065
0.1006726
0.1006953
0.100718
0.1007407
0.1007634
0.100786
0.1008087
0.1008314
0.1008541
0.1008768
0.1008994
0.1009221
0.1009448
0.1009675
0.1009902
0.1010128
0.1010355
0.1010582
0.1010809
0.1011036
0.1011262
0.1011489
0.1011716
0.1011943
0.1012169
0.1012396
0.1012623
0.101285
0.1013077
0.1013303
0.101353
0.1013757
0.1013984
0.1014211
0.1014437
0.1014664
0.1014891
0.1015118
0.1015345
0.1015571
0.1015798
0.1016025
0.1016252
0.1016479
0.1016705
0.1016932
0.1017159
0.1017386
0.1017613
0.1017839
0.1018066
0.1018293
0.101852
0.1018747
0.1018973
0.10192
0.1019427
0.1019654
0.1019881
0.1020107
0.1020334
0.1020561
0.1020788
0.1021015
0.1021241
0.1021468
0.1021695
0.1021922
0.1022149
0.1022375
0.1022602
0.1022829
0.1023056
0.1023282
0.1023509
0.1023736
0.1023963
0.102419
0.1024416
0.1024643
0.102487
0.1025097
0.1025324
0.102555
0.1025777
0.1026004
0.1026231
0.1026458
0.1026684
0.1026911
0.1027138
0.1027365
0.1027592
0.1027818
0.1028045
0.1028272
0.1028499
0.1028726
0.1028952
0.1029179
0.1029406
0.1029633
0.102986
0.1030086
0.1030313
0.103054
0.1030767
0.1030994
0.103122
0.1031447
0.1031674
0.1031901
0.1032128
0.1032354
0.1032581
0.1032808
0.1033035
0.1033261
0.1033488
0.1033715
0.1033942
0.1034169
0.1034395
0.1034622
0.1034849
0.1035076
0.1035303
0.1035529
0.1035756
0.1035983
0.103621
0.1036437
0.1036663
0.103689
0.1037117
0.1037344
0.1037571
0.1037797
0.1038024
0.1038251
0.1038478
0.1038705
0.1038931
0.1039158
0.1039385
0.1039612
0.1039839
0.1040065
0.1040292
0.1040519
0.1040746
0.1040973
0.1041199
0.1041426
0.1041653
0.104188
0.1042107
0.1042333
0.104256
0.1042787
0.1043014
0.1043241
0.1043467
0.1043694
0.1043921
0.1044148
0.1044374
0.1044601
0.1044828
0.1045055
0.1045282
0.1045508
0.1045735
0.1045962
0.1046189
0.1046416
0.1046642
0.1046869
0.1047096
0.1047323
0.104755
0.1047776
0.1048003
0.104823
0.1048457
0.1048684
0.104891
0.1049137
0.1049364
0.1049591
0.1049818
0.1050044
0.1050271
0.1050498
0.1050725
0.1050952
0.1051178
0.1051405
0.1051632
0.1051859
0.1052086
0.1052312
0.1052539
0.1052766
0.1052993
0.105322
0.1053446
0.1053673
0.10539
0.1054127
0.1054353
0.105458
0.1054807
0.1055034
0.1055261
0.1055487
0.1055714
0.1055941
0.1056168
0.1056395
0.1056621
0.1056848
0.1057075
0.1057302
0.1057529
0.1057755
0.1057982
0.1058209
0.1058436
0.1058663
0.1058889
0.1059116
0.1059343
0.105957
0.1059797
0.1060023
0.106025
0.1060477
0.1060704
0.1060931
0.1061157
0.1061384
0.1061611
0.1061838
0.1062065
0.1062291
0.1062518
0.1062745
0.1062972
0.1063199
0.1063425
0.1063652
0.1063879
0.1064106
0.1064333
0.1064559
0.1064786
0.1065013
0.106524
0.1065466
0.1065693
0.106592
0.1066147
0.1066374
0.10666
0.1066827
0.1067054
0.1067281
0.1067508
0.1067734
0.1067961
0.1068188
0.1068415
0.1068642
0.1068868
0.1069095
0.1069322
0.1069549
0.1069776
0.1070002
0.1070229
0.1070456
0.1070683
0.107091
0.1071136
0.1071363
0.107159
0.1071817
0.1072044
0.107227
0.1072497
0.1072724
0.1072951
0.1073178
0.1073404
0.1073631
0.1073858
0.1074085
0.1074312
0.1074538
0.1074765
0.1074992
0.1075219
0.1075445
0.1075672
0.1075899
0.1076126
0.1076353
0.1076579
0.1076806
0.1077033
0.107726
0.1077487
0.1077713
0.107794
0.1078167
0.1078394
0.1078621
0.1078847
0.1079074
0.1079301
0.1079528
0.1079755
0.1079981
0.1080208
0.1080435
0.1080662
0.1080889
0.1081115
0.1081342
0.1081569
0.1081796
0.1082023
0.1082249
0.1082476
0.1082703
0.108293
0.1083157
0.1083383
0.108361
0.1083837
0.1084064
0.1084291
0.1084517
0.1084744
0.1084971
0.1085198
0.1085424
0.1085651
0.1085878
0.1086105
0.1086332
0.1086558
0.1086785
0.1087012
0.1087239
0.1087466
0.1087692
0.1087919
0.1088146
0.1088373
0.10886
0.1088826
0.1089053
0.108928
0.1089507
0.1089734
0.108996
0.1090187
0.1090414
0.1090641
0.1090868
0.1091094
0.1091321
0.1091548
0.1091775
0.1092002
0.1092228
0.1092455
0.1092682
0.1092909
0.1093136
0.1093362
0.1093589
0.1093816
0.1094043
0.109427
0.1094496
0.1094723
0.109495
0.1095177
0.1095404
0.109563
0.1095857
0.1096084
0.1096311
0.1096537
0.1096764
0.1096991
0.1097218
0.1097445
0.1097671
0.1097898
0.1098125
0.1098352
0.1098579
0.1098805
0.1099032
0.1099259
0.1099486
0.1099713
0.1099939
0.1100166
0.1100393
0.110062
0.1100847
0.1101073
0.11013
0.1101527
0.1101754
0.1101981
0.1102207
0.1102434
0.1102661
0.1102888
0.1103115
0.1103341
0.1103568
0.1103795
0.1104022
0.1104249
0.1104475
0.1104702
0.1104929
0.1105156
0.1105383
0.1105609
0.1105836
0.1106063
0.110629
0.1106516
0.1106743
0.110697
0.1107197
0.1107424
0.110765
0.1107877
0.1108104
0.1108331
0.1108558
0.1108784
0.1109011
0.1109238
0.1109465
0.1109692
0.1109918
0.1110145
0.1110372
0.1110599
0.1110826
0.1111052
0.1111279
0.1111506
0.1111733
0.111196
0.1112186
0.1112413
0.111264
0.1112867
0.1113094
0.111332
0.1113547
0.1113774
0.1114001
0.1114228
0.1114454
0.1114681
0.1114908
0.1115135
0.1115362
0.1115588
0.1115815
0.1116042
0.1116269
0.1116496
0.1116722
0.1116949
0.1117176
0.1117403
0.1117629
0.1117856
0.1118083
0.111831
0.1118537
0.1118763
0.111899
0.1119217
0.1119444
0.1119671
0.1119897
0.1120124
0.1120351
0.1120578
0.1120805
0.1121031
0.1121258
0.1121485
0.1121712
0.1121939
0.1122165
0.1122392
0.1122619
0.1122846
0.1123073
0.1123299
0.1123526
0.1123753
0.112398
0.1124207
0.1124433
0.112466
0.1124887
0.1125114
0.1125341
0.1125567
0.1125794
0.1126021
0.1126248
0.1126475
0.1126701
0.1126928
0.1127155
0.1127382
0.1127608
0.1127835
0.1128062
0.1128289
0.1128516
0.1128742
0.1128969
0.1129196
0.1129423
0.112965
0.1129876
0.1130103
0.113033
0.1130557
0.1130784
0.113101
0.1131237
0.1131464
0.1131691
0.1131918
0.1132144
0.1132371
0.1132598
0.1132825
0.1133052
0.1133278
0.1133505
0.1133732
0.1133959
0.1134186
0.1134412
0.1134639
0.1134866
0.1135093
0.113532
0.1135546
0.1135773
0.1136
0.1136227
0.1136454
0.113668
0.1136907
0.1137134
0.1137361
0.1137588
0.1137814
0.1138041
0.1138268
0.1138495
0.1138721
0.1138948
0.1139175
0.1139402
0.1139629
0.1139855
0.1140082
0.1140309
0.1140536
0.1140763
0.1140989
0.1141216
0.1141443
0.114167
0.1141897
0.1142123
0.114235
0.1142577
0.1142804
0.1143031
0.1143257
0.1143484
0.1143711
0.1143938
0.1144165
0.1144391
0.1144618
0.1144845
0.1145072
0.1145299
0.1145525
0.1145752
0.1145979
0.1146206
0.1146433
0.1146659
0.1146886
0.1147113
0.114734
0.1147567
0.1147793
0.114802
0.1148247
0.1148474
0.11487
0.1148927
0.1149154
0.1149381
0.1149608
0.1149834
0.1150061
0.1150288
0.1150515
0.1150742
0.1150968
0.1151195
0.1151422
0.1151649
0.1151876
0.1152102
0.1152329
0.1152556
0.1152783
0.115301
0.1153236
0.1153463
0.115369
0.1153917
0.1154144
0.115437
0.1154597
0.1154824
0.1155051
0.1155278
0.1155504
0.1155731
0.1155958
0.1156185
0.1156412
0.1156638
0.1156865
0.1157092
0.1157319
0.1157546
0.1157772
0.1157999
0.1158226
0.1158453
0.115868
0.1158906
0.1159133
0.115936
0.1159587
0.1159813
0.116004
0.1160267
0.1160494
0.1160721
0.1160947
0.1161174
0.1161401
0.1161628
0.1161855
0.1162081
0.1162308
0.1162535
0.1162762
0.1162989
0.1163215
0.1163442
0.1163669
0.1163896
0.1164123
0.1164349
0.1164576
0.1164803
0.116503
0.1165257
0.1165483
0.116571
0.1165937
0.1166164
0.1166391
0.1166617
0.1166844
0.1167071
0.1167298
0.1167525
0.1167751
0.1167978
0.1168205
0.1168432
0.1168659
0.1168885
0.1169112
0.1169339
0.1169566
0.1169792
0.1170019
0.1170246
0.1170473
0.11707
0.1170926
0.1171153
0.117138
0.1171607
0.1171834
0.117206
0.1172287
0.1172514
0.1172741
0.1172968
0.1173194
0.1173421
0.1173648
0.1173875
0.1174102
0.1174328
0.1174555
0.1174782
0.1175009
0.1175236
0.1175462
0.1175689
0.1175916
0.1176143
0.117637
0.1176596
0.1176823
0.117705
0.1177277
0.1177504
0.117773
0.1177957
0.1178184
0.1178411
0.1178638
0.1178864
0.1179091
0.1179318
0.1179545
0.1179771
0.1179998
0.1180225
0.1180452
0.1180679
0.1180905
0.1181132
0.1181359
0.1181586
0.1181813
0.1182039
0.1182266
0.1182493
0.118272
0.1182947
0.1183173
0.11834
0.1183627
0.1183854
0.1184081
0.1184307
0.1184534
0.1184761
0.1184988
0.1185215
0.1185441
0.1185668
0.1185895
0.1186122
0.1186349
0.1186575
0.1186802
0.1187029
0.1187256
0.1187483
0.1187709
0.1187936
0.1188163
0.118839
0.1188617
0.1188843
0.118907
0.1189297
0.1189524
0.1189751
0.1189977
0.1190204
0.1190431
0.1190658
0.1190884
0.1191111
0.1191338
0.1191565
0.1191792
0.1192018
0.1192245
0.1192472
0.1192699
0.1192926
0.1193152
0.1193379
0.1193606
0.1193833
0.119406
0.1194286
0.1194513
0.119474
0.1194967
0.1195194
0.119542
0.1195647
0.1195874
0.1196101
0.1196328
0.1196554
0.1196781
0.1197008
0.1197235
0.1197462
0.1197688
0.1197915
0.1198142
0.1198369
0.1198596
0.1198822
0.1199049
0.1199276
0.1199503
0.119973
0.1199956
0.1200183
0.120041
0.1200637
0.1200863
0.120109
0.1201317
0.1201544
0.1201771
0.1201997
0.1202224
0.1202451
0.1202678
0.1202905
0.1203131
0.1203358
0.1203585
0.1203812
0.1204039
0.1204265
0.1204492
0.1204719
0.1204946
0.1205173
0.1205399
0.1205626
0.1205853
0.120608
0.1206307
0.1206533
0.120676
0.1206987
0.1207214
0.1207441
0.1207667
0.1207894
0.1208121
0.1208348
0.1208575
0.1208801
0.1209028
0.1209255
0.1209482
0.1209709
0.1209935
0.1210162
0.1210389
0.1210616
0.1210843
0.1211069
0.1211296
0.1211523
0.121175
0.1211976
0.1212203
0.121243
0.1212657
0.1212884
0.121311
0.1213337
0.1213564
0.1213791
0.1214018
0.1214244
0.1214471
0.1214698
0.1214925
0.1215152
0.1215378
0.1215605
0.1215832
0.1216059
0.1216286
0.1216512
0.1216739
0.1216966
0.1217193
0.121742
0.1217646
0.1217873
0.12181
0.1218327
0.1218554
0.121878
0.1219007
0.1219234
0.1219461
0.1219688
0.1219914
0.1220141
0.1220368
0.1220595
0.1220822
0.1221048
0.1221275
0.1221502
0.1221729
0.1221955
0.1222182
0.1222409
0.1222636
0.1222863
0.1223089
0.1223316
0.1223543
0.122377
0.1223997
0.1224223
0.122445
0.1224677
0.1224904
0.1225131
0.1225357
0.1225584
0.1225811
0.1226038
0.1226265
0.1226491
0.1226718
0.1226945
0.1227172
0.1227399
0.1227625
0.1227852
0.1228079
0.1228306
0.1228533
0.1228759
0.1228986
0.1229213
0.122944
0.1229667
0.1229893
0.123012
0.1230347
0.1230574
0.1230801
0.1231027
0.1231254
0.1231481
0.1231708
0.1231935
0.1232161
0.1232388
0.1232615
0.1232842
0.1233068
0.1233295
0.1233522
0.1233749
0.1233976
0.1234202
0.1234429
0.1234656
0.1234883
0.123511
0.1235336
0.1235563
0.123579
0.1236017
0.1236244
0.123647
0.1236697
0.1236924
0.1237151
0.1237378
0.1237604
0.1237831
0.1238058
0.1238285
0.1238512
0.1238738
0.1238965
0.1239192
0.1239419
0.1239646
0.1239872
0.1240099
0.1240326
0.1240553
0.124078
0.1241006
0.1241233
0.124146
0.1241687
0.1241914
0.124214
0.1242367
0.1242594
0.1242821
0.1243047
0.1243274
0.1243501
0.1243728
0.1243955
0.1244181
0.1244408
0.1244635
0.1244862
0.1245089
0.1245315
0.1245542
0.1245769
0.1245996
0.1246223
0.1246449
0.1246676
0.1246903
0.124713
0.1247357
0.1247583
0.124781
0.1248037
0.1248264
0.1248491
0.1248717
0.1248944
0.1249171
0.1249398
0.1249625
0.1249851
0.1250078
0.1250305
0.1250532
0.1250758
0.1250985
0.1251212
0.1251439
0.1251666
0.1251892
0.1252119
0.1252346
0.1252573
0.12528
0.1253026
0.1253253
0.125348
0.1253707
0.1253934
0.125416
0.1254387
0.1254614
0.1254841
0.1255068
0.1255294
0.1255521
0.1255748
0.1255975
0.1256202
0.1256428
0.1256655
0.1256882
0.1257109
0.1257336
0.1257562
0.1257789
0.1258016
0.1258243
0.125847
0.1258696
0.1258923
0.125915
0.1259377
0.1259604
0.125983
0.1260057
0.1260284
0.1260511
0.1260737
0.1260964
0.1261191
0.1261418
0.1261645
0.1261871
0.1262098
0.1262325
0.1262552
0.1262779
0.1263005
0.1263232
0.1263459
0.1263686
0.1263913
0.1264139
0.1264366
0.1264593
0.126482
0.1265047
0.1265273
0.12655
0.1265727
0.1265954
0.1266181
0.1266407
0.1266634
0.1266861
0.1267088
0.1267315
0.1267541
0.1267768
0.1267995
0.1268222
0.1268449
0.1268675
0.1268902
0.1269129
0.1269356
0.1269583
0.1269809
0.1270036
0.1270263
0.127049
0.1270716
0.1270943
0.127117
0.1271397
0.1271624
0.127185
0.1272077
0.1272304
0.1272531
0.1272758
0.1272984
0.1273211
0.1273438
0.1273665
0.1273892
0.1274118
0.1274345
0.1274572
0.1274799
0.1275026
0.1275252
0.1275479
0.1275706
0.1275933
0.127616
0.1276386
0.1276613
0.127684
0.1277067
0.1277294
0.127752
0.1277747
0.1277974
0.1278201
0.1278428
0.1278654
0.1278881
0.1279108
0.1279335
0.1279562
0.1279788
0.1280015
0.1280242
0.1280469
0.1280695
0.1280922
0.1281149
0.1281376
0.1281603
0.1281829
0.1282056
0.1282283
0.128251
0.1282737
0.1282963
0.128319
0.1283417
0.1283644
0.1283871
0.1284097
0.1284324
0.1284551
0.1284778
0.1285005
0.1285231
0.1285458
0.1285685
0.1285912
0.1286139
0.1286365
0.1286592
0.1286819
0.1287046
0.1287273
0.1287499
0.1287726
0.1287953
0.128818
0.1288407
0.1288633
0.128886
0.1289087
0.1289314
0.1289541
0.1289767
0.1289994
0.1290221
0.1290448
0.1290675
0.1290901
0.1291128
0.1291355
0.1291582
0.1291808
0.1292035
0.1292262
0.1292489
0.1292716
0.1292942
0.1293169
0.1293396
0.1293623
0.129385
0.1294076
0.1294303
0.129453
0.1294757
0.1294984
0.129521
0.1295437
0.1295664
0.1295891
0.1296118
0.1296344
0.1296571
0.1296798
0.1297025
0.1297252
0.1297478
0.1297705
0.1297932
0.1298159
0.1298386
0.1298612
0.1298839
0.1299066
0.1299293
0.129952
0.1299746
0.1299973
0.13002
0.1300427
0.1300654
0.130088
0.1301107
0.1301334
0.1301561
0.1301787
0.1302014
0.1302241
0.1302468
0.1302695
0.1302921
0.1303148
0.1303375
0.1303602
0.1303829
0.1304055
0.1304282
0.1304509
0.1304736
0.1304963
0.1305189
0.1305416
0.1305643
0.130587
0.1306097
0.1306323
0.130655
0.1306777
0.1307004
0.1307231
0.1307457
0.1307684
0.1307911
0.1308138
0.1308365
0.1308591
0.1308818
0.1309045
0.1309272
0.1309499
0.1309725
0.1309952
0.1310179
0.1310406
0.1310633
0.1310859
0.1311086
0.1311313
0.131154
0.1311767
0.1311993
0.131222
0.1312447
0.1312674
0.13129
0.1313127
0.1313354
0.1313581
0.1313808
0.1314034
0.1314261
0.1314488
0.1314715
0.1314942
0.1315168
0.1315395
0.1315622
0.1315849
0.1316076
0.1316302
0.1316529
0.1316756
0.1316983
0.131721
0.1317436
0.1317663
0.131789
0.1318117
0.1318344
0.131857
0.1318797
0.1319024
0.1319251
0.1319478
0.1319704
0.1319931
0.1320158
0.1320385
0.1320612
0.1320838
0.1321065
0.1321292
0.1321519
0.1321746
0.1321972
0.1322199
0.1322426
0.1322653
0.1322879
0.1323106
0.1323333
0.132356
0.1323787
0.1324013
0.132424
0.1324467
0.1324694
0.1324921
0.1325147
0.1325374
0.1325601
0.1325828
0.1326055
0.1326281
0.1326508
0.1326735
0.1326962
0.1327189
0.1327415
0.1327642
0.1327869
0.1328096
0.1328323
0.1328549
0.1328776
0.1329003
0.132923
0.1329457
0.1329683
0.132991
0.1330137
0.1330364
0.1330591
0.1330817
0.1331044
0.1331271
0.1331498
0.1331725
0.1331951
0.1332178
0.1332405
0.1332632
0.1332859
0.1333085
0.1333312
0.1333539
0.1333766
0.1333992
0.1334219
0.1334446
0.1334673
0.13349
0.1335126
0.1335353
0.133558
0.1335807
0.1336034
0.133626
0.1336487
0.1336714
0.1336941
0.1337168
0.1337394
0.1337621
0.1337848
0.1338075
0.1338302
0.1338528
0.1338755
0.1338982
0.1339209
0.1339436
0.1339662
0.1339889
0.1340116
0.1340343
0.134057
0.1340796
0.1341023
0.134125
0.1341477
0.1341704
0.134193
0.1342157
0.1342384
0.1342611
0.1342838
0.1343064
0.1343291
0.1343518
0.1343745
0.1343971
0.1344198
0.1344425
0.1344652
0.1344879
0.1345105
0.1345332
0.1345559
0.1345786
0.1346013
0.1346239
0.1346466
0.1346693
0.134692
0.1347147
0.1347373
0.13476
0.1347827
0.1348054
0.1348281
0.1348507
0.1348734
0.1348961
0.1349188
0.1349415
0.1349641
0.1349868
0.1350095
0.1350322
0.1350549
0.1350775
0.1351002
0.1351229
0.1351456
0.1351683
0.1351909
0.1352136
0.1352363
0.135259
0.1352817
0.1353043
0.135327
0.1353497
0.1353724
0.1353951
0.1354177
0.1354404
0.1354631
0.1354858
0.1355084
0.1355311
0.1355538
0.1355765
0.1355992
0.1356218
0.1356445
0.1356672
0.1356899
0.1357126
0.1357352
0.1357579
0.1357806
0.1358033
0.135826
0.1358486
0.1358713
0.135894
0.1359167
0.1359394
0.135962
0.1359847
0.1360074
0.1360301
0.1360528
0.1360754
0.1360981
0.1361208
0.1361435
0.1361662
0.1361888
0.1362115
0.1362342
0.1362569
0.1362796
0.1363022
0.1363249
0.1363476
0.1363703
0.136393
0.1364156
0.1364383
0.136461
0.1364837
0.1365063
0.136529
0.1365517
0.1365744
0.1365971
0.1366197
0.1366424
0.1366651
0.1366878
0.1367105
0.1367331
0.1367558
0.1367785
0.1368012
0.1368239
0.1368465
0.1368692
0.1368919
0.1369146
0.1369373
0.1369599
0.1369826
0.1370053
0.137028
0.1370507
0.1370733
0.137096
0.1371187
0.1371414
0.1371641
0.1371867
0.1372094
0.1372321
0.1372548
0.1372775
0.1373001
0.1373228
0.1373455
0.1373682
0.1373909
0.1374135
0.1374362
0.1374589
0.1374816
0.1375042
0.1375269
0.1375496
0.1375723
0.137595
0.1376176
0.1376403
0.137663
0.1376857
0.1377084
0.137731
0.1377537
0.1377764
0.1377991
0.1378218
0.1378444
0.1378671
0.1378898
0.1379125
0.1379352
0.1379578
0.1379805
0.1380032
0.1380259
0.1380486
0.1380712
0.1380939
0.1381166
0.1381393
0.138162
0.1381846
0.1382073
0.13823
0.1382527
0.1382754
0.138298
0.1383207
0.1383434
0.1383661
0.1383888
0.1384114
0.1384341
0.1384568
0.1384795
0.1385022
0.1385248
0.1385475
0.1385702
0.1385929
0.1386155
0.1386382
0.1386609
0.1386836
0.1387063
0.1387289
0.1387516
0.1387743
0.138797
0.1388197
0.1388423
0.138865
0.1388877
0.1389104
0.1389331
0.1389557
0.1389784
0.1390011
0.1390238
0.1390465
0.1390691
0.1390918
0.1391145
0.1391372
0.1391599
0.1391825
0.1392052
0.1392279
0.1392506
0.1392733
0.1392959
0.1393186
0.1393413
0.139364
0.1393867
0.1394093
0.139432
0.1394547
0.1394774
0.1395001
0.1395227
0.1395454
0.1395681
0.1395908
0.1396134
0.1396361
0.1396588
0.1396815
0.1397042
0.1397268
0.1397495
0.1397722
0.1397949
0.1398176
0.1398402
0.1398629
0.1398856
0.1399083
0.139931
0.1399536
0.1399763
0.139999
0.1400217
0.1400444
0.140067
0.1400897
0.1401124
0.1401351
0.1401578
0.1401804
0.1402031
0.1402258
0.1402485
0.1402712
0.1402938
0.1403165
0.1403392
0.1403619
0.1403846
0.1404072
0.1404299
0.1404526
0.1404753
0.140498
0.1405206
0.1405433
0.140566
0.1405887
0.1406114
0.140634
0.1406567
0.1406794
0.1407021
0.1407247
0.1407474
0.1407701
0.1407928
0.1408155
0.1408381
0.1408608
0.1408835
0.1409062
0.1409289
0.1409515
0.1409742
0.1409969
0.1410196
0.1410423
0.1410649
0.1410876
0.1411103
0.141133
0.1411557
0.1411783
0.141201
0.1412237
0.1412464
0.1412691
0.1412917
0.1413144
0.1413371
0.1413598
0.1413825
0.1414051
0.1414278
0.1414505
0.1414732
0.1414959
0.1415185
0.1415412
0.1415639
0.1415866
0.1416093
0.1416319
0.1416546
0.1416773
0.1417
0.1417226
0.1417453
0.141768
0.1417907
0.1418134
0.141836
0.1418587
0.1418814
0.1419041
0.1419268
0.1419494
0.1419721
0.1419948
0.1420175
0.1420402
0.1420628
0.1420855
0.1421082
0.1421309
0.1421536
0.1421762
0.1421989
0.1422216
0.1422443
0.142267
0.1422896
0.1423123
0.142335
0.1423577
0.1423804
0.142403
0.1424257
0.1424484
0.1424711
0.1424938
0.1425164
0.1425391
0.1425618
0.1425845
0.1426072
0.1426298
0.1426525
0.1426752
0.1426979
0.1427206
0.1427432
0.1427659
0.1427886
0.1428113
0.1428339
0.1428566
0.1428793
0.142902
0.1429247
0.1429473
0.14297
0.1429927
0.1430154
0.1430381
0.1430607
0.1430834
0.1431061
0.1431288
0.1431515
0.1431741
0.1431968
0.1432195
0.1432422
0.1432649
0.1432875
0.1433102
0.1433329
0.1433556
0.1433783
0.1434009
0.1434236
0.1434463
0.143469
0.1434917
0.1435143
0.143537
0.1435597
0.1435824
0.1436051
0.1436277
0.1436504
0.1436731
0.1436958
0.1437185
0.1437411
0.1437638
0.1437865
0.1438092
0.1438318
0.1438545
0.1438772
0.1438999
0.1439226
0.1439452
0.1439679
0.1439906
0.1440133
0.144036
0.1440586
0.1440813
0.144104
0.1441267
0.1441494
0.144172
0.1441947
0.1442174
0.1442401
0.1442628
0.1442854
0.1443081
0.1443308
0.1443535
0.1443762
0.1443988
0.1444215
0.1444442
0.1444669
0.1444896
0.1445122
0.1445349
0.1445576
0.1445803
0.144603
0.1446256
0.1446483
0.144671
0.1446937
0.1447164
0.144739
0.1447617
0.1447844
0.1448071
0.1448298
0.1448524
0.1448751
0.1448978
0.1449205
0.1449431
0.1449658
0.1449885
0.1450112
0.1450339
0.1450565
0.1450792
0.1451019
0.1451246
0.1451473
0.1451699
0.1451926
0.1452153
0.145238
0.1452607
0.1452833
0.145306
0.1453287
0.1453514
0.1453741
0.1453967
0.1454194
0.1454421
0.1454648
0.1454875
0.1455101
0.1455328
0.1455555
0.1455782
0.1456009
0.1456235
0.1456462
0.1456689
0.1456916
0.1457143
0.1457369
0.1457596
0.1457823
0.145805
0.1458277
0.1458503
0.145873
0.1458957
0.1459184
0.145941
0.1459637
0.1459864
0.1460091
0.1460318
0.1460544
0.1460771
0.1460998
0.1461225
0.1461452
0.1461678
0.1461905
0.1462132
0.1462359
0.1462586
0.1462812
0.1463039
0.1463266
0.1463493
0.146372
0.1463946
0.1464173
0.14644
0.1464627
0.1464854
0.146508
0.1465307
0.1465534
0.1465761
0.1465988
0.1466214
0.1466441
0.1466668
0.1466895
0.1467122
0.1467348
0.1467575
0.1467802
0.1468029
0.1468256
0.1468482
0.1468709
0.1468936
0.1469163
0.1469389
0.1469616
0.1469843
0.147007
0.1470297
0.1470523
0.147075
0.1470977
0.1471204
0.1471431
0.1471657
0.1471884
0.1472111
0.1472338
0.1472565
0.1472791
0.1473018
0.1473245
0.1473472
0.1473699
0.1473925
0.1474152
0.1474379
0.1474606
0.1474833
0.1475059
0.1475286
0.1475513
0.147574
0.1475967
0.1476193
0.147642
0.1476647
0.1476874
0.1477101
0.1477327
0.1477554
0.1477781
0.1478008
0.1478235
0.1478461
0.1478688
0.1478915
0.1479142
0.1479369
0.1479595
0.1479822
0.1480049
0.1480276
0.1480502
0.1480729
0.1480956
0.1481183
0.148141
0.1481636
0.1481863
0.148209
0.1482317
0.1482544
0.148277
0.1482997
0.1483224
0.1483451
0.1483678
0.1483904
0.1484131
0.1484358
0.1484585
0.1484812
0.1485038
0.1485265
0.1485492
0.1485719
0.1485946
0.1486172
0.1486399
0.1486626
0.1486853
0.148708
0.1487306
0.1487533
0.148776
0.1487987
0.1488214
0.148844
0.1488667
0.1488894
0.1489121
0.1489348
0.1489574
0.1489801
0.1490028
0.1490255
0.1490481
0.1490708
0.1490935
0.1491162
0.1491389
0.1491615
0.1491842
0.1492069
0.1492296
0.1492523
0.1492749
0.1492976
0.1493203
0.149343
0.1493657
0.1493883
0.149411
0.1494337
0.1494564
0.1494791
0.1495017
0.1495244
0.1495471
0.1495698
0.1495925
0.1496151
0.1496378
0.1496605
0.1496832
0.1497059
0.1497285
0.1497512
0.1497739
0.1497966
0.1498193
0.1498419
0.1498646
0.1498873
0.14991
0.1499327
0.1499553
0.149978
0.1500007
0.1500234
0.1500461
0.1500687
0.1500914
0.1501141
0.1501368
0.1501594
0.1501821
0.1502048
0.1502275
0.1502502
0.1502728
0.1502955
0.1503182
0.1503409
0.1503636
0.1503862
0.1504089
0.1504316
0.1504543
0.150477
0.1504996
0.1505223
0.150545
0.1505677
0.1505904
0.150613
0.1506357
0.1506584
0.1506811
0.1507038
0.1507264
0.1507491
0.1507718
0.1507945
0.1508172
0.1508398
0.1508625
0.1508852
0.1509079
0.1509306
0.1509532
0.1509759
0.1509986
0.1510213
0.151044
0.1510666
0.1510893
0.151112
0.1511347
0.1511573
0.15118
0.1512027
0.1512254
0.1512481
0.1512707
0.1512934
0.1513161
0.1513388
0.1513615
0.1513841
0.1514068
0.1514295
0.1514522
0.1514749
0.1514975
0.1515202
0.1515429
0.1515656
0.1515883
0.1516109
0.1516336
0.1516563
0.151679
0.1517017
0.1517243
0.151747
0.1517697
0.1517924
0.1518151
0.1518377
0.1518604
0.1518831
0.1519058
0.1519285
0.1519511
0.1519738
0.1519965
0.1520192
0.1520419
0.1520645
0.1520872
0.1521099
0.1521326
0.1521553
0.1521779
0.1522006
0.1522233
0.152246
0.1522686
0.1522913
0.152314
0.1523367
0.1523594
0.152382
0.1524047
0.1524274
0.1524501
0.1524728
0.1524954
0.1525181
0.1525408
0.1525635
0.1525862
0.1526088
0.1526315
0.1526542
0.1526769
0.1526996
0.1527222
0.1527449
0.1527676
0.1527903
0.152813
0.1528356
0.1528583
0.152881
0.1529037
0.1529264
0.152949
0.1529717
0.1529944
0.1530171
0.1530398
0.1530624
0.1530851
0.1531078
0.1531305
0.1531532
0.1531758
0.1531985
0.1532212
0.1532439
0.1532665
0.1532892
0.1533119
0.1533346
0.1533573
0.1533799
0.1534026
0.1534253
0.153448
0.1534707
0.1534933
0.153516
0.1535387
0.1535614
0.1535841
0.1536067
0.1536294
0.1536521
0.1536748
0.1536975
0.1537201
0.1537428
0.1537655
0.1537882
0.1538109
0.1538335
0.1538562
0.1538789
0.1539016
0.1539243
0.1539469
0.1539696
0.1539923
0.154015
0.1540377
0.1540603
0.154083
0.1541057
0.1541284
0.1541511
0.1541737
0.1541964
0.1542191
0.1542418
0.1542645
0.1542871
0.1543098
0.1543325
0.1543552
0.1543778
0.1544005
0.1544232
0.1544459
0.1544686
0.1544912
0.1545139
0.1545366
0.1545593
0.154582
0.1546046
0.1546273
0.15465
0.1546727
0.1546954
0.154718
0.1547407
0.1547634
0.1547861
0.1548088
0.1548314
0.1548541
0.1548768
0.1548995
0.1549222
0.1549448
0.1549675
0.1549902
0.1550129
0.1550356
0.1550582
0.1550809
0.1551036
0.1551263
0.155149
0.1551716
0.1551943
0.155217
0.1552397
0.1552624
0.155285
0.1553077
0.1553304
0.1553531
0.1553757
0.1553984
0.1554211
0.1554438
0.1554665
0.1554891
0.1555118
0.1555345
0.1555572
0.1555799
0.1556025
0.1556252
0.1556479
0.1556706
0.1556933
0.1557159
0.1557386
0.1557613
0.155784
0.1558067
0.1558293
0.155852
0.1558747
0.1558974
0.1559201
0.1559427
0.1559654
0.1559881
0.1560108
0.1560335
0.1560561
0.1560788
0.1561015
0.1561242
0.1561469
0.1561695
0.1561922
0.1562149
0.1562376
0.1562603
0.1562829
0.1563056
0.1563283
0.156351
0.1563736
0.1563963
0.156419
0.1564417
0.1564644
0.156487
0.1565097
0.1565324
0.1565551
0.1565778
0.1566004
0.1566231
0.1566458
0.1566685
0.1566912
0.1567138
0.1567365
0.1567592
0.1567819
0.1568046
0.1568272
0.1568499
0.1568726
0.1568953
0.156918
0.1569406
0.1569633
0.156986
0.1570087
0.1570314
0.157054
0.1570767
0.1570994
0.1571221
0.1571448
0.1571674
0.1571901
0.1572128
0.1572355
0.1572582
0.1572808
0.1573035
0.1573262
0.1573489
0.1573716
0.1573942
0.1574169
0.1574396
0.1574623
0.1574849
0.1575076
0.1575303
0.157553
0.1575757
0.1575983
0.157621
0.1576437
0.1576664
0.1576891
0.1577117
0.1577344
0.1577571
0.1577798
0.1578025
0.1578251
0.1578478
0.1578705
0.1578932
0.1579159
0.1579385
0.1579612
0.1579839
0.1580066
0.1580293
0.1580519
0.1580746
0.1580973
0.15812
0.1581427
0.1581653
0.158188
0.1582107
0.1582334
0.1582561
0.1582787
0.1583014
0.1583241
0.1583468
0.1583695
0.1583921
0.1584148
0.1584375
0.1584602
0.1584828
0.1585055
0.1585282
0.1585509
0.1585736
0.1585962
0.1586189
0.1586416
0.1586643
0.158687
0.1587096
0.1587323
0.158755
0.1587777
0.1588004
0.158823
0.1588457
0.1588684
0.1588911
0.1589138
0.1589364
0.1589591
0.1589818
0.1590045
0.1590272
0.1590498
0.1590725
0.1590952
0.1591179
0.1591406
0.1591632
0.1591859
0.1592086
0.1592313
0.159254
0.1592766
0.1592993
0.159322
0.1593447
0.1593674
0.15939
0.1594127
0.1594354
0.1594581
0.1594808
0.1595034
0.1595261
0.1595488
0.1595715
0.1595941
0.1596168
0.1596395
0.1596622
0.1596849
0.1597075
0.1597302
0.1597529
0.1597756
0.1597983
0.1598209
0.1598436
0.1598663
0.159889
0.1599117
0.1599343
0.159957
0.1599797
0.1600024
0.1600251
0.1600477
0.1600704
0.1600931
0.1601158
0.1601385
0.1601611
0.1601838
0.1602065
0.1602292
0.1602519
0.1602745
0.1602972
0.1603199
0.1603426
0.1603653
0.1603879
0.1604106
0.1604333
0.160456
0.1604787
0.1605013
0.160524
0.1605467
0.1605694
0.160592
0.1606147
0.1606374
0.1606601
0.1606828
0.1607054
0.1607281
0.1607508
0.1607735
0.1607962
0.1608188
0.1608415
0.1608642
0.1608869
0.1609096
0.1609322
0.1609549
0.1609776
0.1610003
0.161023
0.1610456
0.1610683
0.161091
0.1611137
0.1611364
0.161159
0.1611817
0.1612044
0.1612271
0.1612498
0.1612724
0.1612951
0.1613178
0.1613405
0.1613632
0.1613858
0.1614085
0.1614312
0.1614539
0.1614766
0.1614992
0.1615219
0.1615446
0.1615673
0.16159
0.1616126
0.1616353
0.161658
0.1616807
0.1617033
0.161726
0.1617487
0.1617714
0.1617941
0.1618167
0.1618394
0.1618621
0.1618848
0.1619075
0.1619301
0.1619528
0.1619755
0.1619982
0.1620209
0.1620435
0.1620662
0.1620889
0.1621116
0.1621343
0.1621569
0.1621796
0.1622023
0.162225
0.1622477
0.1622703
0.162293
0.1623157
0.1623384
0.1623611
0.1623837
0.1624064
0.1624291
0.1624518
0.1624745
0.1624971
0.1625198
0.1625425
0.1625652
0.1625879
0.1626105
0.1626332
0.1626559
0.1626786
0.1627012
0.1627239
0.1627466
0.1627693
0.162792
0.1628146
0.1628373
0.16286
0.1628827
0.1629054
0.162928
0.1629507
0.1629734
0.1629961
0.1630188
0.1630414
0.1630641
0.1630868
0.1631095
0.1631322
0.1631548
0.1631775
0.1632002
0.1632229
0.1632456
0.1632682
0.1632909
0.1633136
0.1633363
0.163359
0.1633816
0.1634043
0.163427
0.1634497
0.1634724
0.163495
0.1635177
0.1635404
0.1635631
0.1635858
0.1636084
0.1636311
0.1636538
0.1636765
0.1636992
0.1637218
0.1637445
0.1637672
0.1637899
0.1638125
0.1638352
0.1638579
0.1638806
0.1639033
0.1639259
0.1639486
0.1639713
0.163994
0.1640167
0.1640393
0.164062
0.1640847
0.1641074
0.1641301
0.1641527
0.1641754
0.1641981
0.1642208
0.1642435
0.1642661
0.1642888
0.1643115
0.1643342
0.1643569
0.1643795
0.1644022
0.1644249
0.1644476
0.1644703
0.1644929
0.1645156
0.1645383
0.164561
0.1645837
0.1646063
0.164629
0.1646517
0.1646744
0.1646971
0.1647197
0.1647424
0.1647651
0.1647878
0.1648104
0.1648331
0.1648558
0.1648785
0.1649012
0.1649238
0.1649465
0.1649692
0.1649919
0.1650146
0.1650372
0.1650599
0.1650826
0.1651053
0.165128
0.1651506
0.1651733
0.165196
0.1652187
0.1652414
0.165264
0.1652867
0.1653094
0.1653321
0.1653548
0.1653774
0.1654001
0.1654228
0.1654455
0.1654682
0.1654908
0.1655135
0.1655362
0.1655589
0.1655816
0.1656042
0.1656269
0.1656496
0.1656723
0.165695
0.1657176
0.1657403
0.165763
0.1657857
0.1658083
0.165831
0.1658537
0.1658764
0.1658991
0.1659217
0.1659444
0.1659671
0.1659898
0.1660125
0.1660351
0.1660578
0.1660805
0.1661032
0.1661259
0.1661485
0.1661712
0.1661939
0.1662166
0.1662393
0.1662619
0.1662846
0.1663073
0.16633
0.1663527
0.1663753
0.166398
0.1664207
0.1664434
0.1664661
0.1664887
0.1665114
0.1665341
0.1665568
0.1665795
0.1666021
0.1666248
0.1666475
0.1666702
0.1666929
0.1667155
0.1667382
0.1667609
0.1667836
0.1668063
0.1668289
0.1668516
0.1668743
0.166897
0.1669196
0.1669423
0.166965
0.1669877
0.1670104
0.167033
0.1670557
0.1670784
0.1671011
0.1671238
0.1671464
0.1671691
0.1671918
0.1672145
0.1672372
0.1672598
0.1672825
0.1673052
0.1673279
0.1673506
0.1673732
0.1673959
0.1674186
0.1674413
0.167464
0.1674866
0.1675093
0.167532
0.1675547
0.1675774
0.1676
0.1676227
0.1676454
0.1676681
0.1676908
0.1677134
0.1677361
0.1677588
0.1677815
0.1678042
0.1678268
0.1678495
0.1678722
0.1678949
0.1679175
0.1679402
0.1679629
0.1679856
0.1680083
0.1680309
0.1680536
0.1680763
0.168099
0.1681217
0.1681443
0.168167
0.1681897
0.1682124
0.1682351
0.1682577
0.1682804
0.1683031
0.1683258
0.1683485
0.1683711
0.1683938
0.1684165
0.1684392
0.1684619
0.1684845
0.1685072
0.1685299
0.1685526
0.1685753
0.1685979
0.1686206
0.1686433
0.168666
0.1686887
0.1687113
0.168734
0.1687567
0.1687794
0.1688021
0.1688247
0.1688474
0.1688701
0.1688928
0.1689155
0.1689381
0.1689608
0.1689835
0.1690062
0.1690288
0.1690515
0.1690742
0.1690969
0.1691196
0.1691422
0.1691649
0.1691876
0.1692103
0.169233
0.1692556
0.1692783
0.169301
0.1693237
0.1693464
0.169369
0.1693917
0.1694144
0.1694371
0.1694598
0.1694824
0.1695051
0.1695278
0.1695505
0.1695732
0.1695958
0.1696185
0.1696412
0.1696639
0.1696866
0.1697092
0.1697319
0.1697546
0.1697773
0.1698
0.1698226
0.1698453
0.169868
0.1698907
0.1699134
0.169936
0.1699587
0.1699814
0.1700041
0.1700267
0.1700494
0.1700721
0.1700948
0.1701175
0.1701401
0.1701628
0.1701855
0.1702082
0.1702309
0.1702535
0.1702762
0.1702989
0.1703216
0.1703443
0.1703669
0.1703896
0.1704123
0.170435
0.1704577
0.1704803
0.170503
0.1705257
0.1705484
0.1705711
0.1705937
0.1706164
0.1706391
0.1706618
0.1706845
0.1707071
0.1707298
0.1707525
0.1707752
0.1707979
0.1708205
0.1708432
0.1708659
0.1708886
0.1709113
0.1709339
0.1709566
0.1709793
0.171002
0.1710247
0.1710473
0.17107
0.1710927
0.1711154
0.171138
0.1711607
0.1711834
0.1712061
0.1712288
0.1712514
0.1712741
0.1712968
0.1713195
0.1713422
0.1713648
0.1713875
0.1714102
0.1714329
0.1714556
0.1714782
0.1715009
0.1715236
0.1715463
0.171569
0.1715916
0.1716143
0.171637
0.1716597
0.1716824
0.171705
0.1717277
0.1717504
0.1717731
0.1717958
0.1718184
0.1718411
0.1718638
0.1718865
0.1719092
0.1719318
0.1719545
0.1719772
0.1719999
0.1720226
0.1720452
0.1720679
0.1720906
0.1721133
0.1721359
0.1721586
0.1721813
0.172204
0.1722267
0.1722493
0.172272
0.1722947
0.1723174
0.1723401
0.1723627
0.1723854
0.1724081
0.1724308
0.1724535
0.1724761
0.1724988
0.1725215
0.1725442
0.1725669
0.1725895
0.1726122
0.1726349
0.1726576
0.1726803
0.1727029
0.1727256
0.1727483
0.172771
0.1727937
0.1728163
0.172839
0.1728617
0.1728844
0.1729071
0.1729297
0.1729524
0.1729751
0.1729978
0.1730205
0.1730431
0.1730658
0.1730885
0.1731112
0.1731339
0.1731565
0.1731792
0.1732019
0.1732246
0.1732472
0.1732699
0.1732926
0.1733153
0.173338
0.1733606
0.1733833
0.173406
0.1734287
0.1734514
0.173474
0.1734967
0.1735194
0.1735421
0.1735648
0.1735874
0.1736101
0.1736328
0.1736555
0.1736782
0.1737008
0.1737235
0.1737462
0.1737689
0.1737916
0.1738142
0.1738369
0.1738596
0.1738823
0.173905
0.1739276
0.1739503
0.173973
0.1739957
0.1740184
0.174041
0.1740637
0.1740864
0.1741091
0.1741318
0.1741544
0.1741771
0.1741998
0.1742225
0.1742451
0.1742678
0.1742905
0.1743132
0.1743359
0.1743585
0.1743812
0.1744039
0.1744266
0.1744493
0.1744719
0.1744946
0.1745173
0.17454
0.1745627
0.1745853
0.174608
0.1746307
0.1746534
0.1746761
0.1746987
0.1747214
0.1747441
0.1747668
0.1747895
0.1748121
0.1748348
0.1748575
0.1748802
0.1749029
0.1749255
0.1749482
0.1749709
0.1749936
0.1750163
0.1750389
0.1750616
0.1750843
0.175107
0.1751297
0.1751523
0.175175
0.1751977
0.1752204
0.175243
0.1752657
0.1752884
0.1753111
0.1753338
0.1753564
0.1753791
0.1754018
0.1754245
0.1754472
0.1754698
0.1754925
0.1755152
0.1755379
0.1755606
0.1755832
0.1756059
0.1756286
0.1756513
0.175674
0.1756966
0.1757193
0.175742
0.1757647
0.1757874
0.17581
0.1758327
0.1758554
0.1758781
0.1759008
0.1759234
0.1759461
0.1759688
0.1759915
0.1760142
0.1760368
0.1760595
0.1760822
0.1761049
0.1761276
0.1761502
0.1761729
0.1761956
0.1762183
0.176241
0.1762636
0.1762863
0.176309
0.1763317
0.1763543
0.176377
0.1763997
0.1764224
0.1764451
0.1764677
0.1764904
0.1765131
0.1765358
0.1765585
0.1765811
0.1766038
0.1766265
0.1766492
0.1766719
0.1766945
0.1767172
0.1767399
0.1767626
0.1767853
0.1768079
0.1768306
0.1768533
0.176876
0.1768987
0.1769213
0.176944
0.1769667
0.1769894
0.1770121
0.1770347
0.1770574
0.1770801
0.1771028
0.1771255
0.1771481
0.1771708
0.1771935
0.1772162
0.1772389
0.1772615
0.1772842
0.1773069
0.1773296
0.1773522
0.1773749
0.1773976
0.1774203
0.177443
0.1774656
0.1774883
0.177511
0.1775337
0.1775564
0.177579
0.1776017
0.1776244
0.1776471
0.1776698
0.1776924
0.1777151
0.1777378
0.1777605
0.1777832
0.1778058
0.1778285
0.1778512
0.1778739
0.1778966
0.1779192
0.1779419
0.1779646
0.1779873
0.17801
0.1780326
0.1780553
0.178078
0.1781007
0.1781234
0.178146
0.1781687
0.1781914
0.1782141
0.1782368
0.1782594
0.1782821
0.1783048
0.1783275
0.1783502
0.1783728
0.1783955
0.1784182
0.1784409
0.1784635
0.1784862
0.1785089
0.1785316
0.1785543
0.1785769
0.1785996
0.1786223
0.178645
0.1786677
0.1786903
0.178713
0.1787357
0.1787584
0.1787811
0.1788037
0.1788264
0.1788491
0.1788718
0.1788945
0.1789171
0.1789398
0.1789625
0.1789852
0.1790079
0.1790305
0.1790532
0.1790759
0.1790986
0.1791213
0.1791439
0.1791666
0.1791893
0.179212
0.1792347
0.1792573
0.17928
0.1793027
0.1793254
0.1793481
0.1793707
0.1793934
0.1794161
0.1794388
0.1794614
0.1794841
0.1795068
0.1795295
0.1795522
0.1795748
0.1795975
0.1796202
0.1796429
0.1796656
0.1796882
0.1797109
0.1797336
0.1797563
0.179779
0.1798016
0.1798243
0.179847
0.1798697
0.1798924
0.179915
0.1799377
0.1799604
0.1799831
0.1800058
0.1800284
0.1800511
0.1800738
0.1800965
0.1801192
0.1801418
0.1801645
0.1801872
0.1802099
0.1802326
0.1802552
0.1802779
0.1803006
0.1803233
0.180346
0.1803686
0.1803913
0.180414
0.1804367
0.1804594
0.180482
0.1805047
0.1805274
0.1805501
0.1805727
0.1805954
0.1806181
0.1806408
0.1806635
0.1806861
0.1807088
0.1807315
0.1807542
0.1807769
0.1807995
0.1808222
0.1808449
0.1808676
0.1808903
0.1809129
0.1809356
0.1809583
0.180981
0.1810037
0.1810263
0.181049
0.1810717
0.1810944
0.1811171
0.1811397
0.1811624
0.1811851
0.1812078
0.1812305
0.1812531
0.1812758
0.1812985
0.1813212
0.1813439
0.1813665
0.1813892
0.1814119
0.1814346
0.1814573
0.1814799
0.1815026
0.1815253
0.181548
0.1815706
0.1815933
0.181616
0.1816387
0.1816614
0.181684
0.1817067
0.1817294
0.1817521
0.1817748
0.1817974
0.1818201
0.1818428
0.1818655
0.1818882
0.1819108
0.1819335
0.1819562
0.1819789
0.1820016
0.1820242
0.1820469
0.1820696
0.1820923
0.182115
0.1821376
0.1821603
0.182183
0.1822057
0.1822284
0.182251
0.1822737
0.1822964
0.1823191
0.1823418
0.1823644
0.1823871
0.1824098
0.1824325
0.1824552
0.1824778
0.1825005
0.1825232
0.1825459
0.1825686
0.1825912
0.1826139
0.1826366
0.1826593
0.1826819
0.1827046
0.1827273
0.18275
0.1827727
0.1827953
0.182818
0.1828407
0.1828634
0.1828861
0.1829087
0.1829314
0.1829541
0.1829768
0.1829995
0.1830221
0.1830448
0.1830675
0.1830902
0.1831129
0.1831355
0.1831582
0.1831809
0.1832036
0.1832263
0.1832489
0.1832716
0.1832943
0.183317
0.1833397
0.1833623
0.183385
0.1834077
0.1834304
0.1834531
0.1834757
0.1834984
0.1835211
0.1835438
0.1835665
0.1835891
0.1836118
0.1836345
0.1836572
0.1836798
0.1837025
0.1837252
0.1837479
0.1837706
0.1837932
0.1838159
0.1838386
0.1838613
0.183884
0.1839066
0.1839293
0.183952
0.1839747
0.1839974
0.18402
0.1840427
0.1840654
0.1840881
0.1841108
0.1841334
0.1841561
0.1841788
0.1842015
0.1842242
0.1842468
0.1842695
0.1842922
0.1843149
0.1843376
0.1843602
0.1843829
0.1844056
0.1844283
0.184451
0.1844736
0.1844963
0.184519
0.1845417
0.1845644
0.184587
0.1846097
0.1846324
0.1846551
0.1846777
0.1847004
0.1847231
0.1847458
0.1847685
0.1847911
0.1848138
0.1848365
0.1848592
0.1848819
0.1849045
0.1849272
0.1849499
0.1849726
0.1849953
0.1850179
0.1850406
0.1850633
0.185086
0.1851087
0.1851313
0.185154
0.1851767
0.1851994
0.1852221
0.1852447
0.1852674
0.1852901
0.1853128
0.1853355
0.1853581
0.1853808
0.1854035
0.1854262
0.1854489
0.1854715
0.1854942
0.1855169
0.1855396
0.1855623
0.1855849
0.1856076
0.1856303
0.185653
0.1856757
0.1856983
0.185721
0.1857437
0.1857664
