28.35674
11.68322
6.092166
3.3638
7.106126
7.020921
11.1439
7.494087
7.76784
4.717087
2.281784
1.400733
2.953044
4.833214
4.473891
2.657134
1.259278
0.961794
0.7148315
1.3014
1.778916
1.773759
1.467578
3.194049
3.014622
4.561313
5.235869
3.937844
3.401913
5.354204
8.529713
6.787177
5.390264
6.18695
9.243123
7.739514
7.036041
6.932407
7.187962
8.294765
6.927572
5.498964
5.803819
6.560984
5.462676
5.681454
4.046021
3.726505
3.079515
1.444541
2.243094
1.809186
1.29781
2.268255
1.834483
2.751319
1.676564
1.1525
1.131881
2.397416
2.294003
2.761736
5.417326
4.591417
7.135022
4.448166
1.30801
3.795649
8.635857
8.496657
9.430283
7.99772
2.531164
2.550936
3.163569
6.423955
7.930475
8.809203
7.651695
3.633843
1.815035
2.827984
6.087533
5.744482
5.136433
4.478415
1.872025
1.746867
2.508219
2.693785
2.079051
2.815946
2.933635
1.793391
1.837815
0.4485272
1.421424
1.459978
5.525596
2.116088
1.608556
0.5553968
4.003051
3.28901
3.074588
1.541112
1.959682
4.625379
3.708178
1.596715
3.792451
2.635511
2.923509
5.017832
4.100828
2.476225
3.991469
4.497728
3.338411
3.112927
4.035981
5.23587
3.319318
5.587777
4.860013
1.758567
3.902357
4.710251
3.824937
5.822349
3.537042
3.169091
5.757351
0.8014765
2.565734
3.116941
3.572528
3.897935
2.69227
1.422718
1.398689
1.283246
2.468622
2.602731
1.513876
1.660385
3.359339
3.303991
2.403477
1.775065
1.501071
3.478018
4.527632
7.050297
5.1401
5.477679
3.434414
5.174429
5.130702
5.493583
6.762392
6.046776
6.709044
3.136807
4.500539
5.515142
8.522175
4.317036
5.156998
1.843584
5.732279
3.540407
4.23019
2.5906
3.335371
1.578846
2.331217
1.212102
1.020969
1.031257
1.817596
0.8991325
1.565132
1.890808
1.131773
2.437325
3.566238
2.576807
3.154413
4.108283
5.597596
6.240895
6.375324
4.473824
6.287469
6.112754
7.66881
5.50178
6.372898
6.510586
6.656578
4.595828
3.810136
4.431026
6.038785
5.057246
3.954066
4.598566
4.512064
2.86165
3.671412
4.229266
4.272878
1.069153
3.316059
2.996468
2.420058
2.761487
1.869611
2.539448
2.886608
4.592164
2.815188
3.006383
3.328216
4.105973
5.976301
4.633123
3.49864
3.32117
8.707467
6.429163
4.175835
4.600204
5.85809
5.372642
5.725576
5.970109
5.314686
3.799819
3.988232
5.457376
4.518829
4.699992
4.331168
4.438235
3.464447
3.489497
3.536789
3.993424
6.105656
5.141804
3.01819
3.526407
2.718146
3.616133
4.956493
3.489979
2.485466
2.86897
4.26091
3.813969
3.609504
2.696577
5.120979
5.210312
2.460087
3.657274
3.341117
3.570385
4.212475
4.105806
3.668619
3.610855
3.192711
3.534995
4.768963
2.994615
4.777025
4.282556
5.86411
5.913941
4.099946
4.056763
5.458433
7.055959
5.918953
5.854419
4.39841
4.430979
4.024164
2.23104
3.211511
3.847072
5.000359
4.077576
3.131292
1.428485
2.085299
1.333081
1.616676
2.984905
1.841462
3.688995
3.357923
1.924099
1.772698
2.785225
2.99541
3.124837
3.150856
3.077944
3.086723
3.763598
4.226053
6.660068
3.964581
4.234677
5.003235
7.313025
6.207945
5.970171
4.378266
6.196158
5.783328
5.994563
4.459834
4.665754
6.045203
2.724997
1.963077
2.89144
4.696688
1.820751
1.514457
2.390539
2.165138
1.263403
1.103607
1.943994
2.586143
3.57019
2.486707
0.6276278
1.710423
2.868683
2.314281
2.764554
4.108137
4.923805
4.771288
2.653946
3.468796
4.957051
6.182887
6.599564
6.377118
4.945745
5.828881
3.596802
4.513231
5.895506
9.225137
7.700948
4.059736
3.177486
2.373649
3.17106
2.471413
2.692588
3.238146
2.367547
1.824666
0.9527442
0.5651692
2.49081
0.8989424
1.136143
1.430077
2.334736
1.659269
1.416169
0.8660737
2.849728
2.48625
4.193193
2.419582
3.922215
5.066218
5.20443
3.778435
5.225676
7.132689
6.396761
5.196206
3.924724
5.904181
5.535118
4.90738
4.31911
5.600517
4.376532
4.831756
2.431576
3.059267
4.146206
4.961341
4.77779
3.74515
2.392379
1.586772
0.5461734
1.789592
2.74063
3.337001
2.455144
1.976716
2.467665
2.594282
1.140598
0.7531965
1.408703
3.980793
4.364389
4.255821
4.686457
5.463858
4.15767
1.417908
3.303573
6.974148
6.439959
6.441106
6.845394
3.076008
3.023822
3.743748
4.503704
5.818857
5.63563
5.396406
5.607448
4.988779
2.848336
3.516423
4.337255
5.618646
6.39923
5.167531
3.452285
2.107105
3.365385
3.026324
1.808674
2.915417
3.698485
4.518255
3.200303
0.9116192
0.5399288
3.473984
3.950446
4.907671
4.046648
1.104326
2.263905
2.583577
2.252319
5.685915
5.949131
5.745545
4.61991
2.194232
2.990723
4.852757
7.394058
7.976412
6.654988
4.978069
3.638506
4.184576
6.865632
6.575891
5.779314
4.880177
4.394409
4.169246
3.736865
2.710964
1.46961
2.766564
3.224627
2.512191
1.405703
2.038852
2.902944
2.822639
2.509674
1.671659
1.724484
2.518627
4.739084
4.656538
4.621797
1.31091
2.579557
3.290363
3.958035
4.20491
4.997616
4.872186
5.521277
4.29637
3.59413
3.979809
6.161576
7.497547
6.288767
5.233544
3.946301
3.60577
4.400703
3.607514
3.847385
5.173438
4.013648
1.165618
1.29533
3.064533
1.091226
1.349945
0.6060889
1.135942
1.169776
2.858722
1.728148
1.470012
0.5359604
2.023843
3.784304
4.015822
2.578557
0.6047676
1.90106
5.422118
5.973619
6.114868
4.825619
2.263386
1.92682
5.378437
4.712671
4.356443
5.114093
4.276856
1.425383
2.747104
4.555681
4.633584
4.190767
1.768912
2.188152
3.585532
2.395183
1.535248
0.6560945
1.839006
3.244795
2.772069
2.00193
1.422873
0.3687929
1.921536
2.100308
3.032562
2.117331
1.502344
1.348822
2.458316
3.239208
2.38954
0.7904005
1.780149
3.030462
3.848611
3.214139
3.875424
2.808782
2.695249
2.422915
1.470221
1.881648
4.04567
3.292643
2.220026
1.403583
2.274852
3.037346
3.380408
3.881799
5.026692
2.835617
2.476465
3.67232
4.704944
3.481859
3.107139
4.36877
5.044613
3.075059
1.697146
2.717453
4.629461
5.638231
4.237197
3.456316
0.6714407
1.580176
2.669461
2.338632
1.604044
3.817295
3.891831
2.81024
2.097043
0.341828
3.452644
3.233127
4.722726
2.134312
1.942532
1.238568
3.254922
2.798503
5.32208
4.031654
3.338161
3.357677
6.060676
5.351489
5.848921
5.625746
5.077044
4.984719
4.819612
7.143481
5.572515
5.764274
5.979236
2.530601
3.306457
3.495643
4.461151
2.967741
2.739351
1.240974
3.155723
1.85212
0.158624
1.772725
3.716534
2.247239
1.248027
2.849659
1.884164
1.471344
2.973918
3.052675
3.545954
3.204806
4.227997
5.03891
4.111696
6.064611
5.44943
4.256934
7.260753
8.977736
6.932751
4.79063
5.044846
5.86938
8.113653
5.761311
4.102699
5.300333
5.280389
2.711423
3.029446
2.775365
4.13828
3.369071
2.516618
1.369848
0.6189015
1.480473
1.840143
3.346309
1.368624
3.349217
3.227278
2.055778
2.463655
5.131749
4.05362
3.52926
3.499385
5.558761
3.127978
5.234043
7.186468
7.142428
5.792572
5.61118
3.253151
6.185695
7.339454
6.908924
5.033023
3.421026
4.754886
3.765564
2.315646
3.260264
4.032474
2.812192
1.61431
0.561986
2.019951
1.621971
1.24142
1.074902
1.886708
2.765484
2.454927
2.312473
1.59018
4.240761
2.962534
3.524204
3.209838
4.278224
4.721346
3.621355
1.636286
3.795021
5.107736
4.183376
3.617222
3.03602
3.270803
2.637197
4.057243
3.334936
5.238605
4.81648
3.506696
0.8976422
3.260561
2.224113
2.025834
2.879379
4.038919
1.843814
1.033035
0.6299809
1.343411
0.8524902
2.419555
2.856964
1.777246
1.818745
0.8432588
0.6705202
1.402265
2.354277
2.071404
2.140753
1.005757
2.296232
3.908914
4.949692
2.413949
0.9257712
1.038718
1.642731
1.844175
2.412389
1.793271
2.866714
2.084811
1.225534
2.346535
3.041742
4.490716
3.943626
2.036803
0.9911042
2.079113
2.440158
4.546115
2.654704
2.96942
3.297103
1.11681
2.081055
2.398638
2.274601
2.901169
4.046742
1.839467
1.653959
1.667035
1.335976
0.7364237
0.6817722
0.7735852
1.73249
0.9983823
0.571541
1.4174
1.377654
2.031534
2.117778
2.736603
1.351192
1.53807
1.61837
1.278976
2.723945
4.345475
4.484265
3.431
2.032435
2.325426
2.47914
4.728071
5.111496
5.817675
6.43447
3.374024
1.627946
3.444885
5.310081
5.629354
3.041319
2.834188
2.500512
2.720204
2.281995
0.4983671
1.613943
3.604148
1.77112
1.137906
1.246906
1.21538
1.172927
1.189414
1.377397
1.552986
1.410611
2.869162
2.663012
3.343388
3.753532
2.49367
1.658748
3.937498
4.64464
4.379877
7.549129
5.841944
3.80565
2.74533
4.965861
5.667634
6.378912
5.908548
2.727591
3.071133
3.795202
5.071588
4.467215
3.826283
2.806122
2.484746
0.7667816
2.700463
2.926348
3.573595
1.88899
0.928853
1.299976
0.5442126
1.281951
1.275779
1.294413
3.236646
3.147502
2.991075
4.591723
2.264015
2.696583
2.515104
4.168435
6.381584
8.391808
5.359401
5.219529
2.593975
2.910485
4.874707
5.124491
4.134767
4.464736
3.442282
2.197606
2.636768
2.205479
3.771034
3.469836
3.574912
3.608264
4.151964
1.900886
2.514189
1.543039
2.542881
3.025048
3.43217
2.237768
4.285657
4.352026
1.767497
2.09555
2.449245
2.444996
2.716146
3.729532
3.351042
4.498754
3.468386
1.887964
2.48578
2.280851
5.322543
5.717702
3.414602
2.793717
2.139212
2.352365
2.623208
4.586517
2.840528
3.012902
1.141781
1.850766
3.113939
3.589506
4.760196
2.814707
3.352116
3.136455
1.537876
3.283919
5.948905
4.961909
3.298362
3.449074
2.185011
2.639076
0.4582181
2.538361
2.883526
2.809387
3.224263
2.996062
1.823256
0.5811231
1.466381
0.3543284
1.944779
1.87013
3.024064
3.17917
1.79601
1.491939
1.779414
2.932774
2.272032
2.378179
4.364528
3.823559
2.43896
2.253361
2.746529
3.862919
4.176418
4.117755
4.621396
4.130912
2.681941
3.183151
2.810776
4.286586
3.786495
2.378432
3.060601
1.621045
2.05356
0.4610735
0.8177064
0.7720271
2.082904
1.593371
0.842205
1.058853
0.9510543
1.097291
0.9500884
0.583456
1.567364
1.920153
2.039287
1.235066
2.18808
1.970899
2.858033
3.323746
4.042744
3.383492
2.777972
3.60483
3.468447
5.576171
4.368268
4.705505
3.993542
4.046226
2.306057
4.270042
3.566483
4.787801
3.549683
2.5149
0.6793991
2.201785
2.441997
2.325953
1.4831
1.387109
1.289746
0.6271905
0.8500919
1.366804
2.361118
1.676741
0.8269483
1.688102
3.167568
2.425379
4.016997
2.617054
2.627473
4.377371
3.675911
3.458
3.314329
4.824313
4.56504
3.219045
2.955816
5.213748
4.030758
3.765524
4.573724
3.205383
3.403685
4.022367
3.098651
3.077438
4.116458
3.382295
2.112639
1.615943
2.49903
2.093233
1.61565
2.151417
3.467814
1.424864
2.308659
0.5354505
3.514604
2.823658
4.64231
2.941535
2.175966
3.487573
3.705542
3.931277
3.695414
4.182799
3.695317
3.160868
2.918708
2.998906
3.48417
3.400362
2.398147
2.57795
3.078502
3.152883
2.987764
3.279217
2.720197
3.49104
3.541565
3.668312
4.255964
4.50136
2.529381
2.95797
5.232679
3.508295
3.049216
3.416922
3.145751
3.152407
2.336492
2.189543
2.505774
3.773655
2.537289
3.308869
1.644928
2.891388
2.379019
3.398571
2.34789
2.299244
3.273068
2.724849
2.820508
1.848633
1.940788
2.783396
2.41181
1.403063
2.688517
2.619859
3.390465
2.059892
3.721735
2.328997
3.340831
3.68468
6.106315
4.953304
3.963732
3.201359
3.145216
4.118892
4.344664
4.406274
2.920994
2.988696
1.97141
1.898121
1.153803
3.305771
3.469824
1.774916
1.005265
0.3406816
0.3270658
1.225723
2.670504
3.073041
1.435215
1.835257
0.580107
1.236412
2.53877
3.328013
2.661289
2.862643
3.424782
3.428967
1.54926
3.155922
4.148958
4.700597
4.431574
2.788768
3.320199
4.729511
3.461387
2.814477
2.795117
3.886481
3.13341
3.633424
1.814716
1.450438
0.6355912
1.968946
1.056019
2.224138
1.091152
0.575151
1.780203
1.190711
0.3650698
0.3024096
0.7418272
1.380724
2.116557
0.8248411
2.100199
1.046704
2.665603
2.299717
2.756699
1.415533
2.702219
4.579073
4.66505
1.769518
2.752318
3.308301
2.593816
3.189942
4.147012
3.6419
3.229883
1.237635
1.876085
2.879066
3.634026
3.407769
1.049197
0.755312
2.585249
2.928419
2.3755
2.554113
1.631752
1.861258
0.8527389
1.438401
2.116009
2.299511
2.590551
2.814843
3.556513
2.68269
0.5182567
1.284837
3.386193
3.816842
4.306958
2.829575
2.415557
1.680986
2.82052
2.880847
3.799282
3.347248
4.278274
2.599325
1.59981
2.745947
3.50169
1.938024
3.368305
3.575078
3.786334
2.661769
2.268742
2.309768
1.217736
2.770409
4.295825
5.212727
4.392132
2.364545
1.301484
2.814844
5.234036
4.655486
3.093053
1.81969
4.524841
5.006177
3.135555
2.789147
2.734872
3.502953
2.466361
2.699442
0.6748098
3.762147
3.731816
2.68184
0.6852252
2.732753
1.980237
4.084569
3.693732
3.728344
2.984265
3.138585
3.200065
4.422548
4.696842
5.119139
4.467512
3.562303
4.462883
3.670367
4.07742
5.575636
6.137426
4.830436
2.752364
2.755544
3.245053
5.272155
5.880033
4.848148
3.938436
4.066154
1.574549
1.29605
3.401166
4.732578
4.94377
3.372772
1.950008
2.417785
1.043993
1.283566
3.663913
3.704779
3.813382
4.13195
3.152377
3.255642
3.421961
5.039837
4.538837
5.498164
7.018949
6.252458
4.465762
4.235242
4.976818
5.558234
4.540136
4.230978
5.035082
5.552881
3.093509
3.868891
2.487274
2.744551
3.023681
4.005791
1.288958
2.339169
2.648858
3.158968
1.868387
1.807062
2.027468
3.614852
2.940143
2.172959
3.792097
3.179056
3.541912
3.717367
4.483526
3.33997
3.736225
5.137002
5.884529
4.83777
3.432648
3.392231
5.523838
6.338673
5.471699
3.656864
2.811185
3.357693
3.415603
3.794602
4.060176
3.500026
3.564412
0.4438927
0.8687288
2.308885
3.51293
3.34591
3.713214
2.659805
1.698491
0.6568362
0.9976968
2.012851
4.106284
5.441038
4.101327
2.605742
2.131764
3.178399
2.627037
3.925512
5.667472
5.305336
4.163903
3.399858
2.087355
3.925628
4.872198
2.916974
3.266009
3.893932
1.895691
1.656434
2.531714
2.016201
0.7579867
1.044182
1.681681
3.125775
2.512206
0.8644915
0.6957345
1.32092
2.067533
2.257864
1.046164
2.403113
3.409169
2.201187
2.166482
2.491103
2.437865
2.340138
4.031497
2.311065
1.751028
3.719039
3.598568
1.801164
1.023894
3.114317
2.804635
1.793223
2.073813
2.992904
0.532887
1.704785
1.830665
1.993737
1.860431
2.435507
1.64544
0.9794111
1.605337
2.696436
2.574862
1.08726
0.6648018
2.129588
0.499851
2.148563
3.915956
3.856389
3.798996
3.430664
2.53243
0.7925023
2.611885
4.354321
4.365398
3.412928
2.96203
1.643733
0.4395904
1.539881
1.612051
2.131498
2.003981
2.420097
0.8255671
0.777217
1.49783
2.409884
1.889892
1.276036
1.64452
2.066278
1.402645
2.97588
2.421174
1.545721
2.866979
1.929114
2.19957
3.172146
3.981981
3.763981
2.190184
2.217384
3.76368
4.100787
3.596727
2.795612
3.819883
3.469412
3.303047
2.208354
2.914144
2.150096
3.37816
2.783008
2.09165
1.34284
0.7642909
2.0916
1.386965
1.940978
1.414174
1.298918
0.2938378
3.468647
2.291214
1.932652
2.572299
3.303721
2.929952
4.037732
2.917283
3.646047
4.030792
4.857465
3.905987
3.118603
4.192078
2.873797
2.906874
3.670773
3.002864
4.02163
4.608404
2.728217
2.483612
2.15929
2.927025
3.413807
4.347957
3.923624
2.775907
0.7652577
1.858502
4.021882
2.904434
1.778559
4.251591
3.470627
1.719289
3.558661
3.757572
2.593279
4.182487
4.939644
3.678686
3.452022
4.020916
4.660859
4.904818
3.385369
2.444319
3.582383
3.065746
4.184959
4.036545
2.300395
3.424291
3.020245
2.219255
2.703645
3.012711
3.225611
2.96566
3.423462
2.005421
2.651173
1.805277
3.85223
3.445476
2.320107
2.969231
3.169884
3.38102
4.075062
3.794329
3.916852
4.255881
3.973657
3.826598
4.106689
4.382996
5.847381
4.401127
2.257906
2.982023
3.356257
3.598341
3.202508
2.316893
2.261393
1.875905
2.644052
2.483417
0.680434
1.398121
3.201796
2.681508
2.881395
2.961136
1.489661
2.526199
3.173226
3.136787
2.87696
4.513456
3.709427
4.134037
4.137176
3.105239
3.045333
4.769841
5.351019
3.043164
2.61663
3.61037
3.590539
3.278813
2.431676
2.11505
2.574539
2.520039
2.882229
2.736736
1.812499
2.314735
1.865124
1.414538
2.158145
1.605485
0.9370751
1.163376
2.812749
2.197843
1.00103
1.319039
2.561066
3.089537
2.900276
2.491494
3.685923
4.520561
4.56056
3.763072
3.937245
2.890452
4.502988
4.37698
2.934977
1.932991
3.331083
3.807554
2.483907
0.8111523
1.698292
2.296967
1.406113
1.563126
1.952112
1.341077
1.582837
0.8944488
1.113039
1.569544
2.389285
2.369438
2.697428
3.160933
2.14546
1.359368
1.722854
2.197702
4.40681
3.725987
2.874881
3.574982
2.282337
2.40896
4.783951
3.567308
4.096681
3.720247
2.203525
3.035595
3.892344
3.480351
1.771523
2.178249
2.169852
2.387447
1.884329
1.211691
1.662997
1.193574
0.9785194
1.555946
1.209304
1.789706
2.717607
2.308854
1.967969
2.312982
2.505512
3.506009
3.054124
4.394582
4.331533
2.478818
3.293918
4.920954
4.860959
3.778468
2.545282
3.256956
3.322841
3.12762
2.382772
2.701176
3.184823
4.021102
1.31767
1.962976
1.967653
2.178197
1.952684
2.833969
2.119298
1.224814
2.790891
2.0233
1.728391
1.928066
2.52015
2.199652
4.329522
4.139014
2.602995
2.498282
2.503289
3.680787
4.470464
4.114263
4.857478
4.317062
3.23516
3.493327
2.330442
3.499981
4.619239
4.861629
3.628383
1.13217
2.222913
2.70278
2.789082
2.389387
3.143588
1.126798
2.855314
0.8584591
2.369281
2.326332
2.252965
1.870436
2.924759
3.149105
1.833754
2.912577
2.683565
3.49266
3.069159
2.844537
2.705143
5.107595
4.515294
4.826964
3.057391
3.267046
3.936624
3.98188
3.354178
3.553766
3.241402
3.113979
1.635138
1.728549
1.915147
3.182081
2.81009
0.8075
1.806868
1.551164
1.932734
1.237091
2.817418
2.803464
2.923741
2.093175
2.232247
2.18286
2.247985
3.380017
3.714654
2.206628
3.561972
3.249714
1.117639
3.273391
4.057732
2.407642
2.73274
3.346793
2.679634
2.042112
1.628922
2.183498
3.079116
3.443968
2.988149
2.014692
2.610308
0.8511692
1.245433
1.312931
1.845293
2.155445
2.741315
2.409141
2.11768
0.8897943
1.088159
1.888167
3.591673
3.916588
1.87409
1.827652
2.295908
2.959852
3.698634
2.794861
1.908594
1.396606
3.108395
2.384082
1.398112
1.689736
1.245049
0.1518714
2.078981
1.595967
2.332699
2.895108
1.059375
0.1160728
1.482223
2.084783
2.19265
2.740294
3.783418
2.138564
1.486635
1.199334
3.211969
3.556299
2.953118
1.850666
2.212863
1.750434
2.172198
2.378721
1.417573
2.608743
3.593853
1.661466
1.022036
2.82078
2.909772
2.29338
1.417058
1.396736
0.9444525
1.58075
0.7398745
1.759977
1.900583
2.158633
0.9674967
1.263538
1.119208
1.622478
1.807706
0.806132
2.711897
3.831645
2.990012
2.712258
3.547893
3.235124
1.633608
3.046841
3.752214
3.754035
4.295933
4.253588
1.948524
2.434956
2.177928
2.876782
2.55196
2.337881
2.106658
1.144636
1.452847
2.671427
1.486785
1.116248
1.131631
3.011206
2.559172
2.419445
1.998766
1.169128
1.312926
1.195814
3.850485
2.67112
4.334865
3.862735
3.06572
2.135945
4.062747
3.706931
3.61926
3.511905
4.478988
4.841367
4.205905
3.461438
3.029783
4.570915
5.159115
2.743362
2.065289
2.893651
3.25476
3.282713
1.426067
1.569829
1.625546
2.228321
0.7431963
1.657405
2.055683
2.491714
1.998305
1.584342
1.143564
1.325124
1.740077
3.305958
3.975494
3.331821
1.867939
4.055821
4.779211
3.699627
3.565666
4.419572
3.971004
5.097428
5.96285
4.946741
4.441114
4.228015
4.09168
3.600814
2.135095
3.405105
3.741334
2.874743
2.222996
1.303147
1.457973
1.953962
1.324807
1.951635
3.051911
1.751438
2.778236
1.69999
3.006922
1.976057
2.222211
2.271051
3.306617
4.697206
3.36419
3.083233
2.657771
4.185862
3.571849
2.275294
3.24088
5.650742
4.413942
4.506548
4.231673
2.832704
3.173898
4.152514
3.697703
3.426046
4.142678
4.033988
2.488056
1.694417
2.987163
2.914149
1.949211
1.35936
1.517288
1.541214
3.126057
2.367191
2.337746
2.765516
1.251163
2.451766
4.181365
4.504056
3.682643
3.047263
2.738103
2.938778
3.912612
3.348714
2.765236
3.706306
3.810467
1.870749
2.069736
3.084247
3.410668
3.074752
1.105452
1.441548
2.476953
3.061886
3.573963
1.998907
2.57054
2.120681
2.324099
1.616874
2.808886
1.996284
3.878588
3.741684
3.482215
2.066939
1.502271
2.74053
3.245504
2.97666
2.353737
2.705091
2.791462
3.257226
1.999031
1.857768
2.970954
2.327975
2.141516
3.981409
2.527998
1.189387
1.676499
1.202515
0.7972476
2.220265
2.78813
2.643696
2.019741
0.4202478
2.077816
0.6239784
1.327528
2.548805
3.375326
2.189992
2.48416
2.355171
2.732951
3.74489
2.347412
2.189044
2.546067
3.647275
3.160154
2.789082
1.585398
1.749123
2.190819
2.373157
2.633181
2.441629
1.578782
1.277921
0.988289
1.8024
2.231423
1.742824
0.7988539
0.702768
1.181392
1.532811
1.104948
0.9139353
1.322415
1.451529
2.334982
1.568249
0.7372439
2.372164
2.05695
2.446903
3.5775
2.720059
1.256761
2.322314
2.182596
1.949792
2.544683
2.633488
3.006581
2.964998
1.346257
2.059075
2.546127
3.536489
3.145343
2.056439
2.336357
3.165746
1.480216
1.352658
0.2789931
2.258741
2.059198
1.385755
1.887041
0.7232944
1.389399
0.3942213
0.7709652
0.4865465
2.295718
2.380117
3.04514
2.250796
1.244305
0.9142331
2.435552
2.648685
3.932562
2.883975
2.344283
1.349235
2.22102
2.700068
3.228222
2.622125
2.950491
1.754133
2.257094
3.28712
2.447229
2.720469
3.25126
4.006864
2.955986
1.956908
3.000833
2.40577
1.74489
2.925092
3.197467
3.194373
2.92032
2.53974
3.167232
1.977816
1.228245
2.940986
3.458756
1.932207
1.927814
2.2103
0.7157635
2.016592
3.440594
2.05927
2.368913
3.272341
2.278224
1.792553
2.201715
2.991698
2.630867
2.385468
2.868106
3.293666
1.443952
3.252749
2.903183
2.268333
3.639907
3.476702
3.313322
3.619612
4.751516
3.500148
4.02113
3.234563
4.228603
4.132433
4.54512
4.163829
2.962192
1.555168
1.986539
1.630877
2.765277
3.251184
2.694083
0.791896
1.266524
1.678344
1.622685
3.412241
2.592434
1.777869
1.371912
1.186541
0.9584785
3.083673
4.216761
3.861635
2.488578
2.736789
4.192583
3.049389
3.192686
3.350818
3.8439
5.286223
5.770066
4.373807
4.303379
4.113023
3.939355
3.164891
4.227635
4.204494
4.560731
3.958809
1.632963
1.771165
1.996567
1.584243
1.854985
0.9221205
1.619971
0.981269
0.7393181
0.7243715
0.6203012
1.285839
1.382496
0.8412151
1.627692
2.198695
2.166826
2.5777
2.127742
3.233702
3.605606
3.514723
4.909951
5.200728
3.18692
4.765179
4.73185
4.770929
4.502425
4.789389
4.179493
3.197318
3.400561
3.331619
3.558047
3.308208
3.468021
2.388577
0.4638235
2.102356
1.792852
2.428727
0.8912523
1.003139
1.443128
0.6102052
0.8653736
2.138503
2.471132
1.402504
1.246029
2.431452
2.830777
2.466176
2.724281
1.614027
2.46741
4.091994
5.295204
3.838692
4.410359
3.488279
2.645889
3.158888
3.747566
4.561338
6.162702
3.925571
3.106413
2.185727
3.100022
3.620368
2.694468
1.223645
3.197101
1.428097
1.562774
2.4786
1.349447
0.4556413
0.922554
0.1369744
1.788722
2.375808
1.810355
1.367005
1.665045
2.426275
2.002056
1.662712
3.400046
3.813816
3.300336
2.259521
3.708752
3.360055
3.503069
2.621792
2.932698
2.156228
3.60827
2.863123
3.33255
2.925598
3.232018
3.244751
1.259545
2.845537
2.873605
3.780427
3.619189
3.350747
2.460885
2.885205
1.608283
1.646183
2.528731
2.688797
3.009652
2.137508
2.506512
1.939639
2.574975
0.7629063
2.908312
1.772594
2.918066
2.996232
3.772514
2.517017
2.913212
1.304877
1.97511
2.832547
4.181435
4.59973
3.76584
0.620443
2.052139
2.980683
2.014453
2.325733
3.354351
2.770378
2.819567
2.046776
3.932225
3.853253
3.103805
3.117393
2.847946
2.75151
5.242627
3.741995
5.032151
3.355877
2.412366
2.078315
2.515437
3.333953
3.500005
1.684651
2.615689
2.24351
2.055077
1.626834
1.199811
1.393198
3.557905
3.143096
2.272572
2.044357
2.546633
1.910018
1.464055
2.253349
1.998023
3.567929
3.628889
3.009259
3.695117
3.343082
2.417175
3.060973
3.252123
4.283845
3.799346
3.962739
4.284177
3.815326
3.008803
2.754243
3.860391
4.917684
3.20336
2.538509
2.246553
3.776135
2.854939
1.399303
1.852422
2.571286
1.319493
2.104067
2.13313
1.8124
1.254449
2.108084
1.058948
1.200102
1.993769
2.87004
3.392009
2.428417
2.416904
3.554265
3.662893
3.11975
4.324545
2.725442
2.720051
3.727861
4.555467
4.541182
4.473971
2.204192
2.120039
3.442875
3.444686
3.993709
4.404503
3.706268
2.816066
1.822554
1.731083
3.830696
3.896746
4.50088
2.525705
1.703354
1.830228
2.432214
1.2685
0.6755068
2.376179
3.355267
2.608501
3.347525
3.732258
2.585119
1.652607
2.660557
3.589627
2.55184
2.595807
2.76414
3.528339
1.902766
2.420996
1.846807
2.667596
3.127027
4.728919
2.205251
2.52067
3.245999
3.753699
2.311443
3.748336
2.856985
3.232377
2.683619
2.637255
2.677888
2.805844
3.876781
3.412941
1.863518
2.565573
3.185204
1.871938
3.724018
3.637408
3.58946
3.328744
2.181847
3.435893
2.580551
1.63596
1.32699
2.116018
2.718153
2.931364
2.465531
0.4323829
1.065509
1.35187
1.949004
3.2435
3.686869
3.964136
2.858349
1.227664
2.61647
3.971337
4.850082
5.554292
4.522936
3.875657
3.944086
2.849009
2.651627
5.108321
4.331429
4.866084
4.447347
3.961975
2.790564
2.989283
3.420006
4.289362
3.881139
3.149402
1.965792
2.954159
2.315855
1.49667
1.647302
2.552694
1.840556
2.218067
0.8312219
0.3128653
1.783539
1.495221
1.455165
2.326226
1.865383
3.168905
4.088199
1.881918
3.006828
4.425474
5.105705
5.633626
5.732208
5.358366
5.393754
4.686817
3.712901
6.058409
5.998828
5.263652
5.241662
5.278862
3.571044
2.014202
2.889219
4.669024
4.524722
4.488302
3.306429
0.6095693
2.015799
2.14363
2.082921
1.30367
2.820938
2.826587
3.001071
1.05901
1.34558
1.725131
2.355196
2.925848
4.449558
3.435382
3.891171
3.944109
4.788767
3.780747
4.650979
6.183575
6.909035
6.14917
6.456693
4.845768
4.055515
6.027668
7.038994
5.423868
5.07574
4.271933
3.324369
2.964055
2.847652
3.97473
4.568055
3.284815
2.100432
1.449661
1.046791
2.227513
3.047745
2.601362
1.770217
2.62062
2.75238
3.025797
1.8592
3.042161
2.9568
3.083851
5.238034
5.1808
4.873646
5.026625
3.077465
3.747849
5.433354
5.503617
6.250116
7.218332
5.601149
2.849831
3.046479
4.588682
5.768806
6.393883
4.64262
3.887211
3.228159
2.53073
2.098407
3.464383
3.925251
5.26348
4.381345
2.438177
1.852514
1.6019
3.449092
4.280642
2.851787
2.867475
2.04894
2.724732
2.631193
2.89882
2.875859
3.72399
1.711301
4.394578
4.039113
3.744514
3.61003
3.304456
4.219259
4.555965
4.587709
3.960487
4.485257
3.799849
3.899044
1.436396
4.817331
5.444394
6.011202
4.455992
1.928106
2.308016
4.25734
4.394835
4.491992
5.00338
3.206634
2.31969
3.528352
2.945473
1.824864
3.201924
4.106423
3.744721
2.417206
2.404871
2.360382
1.203217
0.8692303
2.069493
3.127235
3.804485
4.111645
3.952375
1.777945
1.102558
4.491804
4.636889
4.890091
5.511701
3.771313
3.7103
3.3971
3.306849
4.071793
4.997404
5.529712
4.257494
3.246401
2.881105
4.51828
3.562875
3.433465
3.602164
3.172019
2.913912
3.023673
3.477097
3.882062
2.49665
2.315301
2.652356
1.390048
1.554494
2.658606
1.83667
1.151679
1.330513
1.427003
0.7109751
1.451932
1.790886
1.954386
2.401381
2.142745
3.202753
3.854995
5.362804
3.843666
3.56212
3.214949
4.183727
4.419776
5.19873
5.697342
4.90497
3.848864
3.101649
2.323242
4.325813
5.027517
4.762835
3.759804
2.781772
2.526485
2.965663
2.914
3.088079
3.468132
3.730752
4.419806
2.851167
1.018486
0.6708509
0.8112172
2.233252
4.135158
3.630873
2.580812
2.165542
3.568064
2.509139
2.015813
2.822246
5.064583
4.279603
3.748518
3.901239
3.308324
4.281422
5.102341
4.436508
3.032915
3.661099
4.144514
4.801784
3.823652
4.46296
3.354338
3.062669
3.375194
3.353604
3.409154
3.377313
4.126152
3.926651
2.969151
1.304526
2.787851
2.715299
2.67087
2.501233
3.008351
3.384401
3.610731
2.715474
3.515566
2.44849
3.30001
3.808162
3.287967
4.171762
4.156647
4.614223
3.885443
3.436274
2.431773
3.626748
2.925972
4.607946
3.900976
4.349618
3.03196
2.906917
2.544832
3.607171
3.922333
5.139664
5.68045
3.885527
3.673078
3.929368
2.447498
4.192588
5.730696
5.200751
3.71823
3.827692
4.184632
2.833586
3.669778
3.968651
3.677525
2.43114
3.558652
4.141698
2.465429
3.746
4.145149
3.657793
2.07921
2.661313
2.844559
3.864622
4.492439
3.363102
2.849161
3.044145
3.127963
2.904572
2.239697
3.125368
4.665734
4.276292
5.002964
3.312971
3.127321
5.196567
5.234597
5.236581
5.050153
5.657719
6.477064
5.930791
5.08767
3.774259
5.405897
4.499336
4.294302
4.232868
3.776285
3.641696
3.428124
2.565686
2.165347
1.724558
2.015903
2.935138
2.714393
2.547745
3.410164
2.601937
2.528352
2.976504
3.827829
3.634374
3.075721
4.454586
4.867765
4.758455
3.7784
3.989687
3.786533
5.106086
5.916749
5.183657
5.234074
5.660838
5.126048
6.255309
5.938683
5.321981
5.003356
4.931428
5.295839
4.926051
4.298884
4.649916
3.181528
2.51646
1.452047
1.897694
3.081268
4.608484
3.510333
2.325724
1.494202
2.146565
2.200045
2.889005
3.463931
4.143289
4.691285
4.777062
3.66953
3.460825
5.389687
4.617314
5.409772
4.193863
6.174022
5.342359
4.824581
4.948123
5.797162
4.070612
4.777562
5.799413
5.52457
4.956877
3.734791
5.042732
3.821554
3.520359
3.808247
3.627164
1.82871
3.594322
3.324585
2.328295
1.809165
3.225677
3.178956
2.44934
2.541797
3.274205
3.258366
3.101048
3.376292
3.77194
4.411594
4.156893
3.611086
2.38873
4.79113
4.940398
4.565492
5.177656
4.209756
3.733739
2.711816
5.397809
4.536863
4.484061
4.482802
5.510204
4.085917
4.360938
3.605542
2.32997
3.371917
5.418105
4.605126
3.11839
3.482337
3.020398
1.739035
2.777458
2.999013
3.446842
4.246322
4.090321
3.049381
1.976334
2.727131
3.455114
3.860784
3.77955
2.960673
1.930436
3.20143
3.833946
2.532047
3.49705
2.94153
2.059191
3.945877
4.57942
3.142991
2.579645
3.814289
4.930199
3.916411
3.567962
4.183943
4.041457
4.224286
4.334834
3.253777
5.284057
5.588603
4.514848
2.651515
2.260481
4.357438
3.512412
3.228761
2.485396
3.513013
2.336894
2.981746
1.246024
1.768006
2.025676
2.656142
2.582826
4.063141
3.742802
2.404193
1.061395
2.016517
2.14263
4.230493
3.264764
3.971061
2.765364
3.150204
2.356637
3.380707
3.76227
5.097413
5.293156
4.652866
4.091571
5.301932
5.229059
3.668143
5.290862
5.952414
4.126063
4.339069
3.705544
3.432256
3.192965
2.784306
3.059763
2.317903
1.791825
2.252805
1.867809
2.416778
2.267909
1.450886
1.626538
2.573483
2.20571
1.36857
1.795089
2.311482
3.617214
4.098869
3.700703
3.583074
4.317033
4.027032
3.524321
2.789467
5.222222
6.293204
5.669716
3.70336
3.301914
4.405682
4.591558
6.27815
5.274761
4.528376
3.92339
4.614966
3.175869
3.504062
3.200339
2.877216
3.072887
3.926996
2.934756
1.512274
0.5343943
1.500174
1.534414
1.233286
1.931689
2.569311
4.506117
3.774515
2.205391
2.111322
2.971524
3.561459
5.231647
4.656707
4.463326
4.481699
3.984988
4.83101
3.878281
4.010211
5.15777
4.045455
4.364037
4.293926
3.785201
4.276926
4.509737
3.564292
3.066939
2.616028
4.763977
3.971665
3.334976
2.433841
2.204881
2.415318
3.193653
1.973482
2.142087
1.858963
2.396772
3.243289
3.878623
2.930053
2.87333
2.919828
2.470907
2.386648
3.32681
5.099942
5.33552
4.61958
3.098567
3.539669
2.128091
3.166555
5.071352
5.794721
3.02516
3.87919
2.876868
2.444692
3.749733
3.699439
3.182992
2.839533
3.496947
4.361692
3.107411
2.130753
3.015445
2.485347
3.695649
3.095083
4.61414
4.52061
3.633488
2.97109
2.358027
3.435097
4.173837
3.323442
3.916934
4.199569
3.254641
3.143163
2.629077
2.532994
2.727842
3.307203
2.999141
3.549134
1.565903
2.763701
2.964851
3.680987
2.405081
2.934989
1.952574
3.496856
4.060522
4.389598
3.94353
3.526013
3.637859
4.699454
2.493218
3.955456
5.633227
4.846422
3.339517
4.666208
3.573755
2.96077
4.077505
3.827108
3.198261
4.57075
5.270834
4.401382
3.11434
2.873549
1.18471
2.220052
3.70938
4.256627
4.127439
3.410812
1.521339
2.130815
2.405884
2.253858
2.788173
2.895037
3.911021
3.309711
2.553252
3.726185
4.698701
4.014712
4.203191
3.38558
4.34226
5.845151
6.133153
5.333589
4.241827
3.650158
3.88509
4.616188
4.822441
5.041517
4.169277
3.608468
3.724426
3.970197
1.700133
3.586751
3.705744
4.118831
2.776815
2.123022
2.32196
2.131477
2.313063
3.343669
3.518099
2.161381
2.880988
4.145566
4.057811
4.101151
4.005716
3.988785
3.955359
3.45974
3.475678
5.176945
4.573586
6.161124
5.02114
3.091716
4.918675
4.651038
4.619962
5.856891
4.979091
4.140708
4.539899
3.257993
2.381227
3.295428
3.470664
3.675114
2.846156
1.584425
3.777634
3.030854
1.883245
2.378361
2.380127
2.289278
3.950265
4.104718
3.052143
2.889381
3.917429
5.066676
4.88627
3.178111
3.14271
3.124582
4.880624
4.864519
4.520472
4.335156
3.893895
2.923592
3.648337
3.059227
4.993173
5.384441
3.75035
3.407215
2.93267
3.421854
2.337201
4.56939
4.656045
3.767126
2.300442
2.978053
3.917564
3.219643
1.950939
2.940952
3.361761
3.26123
3.843059
3.029715
2.656323
3.59842
3.436525
2.902817
3.126004
1.698835
4.13489
3.517614
3.991584
3.097427
2.729966
2.302446
2.896509
3.521765
2.589709
3.841219
3.878763
4.081779
3.087689
2.008559
2.550555
5.060056
5.211658
2.970126
1.451463
2.6061
3.618715
5.250793
3.711645
2.363175
2.860038
3.488226
3.617339
3.539517
3.876815
5.325478
3.937148
1.14927
2.519037
1.544339
2.799822
2.935307
3.241924
1.721663
1.867315
1.384681
1.290501
1.207225
1.407815
2.947416
2.659474
2.562804
3.208769
2.715271
1.969514
3.040228
2.944144
3.566313
4.446377
3.453598
4.357201
4.316082
2.864321
3.545802
3.221123
3.86018
4.674289
3.048751
2.47193
4.224508
3.409812
2.41556
3.067214
3.010548
3.251602
2.513772
2.044553
2.200968
1.487335
1.588893
1.823444
1.288665
0.4532724
2.293516
1.575625
0.9479138
2.685247
2.368531
0.8760626
1.756896
2.761753
3.619576
3.170726
1.888217
2.742115
5.202607
4.170203
4.953419
3.660698
3.847284
2.63679
3.227498
3.875063
5.013802
3.763602
3.652585
1.561663
2.682088
4.035041
4.828353
2.776156
2.682323
1.890632
1.635284
1.965423
2.936485
2.028267
1.902546
1.453595
2.421558
2.240869
0.1470292
1.010092
1.159453
1.907947
3.093404
1.644151
1.733026
2.599536
3.824125
3.815002
2.233213
2.202446
4.107316
3.777812
4.120554
3.30834
3.312045
4.630524
2.242442
3.350203
3.129054
4.111757
2.210726
2.527134
2.863593
2.40374
2.899476
2.713427
1.492146
2.118668
3.073901
1.721925
2.000218
2.821241
2.699864
2.367236
1.450215
2.537736
2.821233
1.151447
1.618638
3.006838
2.480273
3.205884
4.41387
2.533318
2.152298
2.057349
1.81869
3.417044
3.556015
4.778399
3.621169
2.427881
1.570743
2.913318
2.608981
3.74052
4.215204
3.22786
3.085501
2.077508
2.710736
2.730312
2.696805
3.263159
4.613612
2.877798
3.14605
2.038152
2.397688
4.142448
4.441921
2.472597
2.802859
2.701982
4.334109
2.764694
3.052503
2.630295
3.330183
1.991502
2.314357
2.326858
2.984426
3.797645
3.659508
2.032166
2.085678
2.922676
3.545018
3.323336
3.197256
2.025997
3.881394
3.585533
2.605465
4.759219
2.955309
3.068006
2.21348
4.357231
3.664196
5.114203
3.88718
5.168202
3.574383
3.140079
4.036081
3.959346
4.546655
5.128234
3.596714
3.249128
2.501383
1.524755
2.014081
2.296637
3.106723
3.79209
2.34109
2.304861
2.213884
0.6644602
2.199395
2.667133
3.160759
3.69958
4.663634
3.35322
2.727967
3.923187
3.94557
4.845044
2.987225
4.916844
5.126799
4.286658
3.441769
3.780509
3.817447
4.385913
3.542554
4.325424
4.940607
2.790446
4.212969
4.423473
3.671674
3.211969
2.892416
2.569797
2.846631
2.633711
2.368388
1.130525
1.975253
1.571043
1.903963
1.146857
1.518376
1.581176
2.654703
2.252213
2.847718
4.603249
3.622892
3.051972
3.180408
2.726895
5.557367
4.0545
4.641687
4.62907
5.201208
3.078737
3.767816
1.896831
4.515857
4.041805
3.677564
3.177583
3.00819
2.46019
1.594892
2.031023
4.318896
3.274569
2.208911
2.521309
2.343672
1.074244
1.786217
0.8958079
1.84853
3.056013
2.528911
2.180405
0.9352863
2.058188
1.151815
1.957609
2.341827
2.701348
2.780744
2.591259
3.042148
3.005133
4.10573
3.210112
2.787363
2.891363
3.85088
3.150708
2.395639
3.718655
3.028148
2.138352
1.021994
2.161606
2.3945
1.789427
1.50856
1.596406
2.363411
1.837707
3.049617
1.537917
1.514298
2.187281
1.064189
1.788732
2.983558
2.729214
2.510466
2.665835
1.392571
2.583825
3.719282
2.29097
3.003578
1.59236
2.511136
1.402635
1.645
2.303841
2.58873
1.271792
2.476362
2.891276
2.020337
2.090973
2.873327
0.571561
1.846899
1.980059
3.155625
2.848062
2.669622
2.453652
2.559577
1.019026
2.611621
2.768933
3.034674
2.926505
1.492863
1.908572
2.035178
2.821621
1.771338
2.822748
2.343789
1.676305
2.6296
2.69729
2.465366
1.848336
1.711609
1.577325
1.896394
1.810291
1.156394
1.351045
2.045184
2.240253
2.419813
0.8797281
2.032128
3.23939
2.828002
1.316357
2.388331
3.505988
3.240118
2.270903
2.848646
4.114501
1.645355
2.82444
2.868317
4.553792
4.804991
3.879543
1.711815
2.202077
3.462748
3.243068
3.755128
3.980603
2.290402
1.07726
2.078999
3.101294
2.992875
3.541233
0.9573345
1.782148
1.51344
2.377395
1.665143
1.077117
2.70035
2.781653
2.44193
2.352046
3.311212
3.795331
3.273987
3.324143
2.370924
2.880899
3.604188
3.422814
2.581813
2.957489
4.818026
2.605037
3.226592
3.372214
4.214979
2.853386
4.559673
2.578243
3.513322
2.632369
2.515855
2.64701
2.376435
1.19681
1.541413
2.645928
1.717053
0.6429089
1.57369
1.111271
1.964271
0.5254713
3.246233
1.917102
1.89879
3.340073
4.056578
3.107983
2.953708
3.107788
3.439027
2.394395
3.069611
3.848836
4.221676
2.813509
3.736059
2.029266
2.330394
2.788279
2.843897
3.325619
3.869766
3.29335
1.190469
2.78558
2.140651
2.623732
2.702544
2.06585
2.191818
2.855573
2.081051
0.83318
1.558703
2.077397
2.934455
1.698518
1.864629
2.58714
2.018818
2.103463
2.699206
2.265581
3.030397
3.046241
2.14624
2.629584
3.432115
2.788289
4.338765
1.858325
2.094563
2.135559
2.035132
2.557256
2.462377
2.749503
1.714405
1.204516
2.714275
2.415377
2.879105
1.338204
2.274214
2.419838
3.245742
1.737593
3.328759
2.406517
2.616618
1.978883
2.543999
3.603816
2.716904
3.254334
2.714499
2.570159
1.657372
2.571852
2.320076
2.623646
2.757754
3.111987
1.771797
0.7931544
1.485948
1.924045
0.9293858
2.012652
2.780446
1.836289
1.117268
2.577754
3.30194
1.851405
2.605713
2.012534
2.716986
2.649625
4.225479
3.108013
3.015321
2.169454
3.787022
3.180343
2.587257
4.372722
4.455035
2.670645
2.777866
3.428871
3.828678
2.919176
3.511524
2.691773
2.101959
2.348735
3.538543
2.821577
1.60142
1.579549
0.5282583
1.003985
2.242085
2.122854
2.124287
1.586358
0.9267144
1.704491
2.475857
2.235249
1.980435
2.827013
3.212227
3.53726
3.532077
4.217151
3.571241
5.181682
3.472354
3.545011
4.762557
4.841198
3.815726
3.954223
3.24859
1.719301
3.692436
3.17485
2.374143
2.678688
3.169185
2.739064
1.407248
1.892968
1.752117
2.379032
1.617114
2.153712
1.802136
0.8554364
2.605681
2.393594
2.750539
1.278656
2.427846
2.286058
3.270477
3.102579
2.972823
3.916825
3.820288
2.561236
3.481624
4.120956
4.893371
4.490626
4.790562
3.950152
3.718905
3.302422
3.941913
3.65624
3.416185
3.592442
2.516364
1.130042
2.399153
3.274728
1.526245
1.27846
0.6925637
1.66319
1.531174
1.532511
2.552924
2.757811
1.974907
1.733347
1.83774
2.236837
3.414965
3.916833
3.325213
2.290791
3.043157
3.546221
1.777181
3.215682
4.181397
3.215768
2.771961
3.314709
3.448605
3.057049
3.287724
4.322092
2.873481
1.99845
3.804131
4.06939
3.276879
3.454411
1.771797
1.333763
2.555359
1.752526
3.580312
1.689681
1.846032
2.638671
2.269794
1.550535
2.186378
1.493842
2.45743
2.548434
2.077443
2.828164
3.286723
2.52608
0.9719216
1.981177
2.862052
2.766312
2.459423
3.020041
2.625783
2.336518
0.6979811
2.564137
2.626699
3.573326
2.314836
2.329931
2.991504
2.158713
2.300029
2.901844
3.257445
2.661399
2.585491
1.979389
2.655018
3.331588
3.859382
1.979374
1.537627
2.113974
2.132614
2.449259
3.227304
2.428441
2.075524
0.6387243
1.311451
2.829781
3.241676
1.600757
1.18481
0.9145086
1.387163
0.5921596
2.010154
1.766745
1.880757
1.501919
1.057054
1.489306
1.753931
3.242934
4.353158
3.250461
1.040184
3.832263
2.91746
2.259437
3.813552
3.113065
2.61404
2.784924
2.009368
3.122339
1.750323
2.202404
2.85197
3.001985
2.979557
2.562692
1.22491
2.314431
3.5185
1.848104
2.492189
2.065807
1.528626
0.9177786
1.305958
0.9059966
1.293715
0.7866622
1.085535
1.335854
1.866819
1.669049
2.035866
1.770865
2.296147
3.457802
3.324376
2.79899
3.025854
4.224388
4.43893
4.402282
1.671266
3.16486
4.401059
2.597743
2.035178
3.213515
3.505058
1.550803
1.85988
2.569076
3.512491
3.343035
2.327627
2.515411
3.492366
2.907315
1.513711
1.804395
3.503136
3.069657
0.7176416
1.775395
1.706588
1.211003
3.372832
2.436248
2.097094
2.510145
2.780007
2.692178
2.570004
3.589414
4.207063
4.339169
3.54765
4.576859
4.110827
2.201499
3.518394
4.559866
4.953249
3.853982
2.085836
2.54197
3.073674
2.396561
1.955887
3.477222
2.686699
1.607688
1.571294
2.415299
2.957254
2.863163
2.212326
2.127934
3.621663
4.148647
5.200586
3.012741
2.385905
2.902001
3.720846
3.155143
4.836841
4.361684
4.588611
2.273999
2.594735
4.445632
4.165163
3.376508
3.862937
4.185949
3.037357
3.671693
2.964651
2.978016
3.473345
4.931097
2.748981
2.345336
2.129189
3.423371
3.134627
2.853099
2.906878
2.909552
3.095505
2.930064
3.033916
4.129618
3.434919
4.031546
3.539529
4.024804
4.073487
4.305074
3.192096
4.111235
3.947407
3.710557
3.976921
4.340649
3.91554
2.865311
2.04527
2.602409
3.568414
4.112909
2.938314
2.920684
3.048861
2.908278
2.054802
2.236537
3.509501
3.560921
4.435321
3.373126
2.67957
3.702325
4.990997
2.785026
2.934314
4.55363
5.343731
4.674146
5.02162
3.410594
1.913988
4.879652
5.15855
3.783592
5.014521
3.435542
1.878523
2.499394
3.558329
1.684925
1.884723
3.10845
3.468371
2.710476
1.187119
1.263264
3.318119
2.849322
3.46342
2.948833
2.470189
3.474074
3.587658
1.872853
3.610771
4.624323
4.239634
3.087987
3.310918
2.373171
4.331583
4.824236
3.786831
3.442986
4.326976
3.125139
3.727197
4.209589
4.259218
2.252062
2.881531
3.817442
2.908509
2.768544
1.11765
1.549469
1.053464
1.852246
0.7110909
1.091925
2.202662
2.04171
2.262948
2.384955
0.3177609
2.24191
3.139152
2.977961
3.161276
3.389145
1.872025
2.679054
2.676973
3.844318
3.730576
4.333015
3.535479
3.984917
2.120186
2.142965
3.51777
4.435506
4.038273
2.269045
1.951742
3.431485
1.727228
1.581566
1.989674
3.245388
2.773006
3.021074
1.524563
1.020008
1.043995
1.556371
1.603468
1.313525
1.711975
1.551295
2.457627
1.703741
1.990604
3.130624
2.768941
2.508826
2.297194
0.6252421
2.431492
2.89912
4.180293
4.251152
3.549976
2.430157
2.630949
2.405594
3.560078
2.462191
2.227883
3.900474
2.146344
1.682283
1.902437
1.848014
2.646076
2.735425
0.9397095
1.715266
2.833715
3.942931
2.846128
1.321426
1.568362
1.607141
2.078799
3.414617
2.879759
2.025423
1.448421
1.577549
0.8339518
2.949454
2.863976
3.443138
2.774685
2.147225
1.380527
2.014944
3.484301
3.642669
4.035012
2.816674
1.699188
3.40447
2.866526
2.999136
1.607661
3.288852
4.294269
3.900096
3.011595
2.497273
2.463095
3.107332
3.216071
3.493857
2.990286
4.635456
3.042484
2.492794
1.535616
3.01105
3.504427
4.310892
2.490126
2.465928
1.124937
1.977933
3.153917
3.287832
2.792886
1.67765
0.7953408
1.98796
2.861018
0.9900337
1.846196
3.771996
3.142714
3.097381
2.42101
2.284726
3.386983
2.93879
3.832984
3.417039
4.042337
4.861037
4.834732
3.615073
3.514143
4.352059
4.967009
4.295446
3.3428
4.37608
4.6735
2.948297
2.132938
2.245336
2.525344
2.460241
3.013998
1.941099
1.934059
0.4268579
1.927038
1.781352
2.375636
1.709676
1.493083
1.980158
2.911912
2.274746
1.098301
1.905265
4.117225
4.45611
3.506032
3.663145
3.089647
3.330369
4.477238
3.848943
4.569134
5.529153
4.71506
4.190949
3.695942
4.286233
4.286143
3.934433
5.199286
4.365682
2.090076
2.199883
2.507302
1.262726
3.450304
2.885185
0.6795762
1.697183
2.028012
1.703175
1.128321
1.614671
2.116199
2.329247
1.345059
2.538241
1.424121
2.483757
2.867529
2.579158
3.914456
5.752653
4.369415
4.539936
2.752333
3.33835
3.913255
5.875391
4.268152
3.656229
2.9334
2.798562
4.36789
2.703159
3.534091
2.643002
1.421506
2.213852
3.548233
3.066412
1.47054
1.119738
1.865511
1.757983
1.549985
1.440708
1.674136
2.12224
1.576947
0.2761981
1.503824
1.548969
3.125441
3.554652
2.227722
2.51797
2.34973
3.383095
3.116845
4.987118
4.553877
4.84415
2.291368
3.140772
3.535452
3.366607
3.313725
3.863362
3.164456
2.108988
1.688794
1.833655
2.543924
2.354932
1.849561
1.942507
2.24887
2.931692
2.122126
1.444685
2.31472
2.235327
2.811608
2.444973
2.825829
3.758419
2.098482
1.682823
2.766139
4.598365
3.771098
3.627574
1.081582
2.93248
2.621803
3.514939
3.452962
3.455872
2.475347
2.506276
1.859277
2.577698
3.952557
3.380922
2.085381
2.24869
2.351017
2.953005
2.096803
2.506812
2.856375
2.961439
3.020923
1.27726
2.916857
3.488211
3.855309
3.34786
2.422534
3.380145
3.409829
3.606201
3.726528
4.444904
2.974488
4.3396
2.054482
2.609265
4.368325
3.207793
4.113574
3.369893
1.563428
1.401019
2.855491
2.206121
3.260359
3.290263
1.617243
2.546552
1.70463
2.811075
3.070923
1.502865
3.302615
4.280452
3.215647
2.309618
3.315275
3.753766
3.836164
3.388961
4.769453
4.146482
3.936337
4.197679
3.867318
3.173514
3.884258
4.953119
3.379293
2.634013
3.925166
2.27131
2.164562
2.04331
3.569214
2.717753
1.73
1.721089
2.981454
2.640127
1.524653
3.151762
2.51521
2.446894
3.702436
2.570016
2.749635
3.010299
3.53701
2.66009
2.962911
2.471037
3.546464
3.84425
2.962266
4.342265
3.612152
2.928638
3.178565
4.190474
4.533726
5.594079
3.75796
2.169968
2.721355
1.749166
3.682702
4.549329
3.492708
2.742809
0.425796
0.7969216
2.351016
2.865175
1.905884
2.775184
2.879069
2.03602
2.336377
1.40979
3.065244
3.572839
4.360911
2.432756
3.444869
2.57168
2.776637
3.025176
1.906044
2.773823
2.535569
3.151195
2.170373
1.566023
2.136463
2.516589
2.055956
3.86795
3.62114
1.70646
2.072215
2.904948
1.925797
2.503708
1.776067
2.682737
3.807354
3.171943
1.878479
1.577392
1.011419
3.245721
2.772242
1.067917
2.486071
2.575117
2.468599
2.086966
1.333852
3.18415
2.533858
1.945417
2.117973
3.74831
0.9934047
1.401254
1.493977
1.544712
0.933401
1.635274
1.212212
1.671811
0.2717333
1.044237
0.2537372
1.71637
3.616913
4.630045
1.717124
0.6182222
2.243745
2.438874
2.229293
3.157253
3.612155
3.201605
3.208673
1.662692
2.894479
1.111965
3.470353
3.343072
2.473147
2.254054
1.066535
0.5456734
1.947777
1.714762
0.7893823
1.968579
0.885675
0.4911049
0.515165
0.9595499
1.228217
2.168121
1.436619
1.724965
0.4060703
0.8173315
1.961758
1.00637
1.339857
3.015988
3.107938
2.73619
2.071411
2.335458
3.53158
3.87113
3.963723
2.611187
4.311246
4.775145
3.484033
2.925249
2.01972
3.791806
3.914584
2.274031
2.313438
2.453
1.907034
0.5084551
0.9636357
2.853858
2.432528
1.2832
0.3364593
0.7304901
0.1305118
0.3413618
0.5156712
0.5142252
2.171806
2.435107
0.638907
2.57841
3.139501
2.037458
3.051563
3.065513
3.473914
5.135707
5.90149
4.117783
4.418571
3.245198
4.74869
4.268895
4.493467
6.180872
4.507828
2.353361
2.291683
3.270933
2.388931
3.221607
3.297062
2.913185
1.072328
0.8073782
2.047155
2.154896
2.421192
2.786384
2.141925
0.5696309
1.576917
2.81769
1.714716
0.9986156
3.318295
3.914809
3.019543
2.120114
3.934294
3.573816
4.940459
4.054706
5.690711
4.36832
5.435004
4.669416
4.854895
4.922092
4.232972
4.553203
5.020506
4.127814
4.542059
3.109834
0.7998352
2.459994
2.732325
3.168767
2.11737
1.565557
2.310798
1.872486
0.39904
2.350479
4.132162
3.272468
2.969681
1.672947
2.879616
2.987849
3.750543
2.549811
3.693458
2.676103
3.33548
3.823946
3.491107
4.02462
3.399138
2.8471
2.716596
4.827298
4.722921
4.85697
3.083324
3.377523
3.030467
3.037595
2.42593
4.979975
4.205981
4.182121
2.159189
1.329868
2.753427
4.57726
1.887598
2.711996
2.113318
1.958097
1.862062
3.099356
2.548742
2.733551
3.625787
2.125281
3.127216
2.851089
2.760841
2.915011
4.058507
2.636685
2.858856
2.087748
2.296667
2.115052
2.856041
2.203019
2.286682
2.144707
3.912558
2.89424
0.975217
2.347788
4.185734
2.829726
2.073378
3.669612
3.460827
4.302269
3.395677
1.157919
2.759058
4.39955
4.563745
2.741895
1.304504
3.623185
2.898706
1.766159
3.122378
2.930277
1.501031
2.513384
2.054601
1.951085
1.66702
1.029435
1.281774
1.190908
1.095984
1.93678
1.255872
1.251479
2.063434
3.161275
0.9841305
1.858475
0.7733369
3.480047
3.255177
2.496731
2.402769
3.1273
2.351348
1.999076
2.900142
3.230778
3.518142
2.244541
3.135026
1.30972
2.386164
2.979222
3.196921
2.418278
2.158174
1.132573
2.799282
2.59546
1.666188
1.249627
0.5296355
1.033594
0.7739798
0.7603007
0.2054888
0.9432724
1.079381
1.682387
0.8956029
0.8197939
1.618422
3.794839
1.479642
1.453893
2.723824
2.951823
2.456909
2.405888
1.182804
2.390075
3.229594
1.874016
3.648703
2.726054
1.758709
2.151175
3.101198
2.061147
2.550169
2.209988
2.916005
2.131568
2.682165
1.985503
1.280048
2.406906
2.658325
0.5625705
2.228036
2.515632
1.652668
1.162724
1.238095
0.7186738
1.216459
2.306216
0.3972623
2.021525
3.247
2.961902
1.955594
0.675846
1.090008
2.314397
4.351299
3.98047
3.214844
2.002949
2.033258
1.302055
3.310496
3.903727
2.806515
2.10808
1.544277
1.421852
1.212607
3.127205
2.394976
2.543754
2.050813
1.81417
1.955257
2.980724
2.807639
3.120589
1.79606
2.944212
3.080785
5.195996
1.634999
2.749027
2.560349
2.786947
2.792365
4.175616
1.587
2.67765
1.379603
2.105335
2.487194
3.266029
1.517693
1.758871
1.598158
2.823521
1.662616
1.030559
2.884003
2.448279
2.46301
2.108155
1.9106
1.33712
2.775635
1.593533
2.437378
3.029589
3.908779
3.64157
2.846993
1.735046
4.403798
4.283831
3.334776
4.042318
4.466714
4.393502
4.889312
2.994159
2.572956
2.774289
2.857662
3.216207
3.734672
2.985504
2.541285
0.8183428
0.3543139
1.308858
1.539567
2.015538
2.563401
2.010673
1.20016
0.8411166
1.987021
2.766285
3.601546
3.65309
1.947712
1.528791
2.198695
3.696046
2.737036
5.300651
5.570745
4.167334
2.328284
4.205668
3.978195
4.621874
5.042219
4.306663
4.16442
3.702477
2.364289
1.885149
3.128074
2.023666
2.576387
1.259866
1.791968
1.691958
1.039144
0.2507679
0.1342545
0.3076005
1.565722
2.623328
0.905844
0.8025038
1.953783
1.567724
0.1888287
2.728013
3.773265
4.468461
2.87035
2.319517
2.598876
4.321312
3.416562
4.593241
4.546587
4.999527
4.181268
4.091406
2.679985
4.143911
3.153333
3.115664
4.126266
3.141161
2.412539
2.233449
0.5950474
0.9178828
1.603191
0.6798082
0.9288775
1.103658
1.905258
2.904657
1.601153
1.405739
1.48464
2.412024
3.338332
2.689823
1.072827
1.510729
2.003066
2.434382
4.983655
5.255764
4.566551
1.500819
1.989287
3.30517
4.333285
4.662505
5.271244
3.486872
2.108937
2.183491
2.622035
3.896586
4.377662
2.722367
3.036885
3.829908
1.164505
0.4201059
2.021426
1.438617
2.092372
2.510444
1.790641
1.083024
1.236732
1.659232
0.2708527
2.07226
4.092827
3.785631
2.179985
2.692328
2.233707
2.955493
2.360561
3.785915
2.913716
4.668024
2.903481
3.116127
1.761696
3.176734
1.777171
2.581235
2.377672
2.973919
3.251251
2.589919
1.4644
2.678069
2.676031
3.228299
3.268862
2.982617
3.615848
3.247847
2.420792
2.218123
3.616108
4.407857
3.15102
2.577098
3.727629
2.608259
1.407144
2.406538
3.81114
4.073792
3.628535
2.751085
2.072414
0.4819051
3.171675
3.875535
3.792486
4.02023
3.958263
2.235445
1.635251
0.7368097
2.40694
3.568544
4.247295
3.899007
4.326503
2.826387
0.2679449
2.665179
5.061419
5.439962
3.938677
3.991115
4.41083
2.855249
3.302941
4.508803
5.110176
5.520838
3.959705
3.356467
3.170076
2.834846
3.076159
2.774636
1.091825
3.46455
2.721356
1.293858
1.160229
2.086681
2.210763
1.0717
1.750265
2.23404
2.628787
2.542423
2.101634
2.116616
2.817313
2.868334
3.15802
3.560971
3.363715
4.243188
3.70355
2.755692
5.190857
4.471938
4.328817
3.830978
3.669921
4.444213
3.945351
2.000617
3.813397
4.669619
2.559177
2.724902
2.636867
0.8559238
1.005521
2.090639
1.639661
2.566909
3.014518
2.29223
1.167259
0.6129231
0.6520141
1.260586
1.969398
3.117111
3.661684
4.114888
2.132881
2.032195
1.337476
3.447958
3.98172
5.025331
4.73124
4.182422
1.98005
1.735482
5.021489
5.235014
4.229313
2.754396
2.489241
1.908269
2.342582
2.571864
3.111813
1.912785
1.178467
1.314263
2.086272
1.527559
1.881359
1.415515
1.017109
0.6012865
2.050933
2.183725
1.282894
2.424757
2.906115
3.270023
1.589418
1.663352
4.099974
3.743447
1.888347
1.884412
4.542747
4.2298
1.634209
1.418527
2.008288
2.45769
1.747013
2.620781
1.365624
2.671987
2.207341
2.125751
0.7247453
3.014128
1.629387
1.841442
1.295845
2.945741
3.56264
3.017094
0.9610087
1.365362
2.137837
2.558253
2.861642
3.557631
3.042395
2.576591
2.591005
2.885923
3.26926
2.026375
3.638344
3.601373
3.486183
4.375798
3.619845
1.224918
1.559891
2.533479
2.224332
1.096002
2.313483
2.056599
1.761326
1.50905
2.55699
2.53913
1.905908
1.298059
1.000508
2.196573
3.941806
3.697461
3.219446
3.533335
3.40254
2.681523
4.15311
4.684607
4.787094
5.423198
3.634059
3.136964
4.771008
3.066684
3.224833
4.870296
4.681705
4.354456
3.181828
1.590526
2.638658
3.915337
2.262715
1.441417
2.353759
2.79266
1.888646
1.134281
0.6428588
1.477456
1.943483
1.19009
2.234237
1.817187
2.291133
4.40374
3.135388
2.472119
2.960201
4.733919
4.985735
5.673415
6.215834
5.935776
3.446029
5.210964
7.380751
5.543263
4.353629
4.304787
6.018734
4.397725
3.251007
3.875221
4.631398
2.642665
2.375546
1.508505
2.689239
3.233709
3.410473
1.814925
1.565502
0.9262061
2.573406
3.209814
2.136628
2.445612
3.515596
3.673532
2.759092
3.538626
4.302897
4.330165
3.815498
4.579889
5.63573
5.351418
5.093478
5.917936
6.390825
4.578958
3.455712
4.931166
6.292678
6.247402
5.352522
3.585747
2.944569
3.288108
3.570904
2.895635
4.016655
5.130513
4.351838
1.815244
1.0509
3.24119
3.989629
3.481554
2.620912
3.696227
2.619884
3.219402
4.278999
3.766485
2.787732
4.674013
3.880985
3.309755
6.149766
4.919754
3.81829
3.71296
5.051639
5.461996
5.20671
3.983358
4.696443
4.33281
2.739758
3.690618
3.865867
4.688439
4.567132
2.782963
0.9476527
3.228055
3.569194
4.177494
4.116352
4.184722
2.729442
3.401329
2.659355
3.661782
3.409193
4.919727
4.616004
4.683599
2.80636
2.48381
3.151624
2.857683
4.275103
4.675031
2.401424
2.570414
3.988443
4.005243
2.463369
1.513527
4.247632
3.887269
2.50546
2.93097
4.350501
3.208508
2.67243
1.547327
2.388394
4.445873
4.914363
4.251376
2.402931
1.572379
3.287437
4.74232
3.269899
4.073353
4.051701
3.413091
2.642323
3.144293
4.787807
5.349559
4.192195
1.767197
3.740446
2.97004
2.355596
1.874952
3.051538
2.67375
1.22325
0.9675274
2.263949
1.35776
0.7117524
0.8465259
0.8615535
2.59585
4.593588
2.967161
1.791327
2.45148
2.715753
3.03228
4.300022
5.144368
5.068731
4.079421
2.716993
3.264712
3.001363
4.876307
4.822299
3.799958
4.128954
3.467027
1.571558
3.344503
2.975869
3.751646
3.426497
2.232172
2.286144
2.417222
1.087025
0.7422369
2.360247
1.984525
2.105565
1.2505
1.174585
1.96899
2.061351
1.159618
2.047372
2.062984
3.025346
3.63238
2.417666
3.031426
3.734982
4.351368
3.669377
4.854166
4.729176
4.295449
3.755232
3.615908
4.87402
3.841764
4.488348
4.261953
2.655489
3.0471
2.231605
1.859989
4.592033
4.036729
2.090451
1.887927
1.76865
0.7570981
1.539026
1.949869
1.979451
3.712109
2.81721
2.148771
2.695279
2.533428
1.605199
3.332409
2.754061
4.24412
5.188573
5.868598
3.376944
3.844499
3.010327
4.654624
4.429446
4.208468
5.146061
5.294547
3.38145
2.292739
3.38278
3.404158
3.883426
3.353965
4.392941
3.237005
2.63309
1.98407
2.649046
2.567645
3.557095
3.947812
3.380688
3.414131
2.461428
2.124199
3.860996
4.366476
3.899376
4.103164
3.12115
2.662569
4.958652
4.609924
4.235996
5.145554
4.389104
3.915643
2.261963
3.495354
5.622005
5.337645
3.657696
3.117626
1.823091
3.73614
3.315214
0.9779354
3.68311
3.254309
2.925402
2.979498
3.480358
2.354138
3.244543
2.704605
4.299282
5.126321
6.036191
5.038736
4.056828
3.631554
4.3416
4.616357
4.045054
5.191954
4.337781
5.134362
3.664764
3.244896
3.906919
3.4638
2.218168
2.84312
3.647868
4.706614
4.198135
2.605038
2.968729
1.434472
2.219781
2.706779
3.398024
2.657312
4.192772
4.382154
1.971516
1.898743
2.804928
3.096115
5.674757
5.083674
3.614956
3.663277
4.455583
4.775996
5.890587
5.890734
4.571272
5.183097
4.729717
4.675882
3.987465
5.495826
4.805639
4.82656
1.694998
0.9060786
2.402445
4.064855
4.072542
3.550172
2.291932
0.8169557
0.9379142
1.315362
2.953709
3.413323
3.914629
3.644258
3.055129
2.552477
3.129031
3.622702
4.306181
4.341139
4.410734
4.29844
4.605953
4.496487
4.454622
4.173624
4.009022
4.708872
4.907427
5.515456
4.923549
3.263824
4.510426
4.473403
2.85572
1.04995
4.337567
4.594107
3.529798
1.838886
2.307755
2.517428
1.540205
1.372037
1.965345
1.961664
3.23709
4.330717
3.774945
2.94203
2.546164
2.147335
3.893589
5.531043
4.880111
4.959173
5.189461
3.512324
3.918584
5.389322
4.696233
4.730551
3.873587
4.95023
2.657378
3.787287
6.153135
5.647194
1.938451
2.486454
2.326
3.701339
5.187134
3.627581
3.020332
2.772514
1.830773
1.940002
2.955546
3.523477
5.239532
4.119401
4.116056
3.474874
2.331152
2.786484
5.092211
5.059001
4.970887
5.022121
3.019747
3.867602
4.347596
4.483792
3.828474
3.597102
3.976172
4.09663
2.303674
3.014088
4.706153
5.152173
3.649714
1.972793
2.189679
4.046731
4.826388
4.450545
3.551186
2.731575
3.580274
3.557085
2.677101
3.565772
5.07315
4.431389
5.836407
4.395965
3.7254
3.999426
3.470914
4.360243
5.570968
5.622341
4.564118
5.010984
3.966464
3.180876
2.687462
4.597351
4.225222
4.458529
3.872046
1.743128
2.551059
4.212278
3.803638
2.834428
1.373202
2.750855
3.980403
2.894999
4.545623
5.051817
4.08288
3.047797
3.994949
5.523049
5.982305
5.289895
5.925195
5.21577
3.694727
3.982632
5.14429
4.833348
4.383019
4.351388
3.792148
3.164198
3.362076
4.577946
2.606607
2.324854
3.91854
4.871725
3.452901
1.963756
1.675552
4.705196
4.991286
3.071729
3.035163
2.871222
2.702707
2.00141
3.837132
4.696245
4.853711
4.207389
3.457644
1.868845
4.809453
6.140318
6.014906
6.281603
5.229153
4.785901
2.981889
4.781321
6.178857
5.092995
3.447543
4.690273
2.91713
2.63137
3.424978
0.1347356
3.205132
4.369781
2.985648
0.808533
1.874201
2.119102
3.316598
3.434475
2.080623
2.100698
2.917975
4.708578
3.757773
3.48259
4.22934
4.407628
3.090677
3.917903
4.247996
4.642419
4.303241
3.72936
3.577803
3.874019
3.496914
4.472011
5.007868
3.427913
1.717882
2.829048
3.490568
5.215303
2.738974
1.594399
1.737873
2.780761
1.197063
2.335025
1.365461
2.178252
2.074587
2.417199
1.545462
2.448817
3.625112
2.29227
1.115349
3.519122
5.051021
4.213972
3.969253
3.980657
3.268016
1.262376
3.641815
4.613587
6.000018
5.109054
2.890001
0.8806422
2.338338
3.533483
3.850645
3.402028
1.559803
2.884704
2.309679
0.5225458
3.207387
4.676088
3.136834
0.9280878
1.465108
3.213336
3.252617
2.610168
3.017025
3.079654
1.77661
2.945772
5.156997
3.958978
3.216789
2.973543
3.387014
3.352767
3.982817
3.660187
3.037621
2.977111
2.075192
3.054742
1.956929
3.349285
3.148903
3.981069
1.551083
0.8023099
3.369191
4.885832
2.720662
2.444067
1.833671
2.563695
2.161951
2.321329
2.659705
3.567843
4.209628
3.645387
3.077252
3.984995
3.809005
3.975957
3.85496
4.211823
4.323257
5.380288
4.839172
5.304074
3.756389
3.455398
1.820592
3.734101
5.09426
5.221485
2.490947
3.18454
0.6545535
1.865654
1.517224
1.349728
2.133701
4.713245
2.919561
1.208525
1.375336
2.495187
4.598712
5.43817
2.611637
3.410665
3.880088
4.853537
5.663774
5.788293
5.522503
4.60798
3.693482
4.940572
5.70062
5.432271
4.36768
5.076021
4.815703
4.037943
2.55407
4.242713
4.866746
3.442049
2.81526
4.132429
3.140315
3.854144
3.083976
1.541993
1.563481
3.090626
4.703606
4.318599
2.363501
2.784279
3.585303
1.888514
2.793989
5.042368
4.659059
4.586588
5.944055
5.853059
4.321683
4.844314
5.46465
6.877352
5.720531
4.749347
6.069347
5.995823
4.738257
4.29552
2.485394
2.897358
4.376343
4.162374
2.760088
2.180151
2.797192
3.891917
1.833226
1.063426
3.385684
5.309894
3.288876
3.264832
2.852904
3.327797
3.90013
4.143269
3.072948
4.795002
4.387815
4.167808
4.717366
5.46064
4.625401
5.120881
4.460812
4.143843
4.269493
3.997798
4.325018
5.702013
5.715429
4.902628
3.164015
1.613932
2.702357
4.846025
3.738949
3.171938
3.857214
2.710748
2.406071
1.352687
2.018279
2.745565
4.840385
3.975497
2.524037
2.769735
3.267661
3.764176
3.783248
3.213681
3.179273
4.587543
5.208338
5.549019
4.203666
3.432092
2.725491
3.612167
4.659505
4.338106
3.06897
3.547775
4.607499
4.987883
1.837662
2.184672
2.435287
4.222775
2.401785
2.574009
2.429353
4.28326
2.436113
2.346358
1.529832
2.54203
4.006951
4.396389
2.747823
2.778173
4.519421
3.745295
3.994007
3.746664
3.129741
2.932083
3.980012
5.080849
4.766963
2.899696
1.90912
2.551212
1.36374
2.342526
2.881034
2.805257
2.666766
4.32047
2.815523
1.66815
0.8608144
3.117934
2.850059
2.385843
3.344103
4.431747
4.22578
2.448854
0.6357211
2.803179
3.85761
4.065586
3.356705
4.625024
1.671945
3.048955
4.22731
5.361896
3.38871
4.371467
2.90965
4.177018
3.793802
3.294726
2.565294
3.01453
2.106296
1.798299
0.6245142
2.304087
2.138599
3.253613
2.204345
0.9175556
0.6766441
1.994737
2.663704
1.946847
2.131557
3.043551
3.669888
2.250833
2.624214
3.519198
4.102657
4.462331
3.209252
3.950928
3.218133
3.873227
4.115259
4.454195
2.122523
2.527198
2.465045
5.140541
5.406737
3.560445
1.829248
1.487732
2.097756
1.655658
4.169642
3.213381
3.397107
3.693377
3.016898
1.667287
2.856908
3.424398
2.708437
2.013308
2.021684
2.486803
2.917119
2.516819
1.611976
2.538687
2.683081
4.386562
5.109998
4.055669
3.72176
3.814531
2.571714
3.368618
4.263916
4.361227
3.249812
2.892787
2.307053
1.390471
2.814684
2.715225
2.341996
2.564534
0.900491
1.697928
2.627512
4.097505
3.481052
2.285838
1.945465
2.59664
2.438307
2.928633
4.272741
3.610257
4.131898
2.298267
2.564434
3.236095
4.0657
3.528469
3.898836
3.481198
2.004878
3.127545
3.931146
4.299875
4.390419
2.521998
0.8052202
2.174512
3.960059
4.266522
3.840826
2.079269
0.8887255
0.6935666
1.660999
2.553805
3.659127
5.008555
3.457309
1.654529
2.104451
3.889906
4.076441
4.621555
3.509882
3.79595
4.177783
3.562608
2.644304
3.870143
3.65293
4.342078
3.608474
4.143021
2.923264
2.738674
1.758244
2.37249
3.064878
2.665606
2.530098
2.667969
0.977873
1.572998
1.348495
1.137246
1.917289
2.979308
2.248667
1.40565
0.7581257
2.722225
3.371106
3.173175
2.801763
3.003743
4.217984
3.402809
3.554645
4.64493
5.357989
4.461116
3.846991
5.079953
3.278812
3.533963
3.618491
3.654974
2.065418
2.787293
2.596664
2.844661
2.477628
2.522832
1.993584
1.557733
2.475905
2.637307
1.962919
2.759699
2.637189
1.417079
0.8532153
0.9817052
2.162751
3.22955
4.117815
3.661702
1.608476
2.2042
3.320838
3.665286
4.519506
4.736836
3.433905
4.094938
4.675499
4.815345
3.762201
4.289832
4.394557
4.213067
3.725585
3.02448
1.20392
1.950658
2.38069
2.984501
2.122388
0.3887624
0.4547446
0.7476797
0.9872863
1.514935
1.669901
2.431189
2.55799
1.05932
1.481494
2.094684
2.566041
4.644908
3.950227
2.584805
3.470004
3.804452
3.636239
3.69989
3.361061
3.736936
3.142136
5.253258
4.522977
2.901762
3.228997
3.101924
2.380946
3.135539
4.355287
3.947196
2.976238
2.835941
1.862336
1.052126
1.385814
2.802472
2.43511
2.423122
1.454572
1.466098
1.28161
1.388654
1.809946
3.238166
3.623875
2.922167
2.6023
3.452098
4.229887
2.947039
3.706645
4.72432
4.535892
3.557426
3.331837
4.708445
4.582026
3.524467
2.305809
2.575424
3.921528
3.631027
1.921856
1.628914
2.618904
3.446077
2.985406
2.271882
1.808638
2.375631
2.400208
1.856183
2.676546
4.571426
4.414393
3.314295
1.566794
2.268877
2.704535
3.833697
4.171089
4.596536
3.265023
2.710402
2.124425
3.069567
3.249675
3.2442
2.908742
3.994049
3.758267
3.037555
2.212608
2.762344
1.80352
2.799504
2.50042
2.245463
2.145963
5.131827
4.03051
2.506569
1.292015
3.20135
3.489721
2.8555
4.799334
4.220873
2.918769
2.293212
3.847403
2.751936
3.687766
3.52515
4.094625
3.153637
3.156323
3.109791
2.961097
3.436682
2.264061
2.161215
2.399546
3.762686
3.414761
2.939034
1.831241
0.9902481
1.344097
2.071894
1.92254
1.294098
3.44308
2.261136
2.854415
2.713494
2.708796
2.786938
4.00632
2.804123
3.257984
3.557356
4.874514
4.236501
3.77071
3.207809
2.883327
2.331096
3.249414
4.795008
3.744688
3.248504
1.005809
1.463971
1.588158
1.836654
2.562209
3.988839
3.411838
1.664775
1.376017
0.7634617
1.810967
2.629873
1.788981
1.480362
0.5327442
2.464574
3.030946
2.845962
1.80931
2.301803
2.62601
2.215584
2.28528
3.351609
3.982297
4.588034
3.061131
2.25328
2.062055
3.276853
3.679074
4.189878
3.77835
2.287299
0.7032998
2.849341
2.842281
0.1496462
1.078197
2.111388
2.325346
1.626356
0.6290145
1.222951
1.808534
2.540116
1.200932
2.207372
3.081117
3.632721
3.329103
0.8108951
0.9458691
3.221401
3.308259
2.573744
2.970464
2.627763
3.164631
2.52206
2.638063
3.068299
3.449527
0.7693293
1.835582
2.732199
2.47149
2.750963
2.256088
0.882094
0.9761014
1.222519
0.8545569
2.341237
3.383279
3.547302
1.51106
1.867339
2.644791
2.983062
2.579911
2.107162
1.643083
2.544551
3.152643
2.322463
3.389482
3.378889
3.469906
3.031146
3.098653
3.011161
3.82226
4.031983
3.768608
3.265938
1.706049
0.6696452
1.548645
3.313976
3.310791
2.225425
0.3776307
0.7932924
0.9004869
0.4083156
1.080062
2.359089
2.115473
3.159425
1.143518
1.12789
1.606131
3.13083
2.91893
2.9809
2.950255
5.622637
3.7476
3.874491
3.120483
4.343573
4.147758
4.712255
4.035699
4.646134
4.711278
3.266579
3.218853
3.765602
2.386751
1.830485
2.758567
2.848616
2.796194
1.614732
0.3671348
1.301687
1.00287
1.213791
0.6699551
2.014189
1.705399
3.298451
2.676659
0.6948721
1.102039
2.470648
4.30823
3.470893
2.887563
3.638876
5.194865
3.46593
4.00519
5.199928
5.815662
4.071938
4.511056
4.763196
4.66425
3.881991
5.080396
4.454103
3.713135
2.557883
1.897719
2.435795
2.590001
1.986812
2.092702
1.910471
0.6950804
1.310148
0.9646051
1.583102
2.28232
4.161631
3.255023
2.772235
1.56437
2.646804
3.157533
3.551354
4.295005
5.750351
4.148641
3.739939
4.485699
4.163029
4.151762
6.094947
4.369581
3.243697
3.438802
4.422798
4.45766
5.038075
3.24916
1.834995
2.061768
4.122489
3.985129
4.032486
1.439218
2.255858
1.900849
1.124684
0.9696596
2.39998
2.067487
2.285745
2.85183
0.1948394
0.5700216
2.308391
4.14877
2.882649
2.578958
3.217643
3.777894
2.950951
3.320113
4.69421
5.31719
3.864417
4.232469
3.223308
3.744388
2.718786
3.453843
3.377089
4.090394
2.004649
1.858481
2.478067
1.850851
1.703051
2.349201
2.812604
3.213453
3.295783
1.225293
1.776501
2.151543
2.94059
3.545642
4.063601
2.715021
1.438225
1.603343
1.989185
3.429055
3.111024
3.537289
1.926136
1.696765
1.2166
2.71795
2.71061
2.570376
2.766633
3.36372
0.8257971
2.05156
3.926026
3.968412
2.971982
1.673376
1.8969
2.393188
2.957448
2.089045
2.862376
2.003703
2.341642
1.423042
2.284156
2.784463
4.236673
3.233598
2.103536
1.652969
4.35555
3.24742
4.094791
3.710419
2.925751
1.383604
1.954587
1.425005
3.26458
2.921443
2.327398
1.249839
1.647285
0.5943192
0.8635072
1.607406
2.267456
1.299463
2.546183
1.166149
2.519652
0.8725506
2.42805
1.943512
2.336427
3.074271
4.816277
3.954235
2.869961
3.184797
2.226534
4.262058
3.840915
4.355486
3.822138
3.592015
1.877859
2.844022
2.928277
4.053713
3.016927
1.403007
2.880644
2.497798
1.254351
2.881873
2.084464
1.679151
1.68798
1.838962
0.8618588
1.596844
1.19701
0.9510017
1.762142
2.014913
1.811006
1.644981
2.532159
2.408075
3.646904
3.638267
4.2224
3.140014
4.337697
3.548077
3.470399
4.242663
4.470781
3.525547
2.635839
4.076294
4.856918
3.427777
2.031995
1.662297
2.716237
3.523972
3.407418
1.610048
2.447453
1.873323
1.056056
3.816973
4.787587
3.504618
2.447578
0.7873998
2.156224
0.4632376
2.59137
1.521003
2.91063
3.348625
4.507536
4.201136
4.510293
3.721563
3.504704
4.069201
2.55746
4.278423
4.709699
4.8875
3.725202
2.567565
1.284073
2.741767
2.428292
2.203484
2.597808
3.277863
1.178245
1.417848
1.679533
2.160075
2.771756
2.205577
1.926244
2.428889
2.242091
2.074373
3.537211
1.449692
2.562333
2.602927
2.682108
2.237515
3.999152
3.551937
3.786678
3.808681
3.886995
3.174672
2.486829
3.654955
4.389301
3.67662
3.362422
2.997516
1.76805
3.077651
2.83904
0.7825525
1.28062
0.9615061
1.755126
1.187052
0.4723392
2.911098
2.089729
0.9385458
1.829646
3.316035
3.936366
5.376923
3.873631
2.022345
3.124203
2.574244
3.479468
4.082754
3.899561
5.219365
3.868386
2.982022
2.985878
2.352237
1.796259
3.104901
4.002412
3.597182
3.04568
2.62465
0.786072
1.506107
0.2143333
0.8770883
1.563762
2.848442
2.934713
1.884764
1.353141
0.1852951
2.135291
1.477765
1.846724
1.349524
3.755583
1.917153
3.741932
3.044332
4.474091
3.18937
4.795517
4.195621
5.109879
4.898527
5.281166
4.251518
3.696966
3.958446
2.755153
3.426428
4.465997
3.025594
1.449926
1.94582
2.156989
1.5211
0.953478
0.5325367
0.8085839
1.38558
1.621866
1.195375
0.4212871
1.66747
2.450337
1.631674
1.243608
2.421232
2.8938
3.031162
3.638415
4.828208
3.59135
3.817874
4.554883
2.869118
5.498687
5.22463
5.140026
5.140079
5.426767
3.2441
2.927213
3.58543
5.460729
4.482477
3.902418
2.880469
1.808939
1.855701
1.345068
1.907882
3.272525
3.288724
3.122075
2.471828
0.4709553
1.574248
2.078633
2.065528
3.108145
1.648139
2.83928
3.997743
3.369353
2.661882
3.884452
3.859404
3.602642
3.939874
4.471953
5.42829
5.414057
4.822179
4.64876
2.704213
4.225865
3.964507
4.747924
4.470961
2.829572
2.484102
2.819979
1.874813
3.194001
3.482257
1.853125
2.941092
2.342046
2.737489
2.709931
3.037596
2.946143
3.206225
2.242322
2.340346
3.910923
2.452698
4.095706
3.451349
3.167865
3.026475
4.055729
2.064379
3.408983
3.836233
3.295113
3.266704
4.594562
3.544858
2.590427
2.291847
2.766501
4.821566
3.437182
3.60166
3.779143
4.548005
3.322066
1.591641
3.19535
4.091106
4.60049
3.958454
3.613285
1.653471
3.156794
2.931719
3.527001
3.275223
4.029886
3.400117
2.956192
2.881942
4.040217
3.120244
1.916607
3.076971
2.254763
2.427211
3.163746
3.174995
1.41538
1.80503
2.163859
0.4021744
2.570114
4.703693
3.461085
2.687282
2.053025
3.049936
2.753954
3.828406
4.837975
5.138732
5.20666
4.128546
3.384833
2.922428
5.170887
5.21378
4.019586
3.521509
3.299599
2.523219
2.768763
2.589183
4.043008
2.858338
1.996606
1.106709
1.972793
2.098923
1.447688
1.098601
2.733094
1.716488
0.9987038
0.693937
0.9984804
1.636226
2.133387
1.244871
2.21955
2.104582
2.353987
3.574717
3.337052
3.57808
4.050174
3.523818
4.518123
5.112337
4.902721
4.996272
3.596549
3.64866
4.583756
4.160308
3.806746
2.932298
2.845725
2.405096
1.237434
1.651261
2.70934
1.699374
2.357678
0.7020534
1.859641
1.901081
0.3104941
2.722678
2.871992
2.028385
1.176053
1.536502
1.769445
0.3596084
0.7157714
1.638927
3.706734
4.107219
4.683577
3.995293
3.941236
2.721288
3.435251
4.427639
5.233219
6.15108
4.107554
3.695499
1.795336
2.408099
3.377385
3.80999
1.698438
2.238484
1.393161
0.9356623
1.822629
2.538466
3.266412
2.176427
1.175859
1.233162
2.599161
2.440356
2.323072
1.590537
1.458743
2.182281
1.287978
1.575345
3.187809
3.498451
3.42714
1.985982
1.63701
3.108542
4.017413
4.369184
4.24368
3.487706
3.072159
3.607781
2.666713
2.275372
4.930823
3.435442
2.81743
0.8390789
1.857941
2.440942
2.426407
0.5185648
2.126766
1.790968
1.14562
1.849436
2.461318
5.363772
4.00821
3.066889
3.314875
2.670269
2.520037
3.943093
4.659184
4.248703
4.727736
3.697549
3.052927
0.7708824
2.588404
3.568487
2.787177
4.428905
4.695618
3.763698
0.8930439
1.120907
2.617737
3.501958
3.152273
2.706806
2.489571
2.880517
2.233407
1.373504
1.672657
3.25843
3.618826
2.903588
2.451942
2.525573
2.444635
3.383522
4.257987
4.69158
4.170285
3.996794
5.133771
5.092859
5.119731
4.863578
4.303066
4.261555
2.693945
4.543636
4.439328
4.13405
3.056604
3.029073
0.3314069
2.10618
3.223826
3.56143
1.874091
1.550621
1.031091
2.020618
1.207692
1.624888
3.408743
4.569798
3.359517
3.481941
2.990306
2.693492
4.982249
5.084638
5.41044
4.793952
3.817742
2.926039
5.08304
5.682882
5.815208
5.466548
3.515202
3.599453
3.246081
4.444188
4.489083
5.233079
4.711926
3.027235
1.939317
1.059272
2.290617
2.667817
3.105089
1.422868
1.062553
2.424024
2.644184
1.810793
1.263003
1.525742
3.464803
3.380593
4.527104
4.77802
4.196527
2.850096
4.581263
3.958441
4.788636
6.043662
5.148242
4.162321
4.230759
3.125872
4.877469
4.78948
3.331778
3.307538
2.293134
3.784288
4.846061
4.389553
1.672643
0.8567869
2.57801
3.520242
2.237921
2.070402
2.158311
1.884808
0.6214597
0.9393715
0.8633935
2.438692
3.512142
4.023673
2.853397
2.089158
2.820462
3.626317
2.884598
4.425702
4.05516
3.951492
2.37244
3.671223
2.971361
4.622429
3.914404
3.099646
2.187238
2.303187
2.580441
3.311956
3.870703
4.372909
2.356828
1.294087
1.978191
3.257452
2.346431
2.798097
2.769631
3.166478
1.672952
1.312704
1.851165
2.232613
1.972088
2.279023
3.724896
2.423681
2.342401
1.520108
2.907475
1.551896
2.035698
3.07562
2.957317
3.809336
3.236878
1.840013
0.7461029
2.322173
2.808355
3.356409
1.853947
1.374579
1.508289
2.724982
1.83954
2.91254
1.710033
2.304773
2.75014
2.963257
4.301175
4.784971
4.15906
2.525341
3.128856
3.23688
4.201964
3.925072
3.810811
3.671548
2.311917
0.9596978
2.084625
2.509881
2.295206
1.831814
1.49914
1.483093
0.4143028
0.9765545
1.30561
1.718723
1.716923
1.421142
1.126702
0.7606208
1.378171
3.24863
2.573454
2.082529
1.59273
2.990588
2.471982
3.788934
3.840027
4.005786
4.471553
4.294844
3.436348
4.558393
4.881454
4.354882
5.184328
4.035923
4.12991
4.622091
2.058405
2.042906
3.014151
2.33054
1.811588
1.547665
0.9274974
1.046282
0.6708837
1.864782
1.824263
1.598167
1.596612
1.160602
0.270001
0.9877409
1.056481
1.785411
2.725406
2.913414
3.277015
2.33779
4.323404
4.491434
5.205782
4.085408
5.385147
3.536829
4.355685
3.758234
5.620707
5.15773
5.306234
2.931507
3.498842
1.974019
3.2584
3.754688
3.202213
2.075561
2.574138
1.234449
1.335645
1.509575
2.644837
2.847025
1.172339
0.1310052
1.234761
1.107054
0.536486
1.575363
1.785598
2.353717
2.276059
2.738457
3.026789
2.883728
3.294065
3.618339
4.495717
3.941056
5.164631
4.72867
3.785745
3.722936
4.371309
4.131485
3.059677
2.969498
3.04634
2.734931
2.417428
2.175448
1.518007
1.668775
1.736518
0.995548
1.42285
2.065179
1.841282
1.425252
1.3683
1.418525
1.323158
2.366685
1.55486
2.999601
1.87893
1.443004
2.346259
2.912739
2.522522
2.683554
2.968409
2.637793
2.535057
2.010417
2.750049
3.285958
3.820524
3.551966
2.543912
1.380735
2.253034
3.519861
2.27826
2.470525
2.536273
2.962514
1.498098
1.567973
0.3757958
3.783216
2.823624
2.949997
1.394188
2.45563
0.8334247
2.635073
2.416531
2.945179
4.247471
2.988029
2.991653
2.048017
1.719555
2.09211
4.00414
3.356061
3.578583
3.205324
1.206886
0.8799884
1.107452
1.601698
0.6707914
0.9357728
1.19286
2.24322
1.932149
1.923979
0.5172819
1.697239
2.120133
1.860268
1.993375
3.312646
2.783884
2.63073
2.400498
2.598018
3.880768
4.171217
4.022379
3.106879
2.743793
3.316042
3.640678
2.547507
3.276425
3.036849
3.545722
2.967795
2.374159
3.008052
2.967795
2.766852
3.415847
2.876988
1.78852
1.496545
1.986089
1.551293
1.312523
2.224795
1.441074
2.066846
1.562175
1.865069
0.5371317
2.036933
2.771743
3.961428
3.750187
3.69647
3.382825
2.778521
3.840976
4.685361
4.965616
4.210523
5.714187
5.510218
3.260194
1.490009
3.627193
4.393323
5.09181
3.562825
2.527331
1.358272
2.895037
1.961027
2.582484
3.582748
4.577339
3.145742
2.568909
0.5274269
1.602754
2.412717
2.031488
2.393919
2.166265
3.424916
4.009837
3.99957
2.26602
2.57467
3.560393
4.437121
5.285997
5.242208
3.585811
2.878425
3.258536
4.632665
5.134503
3.595277
3.627615
3.538587
3.830178
2.712484
3.160778
2.378
3.92637
3.348984
2.997723
1.252043
3.272094
2.277346
2.554316
2.938281
2.607603
3.295312
2.364954
1.367157
1.649611
2.536546
2.713392
4.025193
4.9026
3.623371
2.38623
2.905754
3.040893
3.415175
3.449653
3.433208
3.915753
4.121398
3.578084
2.748813
2.085968
1.903343
3.767177
3.784004
3.25524
2.588053
3.074254
2.972513
1.599136
1.816707
3.376125
5.797414
4.599786
3.774896
1.213139
2.025426
2.382045
4.028477
3.247883
4.6038
4.569951
3.318833
2.451639
1.566072
1.294803
2.912036
4.36066
3.949143
2.665024
3.210738
0.9774557
1.563638
2.269674
1.701707
2.057108
3.033382
1.632934
1.289436
1.644968
1.613353
2.458781
3.849344
3.892586
2.752953
1.49994
3.920366
3.463413
2.882267
2.128962
4.492489
4.071203
3.443776
2.225961
2.804806
3.004134
4.682134
3.737206
2.999812
2.540823
2.034144
0.6808504
