0
-1.670625
-2.204906
-2.628963
-2.778092
2.709703
1.561505
0.4205775
-0.4261515
-1.815881
-2.681851
-2.147934
-2.463808
2.614907
0.9763299
-0.3977698
-0.6170402
-2.162615
-2.918918
-3.137208
1.698437
0.760426
0.2525478
-1.15213
-1.583885
-2.428579
2.444735
1.596199
1.279057
0.5635102
-0.4022821
-1.394885
-1.884727
-2.787865
2.856507
1.718803
1.155131
0.2268408
-0.4140286
-1.462267
-2.373525
3.037002
2.696887
1.618073
0.6998788
-0.1409401
-1.070587
-1.671436
-2.754592
2.854748
2.532203
1.271583
1.401006
-0.1923086
-1.164946
-2.512871
1.91492
1.083578
-2.022395
1.279052
-0.6050393
-0.8310716
-2.017616
2.983067
2.057474
0.6312577
-0.933727
1.284638
-0.2659947
-1.639174
-2.77875
2.109915
1.048778
1.444569
0.8493571
0.1403585
-0.9331159
-2.106927
2.903077
1.750158
1.312941
2.202481
0.7678424
-0.5799298
-1.561153
-2.954075
3.0427
2.798248
2.227487
1.032598
0.4529673
-0.3660397
-1.639343
-2.37607
2.471793
2.757238
1.961084
1.739178
-0.380927
-2.445224
2.271706
-0.5584242
2.979276
0.7919576
-0.51236
-1.668461
-0.6258503
-2.291409
2.506156
2.151683
1.470306
0.3830851
0.3559284
-0.8683832
-2.0631
-2.817511
3.031483
2.116433
1.20029
0.5614728
0.3298167
-0.9844404
-1.560893
-2.199335
2.638945
1.952516
2.188973
1.049014
-0.09569735
-0.5293594
-1.895065
-1.992727
2.790803
0.3283112
2.763732
1.365346
0.4765633
-0.8127663
-2.960499
1.45435
-0.05467127
-1.389001
-2.69492
1.068085
-1.346856
-1.839753
2.612046
1.43881
-0.07590503
0.1159113
-0.410045
-0.6846525
-1.704156
-2.727702
2.326531
1.754274
0.8230657
0.7288159
-0.55157
-0.9376529
-1.90278
-2.730879
2.369173
2.205984
1.368446
1.131227
-0.2544117
-1.093125
-2.006451
-1.901489
-3.075202
2.39306
1.27628
0.6231633
-0.6817631
-0.4208754
-2.232093
-1.450899
2.508013
2.866888
0.2215659
-2.251686
-1.780486
2.499398
2.707553
1.774016
0.8286482
-0.1275479
-0.6256208
-1.259796
-2.210538
-3.074332
2.077782
1.654886
0.8611473
-0.09274371
-0.8866303
-1.439334
-2.371736
3.041404
2.327583
1.461537
0.8504036
0.06108081
-0.2819695
-1.559752
-2.487332
-2.730639
2.430145
1.358106
1.354945
0.2273272
-0.9247642
-2.036742
-2.492751
2.516092
1.615567
0.1031105
-0.2696993
-1.74205
-1.946381
-3.118046
1.83825
1.32316
0.4227179
-0.1813605
-1.32155
-2.172115
-2.921395
2.904483
2.054027
0.8363818
0.1131967
-0.5428348
-1.109432
-2.11737
-2.814927
2.451439
1.660231
0.9159496
0.3513708
-0.4018218
-1.342462
-1.967756
-3.045074
2.307188
1.860088
0.9696063
-0.03783726
-0.4557518
-1.654138
-2.934089
2.934421
1.837538
0.9203529
0.5971935
-0.864606
-2.141851
-2.769407
2.52001
1.615475
0.8406036
-0.1349094
-1.114878
-1.630783
-2.991325
2.536215
2.004834
1.357652
0.4432591
-0.483732
-1.528949
-1.93596
-2.943566
2.533882
2.085202
1.269668
0.4187163
-0.401257
-1.196516
-1.844053
3.12944
2.732093
2.053906
1.36297
0.3881844
-0.5398042
-1.437167
-2.369022
-3.01328
2.08246
1.457692
0.9980476
0.03746366
-1.284904
-2.447435
2.477205
1.559051
1.30822
-0.8977077
0.1668291
-1.590388
-2.603972
2.726218
1.338139
0.5525768
0.3957334
-0.2968151
-1.224577
-2.193634
-2.783221
2.657658
2.138137
1.459862
0.8155807
-0.2498479
-1.277519
-1.354314
-2.17222
-2.986863
2.135754
1.358408
0.6233935
0.03965482
-1.069471
-1.797458
-2.741027
2.969863
1.836987
0.8303767
0.6985713
-0.09650522
-1.290267
2.940867
1.227975
-0.321785
-2.232141
3.004516
0.1790416
-2.544849
2.713134
1.338408
-0.04541101
-1.243575
0.4547348
-1.114839
-1.50179
-2.098936
-2.648714
2.426344
1.507876
0.4022339
0.6268695
-0.07578148
-0.9927863
-2.124547
-2.995273
2.591341
1.619594
1.099422
0.6399235
0.01007292
-1.036519
-2.359309
3.01387
2.45148
2.043835
1.378666
0.4614887
-0.1524503
-1.420519
-2.734866
1.711187
-0.8213165
-1.483321
-3.014084
1.512061
0.03051944
-2.09389
1.857725
0.8640649
-0.9572187
1.204915
-0.173772
-1.267218
-2.307701
2.881762
2.61894
1.652291
0.5917864
-0.1562514
-0.6454988
-1.605291
-2.609574
2.685511
2.290595
1.820194
0.7114241
-0.152165
-0.9009278
-1.577636
-2.604882
2.764729
1.874608
2.122421
0.9371678
-0.0591734
-1.20392
-2.218042
2.69572
2.180525
2.407049
1.774643
0.39483
-0.7994189
-2.113512
-3.109149
2.54155
1.310474
-0.1008529
-0.588823
0.1899486
-1.352183
-2.481128
2.842731
1.823496
0.9857495
-0.3463863
-1.400885
-0.5122442
-1.666087
-2.928503
2.430493
1.127486
0.5141338
0.07408333
-0.6726782
-1.358736
-2.083858
3.084281
2.290806
1.316321
0.5552334
-0.6928648
-0.469249
-1.389314
-2.32004
2.829417
1.704337
0.707296
0.7259362
-0.3110121
-1.501963
-1.990933
-2.809946
2.493237
0.8944126
-0.5475217
-1.598479
0.04976323
-1.585326
-2.952918
1.926976
0.3311821
0.5066821
-0.5723303
-1.254578
-2.078918
-2.39777
2.414313
1.422641
0.4314114
0.05985019
-0.3600662
-0.9862156
-1.947915
-2.998823
1.998221
1.311013
0.9381286
0.3100891
-0.4413593
-1.449149
-2.34146
2.986539
2.303694
1.332787
0.6090061
-0.3508512
-0.5250489
-1.163217
-2.321977
2.654233
1.576827
1.188653
-1.032541
-2.949261
1.611226
-0.7226096
2.801273
1.793614
0.360111
-0.7627357
-2.174796
-2.840439
-2.931313
2.975643
1.914098
1.174448
0.2401731
-0.5096406
-1.437183
-2.034613
-2.977901
3.050604
2.394747
1.26287
0.2574889
-0.5396907
-1.5477
-1.655737
-2.613317
2.871327
2.097852
1.32488
-0.2957704
-2.249867
0.7139771
-0.8684003
-2.066809
-2.85026
0.8629587
-2.635159
-2.774289
2.312677
0.5363486
-0.9235932
3.096766
1.291926
-0.149654
-1.720377
-2.908484
2.277328
-2.062083
2.767818
1.428618
0.4837251
-0.7527979
-1.708516
-0.7234342
-1.992547
-3.037705
2.460162
1.437931
0.443075
-0.416866
0.03536969
-0.9240424
-2.05435
-3.133191
2.644854
1.984424
1.517928
0.3893876
-0.7753368
-1.274871
-0.6668402
-1.779367
3.122736
2.120408
0.9681985
-2.73751
1.797024
-0.0002941825
-1.249503
3.083036
0.9201091
1.486556
-0.2430929
-1.649817
-2.987833
2.654899
2.758109
1.938861
0.7083964
-0.4449841
-1.178952
-2.598392
-2.685469
2.377285
2.050552
1.670289
1.00359
-0.3502824
-1.478991
-1.279762
-1.909568
-2.81876
2.651794
1.984726
0.8577987
-0.4888605
-0.1520995
-1.34451
-2.188299
3.011898
2.372672
1.666457
0.3986984
-1.389615
-0.3930074
-1.264454
-2.478521
2.504866
1.39156
-0.1748583
-2.727021
-0.02711653
-1.539603
-2.788471
2.519526
1.495911
0.1112134
-1.138806
-2.62258
0.2255465
-2.050368
2.610897
1.463551
0.1542158
0.2287115
-0.5026297
-1.120523
-1.957526
-2.623112
2.272438
1.683241
1.183055
0.608624
-0.7159003
-1.414981
-2.33631
3.058447
2.35028
1.845786
0.8875352
-0.1627385
-0.8575488
-2.098019
-2.651016
-3.094282
2.288173
0.9987345
0.3183368
-1.043669
-1.597947
-2.605913
1.647667
-0.6288787
1.698003
-0.1160308
-2.164083
-1.908972
-3.052355
2.696451
1.368219
0.9397517
0.2304273
-0.3075001
-1.40597
-1.839266
-2.927589
2.894484
1.845063
0.8399714
0.6586453
-0.1436527
-1.347132
-2.406499
-2.987526
2.904318
2.088595
1.051119
-0.1356076
-0.5730896
-1.314459
-2.410852
2.677115
2.645146
1.513107
0.8789454
-0.4343134
-2.005799
3.057503
-2.541817
1.876529
0.8640029
-0.4467317
-1.260663
-1.816236
2.960929
2.28061
2.653314
1.236719
-0.02613119
-0.3486652
-0.9899169
-1.985756
-2.926418
-2.855963
2.288408
1.279142
0.322714
-0.5750557
-0.7558243
-1.456217
-2.56888
2.635593
1.785275
0.9359241
0.5478708
-0.5634276
-1.042052
-1.969911
-2.555226
2.217806
1.603467
1.498893
0.43412
-1.117331
-2.092114
2.460747
-3.139012
1.234577
-0.2203761
-0.8568596
-1.058311
-2.38448
2.720355
2.378732
1.252667
0.9987162
-0.3388772
-1.357212
-2.142745
-1.789819
3.026303
2.285516
1.397849
0.3682772
0.1743654
-0.5842639
-1.55889
-2.319901
-2.984092
2.066984
0.9024454
0.7643737
0.2759924
-1.233362
-1.47517
-2.103798
2.782301
1.026242
0.4598742
0.5005501
0.4063884
0.5573359
-1.531352
-3.072489
1.647514
0.8587058
-0.2386722
-0.4057849
-1.192025
-2.378473
2.807214
1.701277
0.1013816
1.084105
-0.3356424
-1.971937
2.576902
2.440871
1.895585
2.026774
1.009696
0.1386749
-0.7179571
-1.871022
2.820053
-0.8665588
-2.625721
2.664398
1.164279
-0.1988068
-0.8773038
-1.084192
-1.541917
-2.345268
2.92356
1.417386
1.12882
-0.03008539
-0.7283894
-1.029344
-1.866006
-2.748101
3.050112
1.302697
-0.9147419
1.342785
0.04339908
-1.237752
-2.442607
2.554299
0.9025186
-1.278432
-2.68225
2.156965
2.353114
0.849438
-2.101309
1.255607
-0.3376543
-1.842151
-1.205635
2.519981
-0.5224414
-2.31415
2.744902
1.244604
0.282178
-0.5985294
-0.4116586
-1.013803
-1.908135
-3.018023
2.502326
1.228477
0.1232416
0.3395407
-0.2155226
-1.158663
-2.391424
2.797418
2.646303
1.886798
0.7328771
0.00504853
-0.1829633
0.2109487
-1.650067
-2.831826
3.04368
2.015923
0.2360113
-3.006287
1.70439
0.2937677
-1.712292
-3.121757
1.058823
-0.3906605
-0.7293864
-2.374523
2.740941
-3.068569
2.557272
1.141805
0.7144456
-0.3512322
-1.699086
-2.330158
-2.5687
3.123495
2.159557
1.199893
0.08721314
-0.692034
-0.9086543
-1.417141
-2.532816
2.707247
2.082964
0.9543179
0.3356147
0.4539338
-0.6329788
-1.547841
-2.746312
1.868119
1.438446
-0.5521365
-0.1114695
1.921393
-1.081401
-2.704032
2.599425
0.9082993
0.3452844
-1.005439
-2.005049
-2.655861
-2.874964
2.934001
1.921182
0.6332597
-0.5490763
-1.211603
-2.071799
-2.096198
-2.955073
2.194061
1.557546
0.5344482
-0.5150422
-1.062469
-1.273519
-2.409379
-2.698236
2.548238
1.648163
0.6843517
-0.4168468
-0.8777949
-2.012151
-2.985715
2.93067
2.09749
0.7647603
-0.1804826
-0.9111083
-2.795034
1.918585
2.707082
1.566868
0.386364
0.04569022
-0.9168751
-1.965042
-2.826058
2.078142
1.549187
1.037214
0.8004259
-0.2358073
-1.65971
-3.084857
2.880795
2.200371
1.893481
1.011014
-0.04168794
-1.104934
-2.129555
-2.870865
-2.408783
2.803488
1.922065
0.7306681
-0.6606547
-0.2795783
-1.928462
-2.541905
-2.543555
2.47456
0.8964573
0.07150213
-0.9541417
-1.668159
-2.702655
2.710747
2.742319
1.329574
0.4592916
-0.8993698
-2.276356
2.646268
1.508185
1.622142
-0.7014983
0.9680486
-0.5305973
-1.412851
-2.688733
2.673005
0.9909686
2.557637
1.029731
0.005911042
-0.2896215
-1.136794
-2.557971
3.10964
2.370085
2.439311
1.379034
0.375997
-0.5450035
-1.163932
-2.430305
-2.856971
2.677885
2.089236
1.118945
0.0871153
-0.5811778
-1.439451
-2.330427
2.818875
1.179731
2.107327
2.6392
0.1463398
-2.416915
1.778137
2.014715
-0.3623368
-0.6857691
-1.009638
-0.8240677
-1.596119
-2.903539
2.275042
2.336944
1.544204
0.4691095
0.07258691
-0.8268925
-1.611843
-2.75194
3.116963
2.566218
1.652539
0.7742135
-0.05209678
-0.7532599
-1.671685
-2.458374
3.088219
2.753804
1.750294
1.042802
-0.3507193
-1.088844
-1.783877
-1.718696
-2.797539
2.969079
1.71332
0.6928253
-0.3084538
-1.295245
2.048658
-1.017209
2.401415
-0.2727605
0.4216261
-0.6246784
-1.594508
-3.039964
2.520205
1.127888
1.922188
0.2664791
-0.4686164
-1.305726
-1.751413
-2.82335
2.587358
1.585309
1.94287
0.7464078
-0.3349847
-0.9737583
-1.927803
-2.927939
3.118516
2.095199
1.37862
0.5623451
-0.2348721
-1.579019
-2.258023
-2.700969
2.788172
1.670095
1.036041
0.2741092
-0.9662545
-2.725809
-3.069511
0.9668864
2.422047
0.8222439
-0.3418433
-1.869867
-1.545841
-3.132381
2.735475
1.584536
0.8970654
-0.08265387
-0.9801052
-1.815393
-2.442437
2.994466
2.404
1.295895
0.4307619
0.2986266
-0.8739752
-1.513388
-2.13488
3.027522
2.419195
1.673355
0.5167528
-0.06174103
-1.086821
-1.984811
2.763608
3.045743
1.92445
0.7054068
-0.2110835
-0.991231
-1.563683
-2.985022
2.608758
1.793912
1.530988
0.06691778
-0.8632741
-1.675848
-2.716241
2.918077
2.153102
1.313537
-0.2990308
-0.1488113
-1.532125
-2.193009
2.877974
2.178749
1.566479
0.5455586
-0.7584039
-0.4651097
-1.386065
-2.409508
2.911751
2.054026
1.537204
0.5521101
0.1286261
-0.5570692
-1.542819
-2.752972
2.760252
1.869071
1.610114
0.4467049
-0.3505756
-1.442173
-2.403521
3.087009
2.043596
1.273059
1.669405
0.2316264
-1.446553
-3.139245
2.421462
0.3814169
-2.943213
1.533208
0.1113273
-1.702099
-2.885134
2.47175
1.676206
1.85208
1.173659
0.02139482
-0.9360877
-1.572078
-2.241813
2.858154
2.560784
1.991107
1.444978
0.08857217
-0.8107159
-1.843659
-1.54033
-2.955291
2.238919
1.656475
1.524917
0.2761981
-0.7613272
-1.541475
3.116467
-2.532432
2.730724
2.486059
1.375729
0.2246659
-1.998781
-1.857841
1.119466
-1.369226
-2.636614
-2.619181
-0.7373354
-1.468423
3.078444
2.59111
1.786708
2.079292
0.7052017
-0.3778633
-1.251752
-2.017347
-1.564117
3.137606
1.974021
1.176034
0.8619378
-0.1196027
-0.6015232
-1.328267
-2.260901
-3.124946
1.968541
1.934148
1.375599
0.6831969
-0.288154
-1.634291
-2.465884
-2.119574
-2.918166
2.263587
1.305741
0.06654931
-0.6484351
-2.431863
0.4607295
-2.386691
2.399171
1.164593
-0.4515961
-1.369956
-2.516482
1.876579
1.01026
2.405889
1.402053
-0.1838956
-1.064408
-2.405999
-2.671931
1.932834
2.939944
1.636295
1.134357
-0.07895496
-0.9020321
-2.087106
-2.325244
-2.888427
2.406085
1.486533
1.070507
-0.05108707
-1.099107
-1.981576
-2.843834
2.880672
1.88077
1.976884
0.7270336
-0.6659985
-1.893987
-2.831916
2.722037
2.796383
1.631194
0.04350699
-1.052082
-1.106518
-1.902716
2.712543
1.592243
1.331623
0.6414503
-0.5391612
-1.428505
-2.203184
-2.834972
-3.016827
1.777758
0.5247664
0.7319936
-0.09921669
-0.9754708
-1.745667
-2.94746
2.393607
1.594907
0.7694685
0.02300163
-0.6330306
-1.841601
-2.613337
2.506068
1.807815
1.189793
0.3870506
-0.3090751
-1.196468
-2.132389
2.683832
1.915274
1.663399
1.56007
0.1006958
-0.9622084
-2.035141
-2.962589
2.251517
0.9718753
1.787258
0.9830088
-0.5441056
-1.79151
-3.020908
2.082414
1.62689
0.6053753
1.55325
-0.1874122
-1.218626
-2.038309
3.100166
2.195439
1.590395
1.007563
0.1619081
-0.7404534
-1.393168
-2.243584
2.765611
1.982379
1.257104
0.8018519
-0.3910708
-1.223521
-1.964396
-2.506958
2.31608
1.806543
0.8487635
0.3568747
-0.7095702
-1.166183
-2.491235
3.010971
2.419472
1.307686
0.2392118
-1.471622
-1.293264
-2.00809
3.098333
1.603127
1.646807
0.2737845
-0.3934694
-1.478312
-2.089176
-2.958507
2.592176
1.906702
1.085806
0.2782179
-0.9832901
-1.587271
-2.005379
-2.685282
2.406729
1.235546
0.718951
0.2115267
-0.6052665
-1.50689
-2.241128
-2.942538
2.087982
0.6150951
-0.9718217
1.326452
-0.1783443
-1.52905
-3.009945
2.023993
0.6845419
-0.9486862
1.024789
-1.181813
-1.167803
-2.564223
2.375784
0.994729
0.4674388
-0.4096122
-0.6050513
-1.630673
-1.970806
3.035261
1.858873
1.120833
0.3266583
-0.2160112
-0.8339726
-1.910053
-3.121573
3.08593
1.816991
0.9928964
-0.05318052
-0.09417675
-1.668346
-2.1208
3.013208
-2.408174
1.96643
0.9296372
-0.6885483
-0.9199104
-0.7983366
-1.889593
2.798493
2.223318
1.427143
0.1173121
-1.224711
-1.432675
-2.51674
2.987952
2.210756
1.243855
0.002367881
0.4653654
-1.252178
-2.330305
-3.129777
3.089416
2.218015
1.021148
-0.2069659
-0.01777912
-1.630034
-3.05688
-2.282926
2.534961
1.344899
1.013815
-0.3216247
-2.636674
-0.429153
-1.305528
-2.621704
1.972362
0.9340425
0.9541233
-0.09927456
-0.6810451
-0.9814253
-2.118132
2.929222
1.768911
0.7891922
0.1332255
-1.099734
-0.7197263
-1.879349
-2.99331
1.823714
0.8340291
-0.1893414
0.234196
-0.9242405
-1.350992
-2.331869
2.908321
1.090948
-0.4189276
1.141349
0.7502728
-1.315864
-2.335982
2.687445
2.725154
1.538595
0.773585
-0.2239104
-1.531176
-2.015932
-2.725307
2.394003
2.1683
1.19654
0.3884374
-0.7423803
-1.663098
-1.851989
-2.321244
2.812752
1.648159
1.013435
0.5604733
-0.9115708
-1.66146
-2.26388
-2.919774
2.271817
1.664907
0.336546
-0.4121249
-2.090201
-1.474679
-2.708127
2.563778
1.503505
0.6011207
-0.5974136
-0.6511626
-1.570071
-3.120151
2.555184
1.815787
0.9953284
0.04008798
-0.7755243
-1.529487
-2.379884
-3.082729
2.401507
1.325483
0.8076584
0.02366674
-1.160422
-1.459236
-2.280967
-3.040128
2.382868
1.389751
0.1621864
0.1072008
-0.5121516
-1.457848
-2.348639
2.967624
1.604338
0.4564402
-0.4993089
0.244991
-1.501285
-2.79304
3.121682
1.896503
0.4594731
0.0005519734
-0.6599247
-2.095291
-2.454496
3.000679
1.991281
0.990432
0.3519484
-0.1441351
-1.071379
-2.297983
-2.945025
2.82533
1.910905
1.071059
0.6319351
-0.5344445
-1.516725
-1.978802
-3.092991
-3.107059
1.99132
1.080363
0.3921913
-0.5361589
-1.979131
-2.361358
2.969381
2.409791
1.351865
0.1164957
-0.7519045
-1.49851
-2.352214
3.094445
1.952767
1.191509
0.1838282
-0.3768394
-1.431257
-2.056021
-3.05569
2.849021
1.524358
0.4378625
-0.4099368
-0.5002246
-1.832342
-2.431351
2.711608
2.194051
1.278443
0.642604
-0.1144659
-1.435355
-0.4414578
-1.876352
-2.969907
2.144212
1.364233
-0.0145808
-0.1902981
-1.022911
-2.056145
-3.117487
2.562387
1.408804
0.361396
-0.458463
-1.580874
-1.957916
-2.959756
2.749313
1.587771
0.4104025
0.2334136
-0.5577425
-1.802675
-2.649369
2.983119
2.145105
1.137143
0.6543041
-0.4070689
-1.439584
-2.027826
-2.884699
1.794684
2.043893
0.861828
-0.5427347
-0.9436794
-1.21323
-2.393546
2.843996
2.25078
1.404136
0.9452222
-0.1457834
-1.270672
-1.702137
-2.446265
2.794499
1.715851
1.003351
0.01917688
-0.2991485
-1.318982
-2.578026
2.887469
2.795272
1.353067
0.2132986
-0.9355629
-2.415721
-1.438104
-2.659759
2.452804
2.383504
0.7338633
0.4071212
-0.7115977
-2.540093
-2.486712
-2.347635
2.705634
1.281536
0.5804635
-0.6966749
-1.900966
-2.080068
-2.531977
3.024082
1.885576
0.7957594
0.1630015
-0.7308882
-1.696947
-1.787796
-2.739602
2.638366
1.74636
0.5327978
-0.2526219
-0.2705057
-1.563387
-2.853721
2.838702
2.219765
1.075441
0.6885554
-0.5110782
-0.9626814
-2.44213
2.676625
3.120145
1.723313
-0.09397185
0.4485283
-0.968908
-2.082613
-2.96664
2.964581
1.823908
0.9874443
0.3127296
-0.5242301
-2.011028
-2.231401
-3.031898
2.495462
1.440138
0.3520749
-0.1514962
-0.7395884
-1.583021
-2.828748
-3.137993
2.240604
1.453065
0.2949539
-0.9987066
-0.50961
-1.795152
-2.858134
2.934247
1.973868
0.2107749
0.1423277
-0.8630512
-2.361773
-2.859154
3.055453
2.083184
0.9861764
0.4928517
-0.9103861
-1.917438
-2.89279
-3.065725
2.511956
1.493351
0.6714303
-0.3185706
-1.308339
-2.05992
-2.720668
2.880367
2.50139
1.312354
0.1939653
-0.9632202
-0.8381076
-2.124884
-2.632526
2.660327
1.929592
0.6023785
-0.5282162
-0.9640959
-2.356835
-2.514776
2.436989
1.850273
0.4105406
0.4954086
-0.85255
-1.433463
-2.578629
-3.011512
2.151221
1.229118
0.4652071
-0.05431143
-0.9599165
-1.967189
-2.85993
2.451943
2.071844
1.048862
0.0746136
-0.5363394
-1.302497
-2.590556
2.840588
1.924114
1.67825
0.9666284
-0.09882104
-1.711181
-1.828031
-2.611987
2.366895
1.914004
1.097234
0.1077721
-0.8702562
-1.839466
-2.741614
2.801559
2.025056
1.467953
0.5308474
-0.8481251
-1.395745
-2.178276
3.015729
1.681889
2.43766
0.9168136
0.05820195
-0.3355232
-1.330028
-2.362031
3.052441
2.600785
2.254366
1.002504
-0.02792275
-1.337983
-1.87585
-3.11548
2.013143
1.731126
1.112381
0.2435982
-0.8896189
-1.787228
3.05716
2.134794
1.664484
1.540728
0.9010271
-0.00507475
-1.544257
-2.726617
-3.077397
2.585136
2.104108
0.7840079
-0.2080791
-0.8241846
-1.344808
-2.048673
2.934961
2.477513
1.628689
0.1919238
-0.03058801
0.50271
-0.7877624
-1.865687
2.88357
1.627802
1.698376
1.160687
0.4639853
-0.7715142
-1.976058
2.926987
1.543302
1.171752
0.7759344
0.05575437
-1.199928
-2.637324
-3.001974
2.434279
1.893471
0.704718
0.0489301
-0.7166897
-1.221261
-2.540639
2.31385
-2.521118
2.394043
1.140345
-0.202896
-0.5346017
-0.8268858
-1.706452
-2.90499
-3.087341
2.653735
1.337889
0.1424741
-0.6511739
-0.9022064
-2.537347
-3.063035
1.914964
2.192504
0.7140014
-0.6476243
-1.646731
-2.43492
2.773945
1.845929
1.100858
0.7265506
-0.2882629
-1.336295
-2.305372
2.800991
1.98974
1.698832
0.9403399
0.1436164
-0.8598469
-1.245192
-2.142441
2.825942
-2.98987
2.26675
0.7706013
0.385296
0.966814
-0.4422379
-2.100841
-2.969389
2.15564
1.402422
0.007059661
1.366726
-0.7899018
-1.711723
-3.050445
1.997987
1.302449
0.2631538
0.06911682
-1.183191
-2.020811
-2.88085
2.701904
1.595128
0.5527182
-0.3147344
-0.6062086
-1.391106
-2.539784
2.587373
2.634601
1.782174
0.9205353
-0.1163953
-1.096728
-1.594547
-2.106018
3.055611
2.124493
2.427937
0.789152
-0.2504278
-1.36749
-2.450217
2.27511
-3.050932
1.783577
1.036992
-0.2299576
-1.339477
-1.879347
-2.493244
2.526904
1.723234
1.019776
0.006127082
-0.7820332
-1.400607
-2.543299
2.769585
2.155689
1.275094
0.3737289
-0.6316369
-1.123708
-1.44124
-2.989594
2.561566
1.430841
1.362172
-0.08731758
-0.6015395
-1.188125
-1.267297
-3.04795
2.476599
1.296994
0.7192433
-0.5619047
-1.601725
-1.779254
-2.855033
2.788409
1.719976
0.6054286
-0.2735254
-0.9459159
-1.693212
-2.843076
2.983426
2.668482
1.383735
0.2824437
-0.4188245
-1.382343
-2.182838
-2.461342
2.505243
1.770752
0.9998214
0.01071596
-1.220155
-2.317595
-2.301347
-3.136691
1.670932
0.8157782
-0.01102172
-0.558697
-0.9831809
-2.13154
2.858185
2.048367
1.212259
1.125626
0.3551307
-0.7140952
-1.750151
-2.839986
2.737285
1.850048
1.274669
0.3607505
-0.6385502
-1.281348
-2.065982
2.831924
1.943182
2.149958
1.212213
-0.09597138
-1.43776
-2.822983
-2.311638
-2.853533
2.384686
0.9762949
-0.09350836
-0.7506266
-1.406049
-2.604277
2.929917
2.154758
1.600607
0.6182531
-0.5105472
-1.484259
-2.363373
-2.840953
3.103835
2.140881
0.9450073
0.3707778
-0.205295
-1.067975
-2.356951
2.94938
2.759596
2.049625
0.823127
0.6397763
-0.7362421
-2.293197
-2.907413
2.668713
1.444087
-1.129848
1.556147
-0.4974236
-1.705315
2.869052
0.9777965
1.712721
-0.1279356
1.212505
-0.009920405
-1.397907
-2.440112
-2.895483
2.247397
2.201193
0.9656782
0.05317773
-0.67568
-0.8704345
-2.096023
-2.982661
2.045205
1.950144
1.285665
0.3422437
-0.5943137
-0.9143044
-2.34649
-2.512982
1.95636
-3.085273
2.236345
0.2984888
-1.389437
-1.288865
1.938923
-0.3410866
2.993426
1.01512
-0.9412388
-1.279218
-1.828166
2.989506
1.784169
1.138987
1.50872
0.2355435
-0.6238517
-1.561422
-2.413603
2.563763
2.939542
1.515821
1.356229
0.2204285
-0.487557
-1.306028
-2.239267
-3.077615
-3.088262
2.314314
1.456838
0.2884966
-0.755115
-0.635671
-2.112255
3.041713
2.671047
1.848569
1.750724
-0.07570995
-1.034102
-2.537161
2.616861
0.9910718
2.099903
-0.09648944
1.067621
-0.9513478
-2.017972
-3.045114
1.896811
1.416364
1.189678
0.6250906
-0.2566321
-1.451388
-2.533188
2.828153
1.849869
2.310454
1.24122
0.3450111
-0.5241684
-1.357857
-2.198542
-2.382379
2.761459
2.070687
1.169097
0.4523085
-0.858586
-1.718902
-2.554925
2.7917
1.610647
1.350411
0.3292127
-0.9753569
-1.944263
-2.942298
2.374215
1.639907
0.1710364
0.9064548
-0.09321107
-1.511953
-2.601741
-3.091226
1.89417
1.542587
1.830071
0.2568206
-1.014842
-1.133108
-2.522621
3.081759
1.946246
2.044784
0.9389349
-0.193887
-0.929531
-1.549283
-2.765287
2.528361
2.168303
0.9086378
0.7987871
-0.5646431
-1.453167
-2.617622
-3.025553
1.914462
0.937477
0.5639352
-0.6540581
-1.299578
-2.111002
-3.078382
2.055177
1.036596
0.5610517
0.001193594
-1.068983
-1.207659
-2.679306
2.083724
-0.2271354
2.569364
1.135618
1.027896
-0.5487504
-1.836375
-2.878292
2.360532
2.160211
1.848651
0.831961
-0.5428111
-1.778788
-2.985071
-3.110168
1.880792
0.996296
0.3465594
-0.6498691
-1.190804
-1.987962
-3.105008
2.183924
1.593255
0.4364277
-0.001660975
-0.8361869
-1.366419
-2.487091
2.782665
1.496765
1.095663
0.2793483
0.06693801
-1.240348
-1.820486
-2.920094
3.057304
0.957766
-2.974207
0.1650453
0.9869145
-1.093429
-2.297555
2.300552
2.801761
1.298422
0.4578006
-0.925273
-1.516532
-2.175202
-2.919261
2.354134
1.580306
0.3604968
-0.1862106
-0.8057949
-1.751338
-2.703832
2.821147
1.922575
1.07678
0.5610085
-0.3993054
-1.124549
-2.035475
-2.567657
2.601198
0.9540704
2.544276
1.648717
-0.3776605
-1.035032
-2.94601
-2.603872
1.394627
0.3202223
-2.583868
1.018263
-1.459192
-1.973262
-3.043731
2.428395
1.120846
0.4985547
-0.5687558
-1.372877
-1.458919
-2.266198
2.688565
1.864458
1.054487
0.1788033
-0.7187973
-1.084823
-1.808509
-2.483004
2.53878
1.564826
0.5409175
0.4427183
-0.3616283
-1.440325
-2.583538
-2.704885
2.237885
0.8497403
1.134533
-0.3994032
-1.886704
-2.085566
-2.5811
-2.699609
2.659916
1.130015
-0.2298299
-1.339061
-1.712318
-2.550773
3.080795
1.985848
1.515569
0.3718164
-0.7449222
-1.284518
-2.031355
-3.047331
2.335614
1.533568
0.80111
0.2060921
-0.4712204
-1.77201
-2.183933
-3.113523
2.10848
1.082096
0.8611954
0.101229
-0.6465367
-1.859903
-2.887713
2.375067
1.420732
0.8630122
-0.2099424
-0.7620801
-1.561881
-2.372589
2.957868
1.566841
1.1034
0.5841018
-0.3669612
-0.9533578
-1.613307
-2.533335
3.12449
2.066833
1.168598
-0.0937352
-0.890825
-2.535373
-1.531045
-2.646576
2.479381
1.053793
-0.1543121
-1.818565
-0.7842194
-2.161756
2.966636
2.932382
1.547796
0.800559
-0.3008155
-0.187787
-1.677958
-2.529512
2.65897
2.076819
0.9237044
0.7806992
-0.1373026
-1.275189
-2.196427
3.02215
2.514084
1.975891
1.44942
0.6916077
-0.4951568
-1.722276
-1.810256
-2.762537
2.651707
1.792835
0.8259853
1.214383
-0.3126239
-1.956216
-2.727783
2.322976
1.457845
0.1943446
-0.1448856
-1.254927
-1.596079
-2.631393
2.529899
1.470637
0.9153631
-0.2202571
-0.8655262
-1.430456
-2.089311
-3.056138
2.54994
1.754769
0.9103233
0.0444159
-0.7758451
-1.246506
-1.84953
-2.925481
2.537871
1.707345
1.342412
0.2190382
-0.8433513
-1.727651
-1.617749
-2.897465
2.476764
1.738286
0.4503619
-0.6326709
-1.387136
-2.846164
1.86567
2.457324
1.205604
0.3893766
-1.060019
-2.109003
-2.371588
3.025146
1.960881
1.471764
0.2658817
-0.6070417
-0.814876
-1.524798
-2.491418
3.127944
1.829581
1.194898
0.7328507
0.4181083
-0.7304185
-1.20415
-2.378092
3.035836
1.739065
1.715946
0.9927095
0.804998
-0.6758887
-1.871881
3.131308
2.660114
1.365452
0.9203985
-0.674341
-1.191641
-1.622388
-2.822681
2.095394
1.260999
0.1525809
-1.067001
-1.070057
-1.857991
-2.811752
2.289436
1.858623
1.202324
0.43004
-0.6237184
-1.167861
-1.780691
-2.507536
-2.967666
2.051012
0.8673697
0.7642167
0.00484055
-1.174586
-1.820031
-2.636904
2.701816
1.983084
0.9412072
0.4434142
-0.5409742
-1.334643
-2.27861
2.816276
1.707128
1.262127
0.3080766
-0.4782316
-0.9360547
-2.527639
2.942206
1.867935
1.029205
0.4783544
-0.6437178
-1.866992
-1.84095
-2.644357
2.747076
1.660087
-0.2834601
0.6048731
-0.1365185
-0.729825
-1.270373
-2.493892
2.819935
1.710399
0.3194342
0.01320694
-0.05112994
-1.078367
-2.24711
3.038138
1.827461
0.9502356
0.2002608
-0.722143
-0.8214787
-1.95603
-2.920773
2.460155
1.422506
0.3991817
0.1979946
-0.8794075
-1.250738
-2.459391
3.001238
1.696089
1.52648
0.3844802
-0.65939
-2.130207
-1.291166
-2.771632
2.376616
1.055691
-0.1271322
1.011137
-0.4784647
-1.714007
-2.539134
-3.059011
2.252564
1.446359
0.03032114
-0.6679686
-1.11677
-1.927427
-2.912425
2.495198
1.394179
0.6518805
-0.2729395
-0.9474925
-1.578241
-2.416933
2.875094
2.079167
1.258158
0.2790466
-0.8415155
-0.8400143
-1.364706
-2.380597
2.875611
1.657671
0.334132
-1.307515
0.2042217
-1.020244
-2.45424
-3.105925
2.53552
0.8894188
-0.5601063
-1.935323
-1.941707
-2.269298
-2.918371
2.35859
1.223459
0.3214657
-0.3275769
-1.086252
-1.894884
-2.856512
2.886111
2.20194
1.077521
0.2545686
-0.6270731
-1.564414
-1.947725
-2.566917
2.474196
1.641852
0.7553413
-0.1110909
-0.7542441
-1.445714
-2.05593
-3.016784
2.381266
0.9378202
-0.09966764
-1.516711
-0.1121602
-1.776084
-2.878531
1.818838
1.155797
0.1722556
-0.4635282
-1.61499
-2.28165
-3.098647
2.7007
1.838
1.077919
-0.1026749
-0.7490388
-1.968015
-2.451549
-2.93969
2.555036
1.649944
0.8670209
-0.303789
-1.341346
-2.136946
-2.233537
-2.891498
2.381602
1.221543
0.198073
-0.7046672
-1.49172
-2.120337
-2.942396
2.859097
1.868043
0.6005035
-0.7294099
-1.512055
-2.716235
-2.670766
2.96875
1.472874
0.356739
-0.01223637
-1.234302
-1.745492
-2.661926
2.951677
2.215042
1.025442
0.5861498
0.01968399
-1.197489
-1.952678
-2.728879
2.748816
1.911383
1.122567
0.2240697
-0.6670215
-1.635334
-2.410842
2.817637
2.118093
1.994355
0.7193494
-0.5156326
-1.679144
-3.030776
-1.897535
3.058974
2.044094
1.10235
-0.04586383
-1.059428
-1.427356
-2.354914
2.937889
2.306055
1.867144
0.5187201
-0.33205
-1.504555
-2.000803
2.931891
2.036947
2.482159
1.875478
0.6881216
-0.2984206
-1.713848
-3.087566
1.477872
-2.023447
2.177819
0.6857704
-0.3227824
-1.495774
-2.486596
3.067923
2.391567
1.787866
0.9842045
0.08663221
-0.8981012
-1.838416
-2.905691
-2.991358
2.480768
1.453956
0.6202819
-0.05047355
-0.6913098
-1.678938
-2.483886
-2.976833
2.317417
1.167214
0.6491675
-0.2642183
-1.266895
-1.108501
-2.480013
2.447516
1.263449
0.6851096
-0.5638118
-2.077902
-2.079573
-2.718064
2.274573
1.698148
0.6880587
0.02341861
-0.754443
-1.784136
-2.849887
2.545344
2.194043
1.496525
0.4655927
-0.1821101
-1.224734
-2.291432
-2.924675
2.476749
2.64665
1.806398
0.6370001
-0.3366189
-1.150187
-1.691004
-2.515342
-2.984941
2.491706
1.889724
0.7363874
0.07832505
-1.532202
-3.066742
1.443686
-2.817688
2.174998
1.228973
-0.4804269
-1.813989
3.066426
3.035946
1.672601
0.9088609
0.2097568
-0.2729058
-1.147264
-2.411004
-3.049562
2.46317
1.724674
1.163821
0.2215984
-0.9827431
-1.206336
-1.965248
-2.626673
2.568949
1.958389
1.136704
0.3322467
-0.4191584
-0.8776941
-1.910782
-2.708722
2.800673
1.830466
0.9126008
-0.4567354
-0.9596919
-1.357792
-2.579628
2.724199
1.889534
0.8699852
-0.05091089
-1.183191
-1.984904
3.121135
2.465684
1.980674
0.8142713
-0.01332516
-0.6375737
-1.503253
-2.5003
2.796851
2.048621
1.416635
0.7304766
0.1858847
-0.4883366
-1.698222
-2.495541
2.490828
2.421412
1.631262
1.089421
0.2451165
-0.7808974
-2.005008
-2.729963
2.687018
1.722828
1.03984
0.6651028
-0.5277782
-1.690896
-2.568264
2.852182
1.981246
1.319668
0.4059892
-0.5292328
-1.444101
-2.249644
-2.822427
2.436026
1.481846
0.8419002
-0.2446122
-1.148327
-2.276421
-2.714575
2.883465
2.335613
0.9700355
-0.08620876
-0.8580832
-1.469757
-2.552184
-3.033655
2.723431
1.94191
0.9147223
0.009404793
-0.9988777
-1.669413
-2.313371
-2.973524
2.193784
1.432899
0.6275054
-0.2714202
-1.230352
-2.015318
3.126452
2.677311
1.864037
0.8737317
-0.009999179
-0.8323135
-1.478758
-2.591944
2.593607
2.091769
1.058663
0.4716436
-0.2777794
-1.296215
-2.348011
3.062611
2.103047
0.8021502
0.4436698
-0.3716429
-1.172361
-2.466839
-2.661697
2.622023
1.702215
0.7604741
0.0131793
-0.7975089
-1.321236
-2.018262
-2.958867
2.442844
1.790807
0.9137445
0.06012712
-0.7083462
-1.414205
-2.442635
3.087772
2.395669
1.618433
0.530615
-0.3235175
-1.252251
-2.289889
2.979587
2.218386
2.621699
1.194301
-0.2642849
-1.642538
-2.971598
2.925047
2.338207
1.506126
0.8051957
-0.0737143
-0.8146459
-1.949383
-2.831374
2.551882
2.147388
1.324899
0.4758031
-0.4591514
-1.032688
-1.760392
-2.80194
2.740581
2.169023
1.335015
0.4546093
-0.1555826
-0.9296767
-1.873061
-2.885786
2.812903
1.998617
0.9966285
0.2035588
-0.6647162
-1.63959
-2.651905
3.042196
1.703707
0.6445468
-0.1398617
-0.7624508
-2.082354
-2.883811
2.551938
1.84104
0.7979376
0.2872016
-0.5548888
-1.449455
-2.268047
-3.093282
2.113782
1.697794
1.34813
0.1530434
-0.6951409
-1.560861
-2.225178
3.102776
2.514576
1.905815
0.7795696
0.2163501
-0.8123389
-1.588564
-2.433337
2.953899
1.818266
1.698262
0.904802
-0.1705209
-1.572393
-2.204383
3.043655
1.898758
1.240631
0.9324461
-0.1474563
-0.9348765
-2.041079
3.097178
2.010021
1.611317
1.030034
0.1724735
-0.8625115
-1.796032
-2.740527
2.722838
2.295036
1.248446
0.4097181
-0.348923
-1.549778
-1.590737
-2.380892
2.770297
1.565245
1.44373
0.6335591
-0.4165473
-1.555349
-2.116831
-2.947772
2.316935
1.556589
0.5579156
0.06751232
-0.718899
-1.993219
-3.095235
2.664097
2.08897
1.378111
0.4863531
-0.603241
-1.236739
-2.069295
-2.785057
2.152745
1.711704
1.143005
0.4205448
-0.8409668
-1.503626
-2.711434
2.176728
0.864259
1.284828
0.03397392
-0.3655759
-1.508857
-2.587895
2.746561
1.882375
1.050371
0.05767849
-0.1648628
-0.7839031
-1.808511
-2.830974
2.520473
2.015725
1.243303
0.09430586
-0.2799297
-1.175457
-2.199144
-3.024196
2.617775
1.553282
0.9462788
0.1116404
-0.3752554
-1.522445
-2.020522
-2.978567
2.337533
2.038712
1.367598
-0.3659421
-1.742283
-1.430295
-2.783702
2.02586
1.081958
0.452393
-0.3797712
-1.325891
-2.321221
2.996929
2.122717
1.58534
0.65626
-0.377084
-0.6075513
-1.258411
-2.371081
2.902266
2.020727
1.607192
0.7778428
0.3973378
-0.6662508
-1.631516
-2.431537
3.110662
2.2557
1.30904
1.163176
0.1094036
-0.966822
-1.363738
-2.21508
2.495501
1.512159
1.359645
0.8393642
-0.2432815
-1.253784
-2.059348
3.077847
1.773549
0.4720179
-0.6497946
-1.130627
-1.32501
-2.34573
2.952241
1.919981
0.99102
0.2424885
-0.4091427
-1.237028
-2.027374
-2.741927
2.688811
1.786772
1.235433
0.4858386
-0.2611774
-1.05194
-1.954927
-2.754103
2.715772
2.451886
1.422077
0.3461689
-0.6115402
-1.604957
-1.870298
-2.856976
2.397101
1.184945
0.6453509
-0.2813322
-1.075888
-1.972734
-3.044071
1.977808
1.459152
0.2005701
-0.4017565
-0.8580008
-1.590845
-2.608567
2.500528
1.301744
0.6437391
-0.03184902
-0.4630113
-1.063191
-2.131268
3.074407
1.971184
1.27229
0.6828511
0.3213449
-0.7930417
-1.777153
-2.391519
2.986685
2.431765
1.227936
0.2642373
-0.1043316
-1.193515
-2.023678
-2.377299
2.953694
1.926138
1.047063
-0.1449788
-1.046587
-1.220187
-2.072954
-3.140744
2.15916
1.528538
0.2551667
-0.7348583
-1.474533
-2.595316
-3.132571
2.608909
1.431882
0.4887155
-0.4900996
-1.475761
-1.801296
-2.724671
2.500045
1.679495
0.7670345
0.3192299
-0.341225
-1.257571
-2.463073
2.977528
2.309126
1.664854
0.4343407
-0.1587508
-0.5157642
-1.523158
-2.686849
2.977235
2.362612
1.306792
0.7145128
0.1807215
-1.059961
-1.376958
-2.255533
2.965901
1.750005
0.9805033
-0.02165315
-0.6331035
-0.8652434
-2.001367
3.033175
1.62438
0.3997032
-0.642162
-0.9305089
-1.853112
-2.867186
2.908133
2.089472
1.021545
0.01510048
-0.3811617
-1.024182
-2.001618
-2.993188
2.644582
1.800054
1.568684
0.5116571
-0.467402
-1.41256
-2.293702
-2.945413
2.908232
2.099448
1.262067
0.3505182
-0.5604909
-1.208351
-2.013199
-3.08184
-3.032326
2.124795
1.226369
-0.03234599
-1.405669
-1.894138
-2.833214
2.117338
1.400206
0.5878578
-0.8094459
-1.595848
-2.103627
-3.088309
2.224794
1.349816
0.5418535
-0.08357177
-1.193588
-1.78074
-2.200428
-2.999296
2.328975
1.595164
0.4053346
-0.2138405
-0.6341372
-1.45947
-2.208856
-3.035783
2.224324
1.571343
0.546351
-0.1551857
-0.6182396
-1.577577
-2.255936
2.885088
1.752247
1.241511
0.4361954
-0.956594
-1.593614
-2.603874
2.817655
2.075973
1.232859
-0.1221134
-1.097022
-1.9286
-2.24088
2.844396
1.740873
0.7838666
0.4094427
-0.2608386
-1.167029
-2.008094
-2.901096
2.339587
1.738567
1.165271
0.5093281
-0.1398975
-1.010914
-2.175515
-2.99294
2.336304
1.945272
0.7850118
0.514921
-0.3523546
-1.504598
-2.690452
2.908703
2.337245
1.427818
-0.05537787
-0.2099691
-1.084723
-2.188519
-3.036205
2.279212
1.071013
0.5601933
-0.184488
-1.163127
-2.153258
-3.102829
2.849803
1.93877
0.953469
-0.0744929
-1.01611
-1.889921
-2.648555
-3.049964
2.271127
1.193369
0.5505942
-0.2476471
-1.393334
-2.484771
-2.977784
-2.943229
2.116296
0.7744981
-0.1879716
-0.5514326
-1.249477
-1.81342
-2.980046
2.111925
1.35611
0.840367
0.2230458
-0.6415654
-1.673026
-2.06311
3.005842
1.392936
1.319749
0.7960209
-0.1559088
-1.110474
-2.059865
2.925488
1.730224
1.074234
-0.501361
-0.6477891
-1.467162
-1.740235
-2.788833
2.153883
1.739967
0.5450065
-0.5917523
-0.6710142
-1.696074
-2.559102
3.030696
2.035188
1.204986
0.4216687
-0.8314142
-0.9102057
-1.950985
-2.587538
2.946302
2.170962
0.9208887
1.069166
0.1100247
-1.08079
-1.836345
-2.115039
-3.1162
2.309268
1.235092
0.4936003
-0.7753013
-0.9330902
-2.371475
2.909965
0.7091388
2.679085
0.1727364
-1.622527
-1.643565
-2.926984
1.864919
1.351072
1.41298
0.3700274
-0.8017108
-1.695994
-2.585773
-2.306535
2.605213
1.782516
0.845668
-0.1356336
-0.5639941
-1.562981
-1.903989
-2.49688
2.668472
1.59538
0.7444038
-0.8873169
0.7172225
-0.5330984
-1.686728
-2.908522
2.688688
1.927004
1.013002
1.454099
-0.01315084
-1.484861
-2.197088
-2.928885
1.788573
-0.03639031
-2.735659
-1.619508
-2.009669
-2.49585
2.0713
0.8732851
0.861837
0.4245659
-0.7039258
-1.82525
-3.02129
-2.630293
2.651211
1.447615
0.8691064
-0.01351397
-0.5575578
-1.740736
-2.276857
-3.057798
2.651643
1.530506
0.5739618
0.1269629
-0.3824574
-1.378743
-2.224758
3.078958
2.486616
1.787098
0.7260615
-0.1982606
-0.38117
-1.844939
-2.797266
2.236807
1.328857
0.9180239
-0.6227786
-1.183773
-1.621329
-2.843643
2.483503
1.974487
0.6375548
-0.5608837
-0.95895
-2.170242
-1.974534
-2.919858
2.505833
1.193285
0.09201962
-0.9395822
-1.053609
-1.72415
-2.455514
3.016211
1.87733
0.7981374
0.02317988
-0.8362744
-1.081823
-2.318089
-2.579638
2.775786
1.650228
0.5309715
-0.1836422
-1.126511
-1.110687
-2.169637
2.700061
1.87174
1.367867
0.7686464
-0.3052635
-1.367121
-2.08134
-2.906444
2.569472
1.474667
0.8862565
-0.10134
-0.5521309
-1.974407
3.070869
2.280636
1.965286
0.9191298
-0.1515263
-0.9997926
-2.139903
-2.891752
3.115781
1.851315
1.216093
0.1452461
-0.4266638
-1.575994
-1.69204
-2.68657
2.845836
1.862286
1.089551
0.1974953
-0.8073308
-1.029032
-2.036278
-2.805207
2.786044
1.664413
0.6561847
-0.02088737
-1.035448
-1.901477
-1.991763
-2.618768
2.395838
1.257041
-0.3145395
-0.8174235
-1.931706
1.307483
-2.827337
2.395355
1.107756
0.2762515
-0.8662429
-2.043325
-2.514218
3.112126
2.138894
1.304318
0.2085094
0.04462783
-1.185862
-1.777084
-2.954646
2.971965
2.160783
1.538674
0.5952008
0.2464008
-1.073939
-1.740222
-2.231106
2.995211
2.163537
1.293503
0.3899246
-0.1362085
-1.010064
-1.833683
2.983918
2.465302
1.699713
0.09859832
-0.9827195
-2.498162
-1.90225
2.745956
2.389332
0.9640815
0.909579
-0.5615287
-1.307705
-2.21011
-2.966839
2.816834
1.891374
0.9208529
0.2313264
-0.7037867
-1.62598
-2.730981
3.112901
2.651521
2.141616
0.9029571
0.05733395
-0.7094243
-1.292017
-2.527752
-2.769236
-2.858855
2.193263
0.8205779
-0.2063418
-0.7486839
-2.335944
2.085166
-3.020696
0.8780468
1.654652
-0.05436013
-1.195683
-2.445065
-2.981698
2.421268
1.603455
1.00896
0.4203301
-0.7648364
-1.870633
-2.133726
-3.057874
2.206875
1.58284
0.3167222
-0.1447155
-0.8562009
-1.657961
-2.703365
3.111596
2.002045
1.049237
0.1071192
0.04033576
-0.8938718
-1.885268
-2.939837
1.977992
2.695511
1.358759
-0.002400817
-0.4932854
-2.417638
-1.426929
3.104877
2.891179
2.419279
0.9929991
-0.1534954
-1.193824
-2.829752
0.9777229
-2.113549
2.2815
1.112607
0.05247266
-1.171273
-1.643597
2.824228
-2.477844
2.70293
1.183127
0.3833069
0.1305749
-1.466281
-2.300571
-3.083762
1.854401
1.15778
1.242328
0.1194854
-0.8018783
-1.95829
-2.445204
2.713119
1.952056
0.9695406
1.24081
-0.0763429
-0.768301
-1.900437
-2.809188
3.139076
2.462294
1.482583
1.183772
0.06022814
-1.134493
-1.391457
-2.23104
3.130515
2.278826
0.9010888
0.7804909
-0.4967566
-0.8689789
-2.455295
2.763135
2.183613
1.038738
-0.2837449
-1.592643
-2.821527
-2.127764
2.498863
1.715279
0.3525042
0.7164715
-0.5755078
-1.267501
-2.434761
-2.430317
2.405704
1.959491
1.542317
0.5333774
-0.0662886
-1.4065
-2.370677
3.08321
-2.830093
2.338887
1.644634
0.4238877
-0.3780139
-1.602108
-2.000872
-1.600858
-2.841449
2.238393
1.073694
0.01964703
-0.8044733
-1.12397
-2.684322
1.531097
2.387589
0.7102545
-0.6041199
-1.554977
-1.924546
-2.996299
2.050276
1.57088
0.3714896
-0.3047238
-0.6232222
-1.639395
-2.484743
2.980189
2.620628
1.608178
0.6846092
0.03861474
-0.4486819
-1.448124
-2.096093
-3.062887
2.476084
1.59443
0.9311358
0.1972609
-0.562833
-1.875366
-1.612936
-2.614583
2.406778
0.9993549
1.159805
-0.6024673
-1.214354
-2.246381
-2.722098
1.962513
0.3424855
1.070412
-0.520882
-1.540948
-2.676178
2.819814
1.947213
1.114127
0.5826492
-0.1137961
-1.152424
-2.052205
-2.780879
2.597919
1.766369
1.490767
0.5631022
-0.06292835
-0.7787577
-1.821461
3.134379
2.992772
2.309119
1.210199
0.7506931
-0.6498689
-1.408009
-2.122529
-3.107902
1.965876
0.3526088
1.157862
0.1100891
-0.995797
-2.615393
-2.342346
2.443383
1.731447
0.7307097
0.3366344
-0.9605019
-1.808109
-2.685253
2.828799
2.167691
1.30118
0.3270064
-0.6957862
-2.110434
-2.345801
-2.872603
2.593966
1.500907
0.9011156
-0.3811025
-1.776475
-1.387506
-2.371603
-3.068334
1.79259
1.257291
0.6941511
-0.291889
-1.06605
-1.858251
-2.774832
2.424191
1.910576
0.9101123
0.7704856
-0.4435432
-1.355883
-2.317931
-3.095608
2.222119
1.485445
1.247371
-0.1513458
-0.5203368
-1.656807
-2.862292
2.125461
2.181099
1.012018
-0.0685475
-1.015188
-1.502594
-2.683617
2.475502
1.469891
1.376522
-0.0719787
-1.000781
-1.360824
-2.439836
-2.627222
2.250343
1.611595
0.4130089
-0.06177203
-0.9990128
-1.324958
-2.728015
-2.696115
2.499406
1.420153
0.504922
0.339201
-0.6070244
-1.491617
-2.208126
3.080495
2.357475
1.591158
0.9057884
-0.02056612
-1.453284
-2.594265
2.736859
2.907007
2.344227
0.6393492
-0.5872714
-2.046656
-2.700844
2.421543
2.633963
1.229941
0.3104537
-0.4698813
-0.7746065
-1.732939
-2.793546
2.917862
1.956516
1.434049
0.4504729
-0.5906728
-0.9184878
-1.796729
-2.678536
2.637789
2.007192
0.9793698
0.5613841
-0.1986155
-0.9505972
-1.948092
-2.560806
2.93186
1.54571
1.066391
0.3105778
-0.2254508
-1.477008
-2.603093
2.860563
1.251176
0.6939605
0.1631054
-1.28551
-2.411163
-3.130576
2.468173
1.657063
1.320089
0.0624254
-0.4676473
-1.343725
-2.462921
-2.897196
2.895519
1.947454
1.100615
0.1594391
-0.7988104
-1.593857
-2.32469
-3.05055
2.400297
1.482331
0.7378048
-0.3928755
-1.199975
-1.784543
-2.250381
2.910769
1.367438
1.03164
0.7679924
-0.05322123
-1.598425
-1.808028
-3.100679
1.872616
0.9007475
0.2694332
-0.3503336
-1.219606
-1.834731
-3.018644
2.149381
1.276858
0.9642082
-0.1174275
-0.9472719
-1.392852
-2.240429
2.580686
2.105393
1.522882
0.5851582
-0.3991952
-0.9881727
-2.061904
-3.127693
2.334878
2.260207
0.8385566
-0.1900787
-1.245247
-2.367292
-2.453823
2.926466
1.970288
1.023666
-0.758268
0.2238441
-1.333139
-2.198271
2.699282
2.826123
2.001858
1.324827
0.1300713
-0.2420391
-1.199881
-2.565091
3.097245
1.868281
2.078185
0.8307513
-0.05927788
-1.27424
-1.962248
3.049213
2.155882
1.235907
1.337253
-0.1031343
-0.931888
-2.400465
-2.565857
2.558667
1.738686
0.6991771
0.3307757
-0.8391274
-1.899394
-2.278815
2.954217
2.517779
1.933626
0.6052575
-0.7290713
-0.4595485
-1.313869
-1.927129
-2.742292
2.89908
1.631941
0.5627542
0.7171667
0.3110455
-0.6704274
-2.19503
2.770648
2.233281
1.758617
0.6594285
-0.1043472
-0.7819512
-2.530812
2.890227
1.771105
1.05295
0.07606927
-0.1494003
-1.2841
-2.524859
2.356761
2.529232
1.372547
0.5809522
-0.2147915
-0.9613685
-1.923981
-2.615959
2.911623
2.270578
1.499242
0.7519281
0.6333424
-0.4904602
-1.171091
-2.107241
3.096719
2.285973
2.522148
1.375608
-0.08848167
-0.428036
-1.428826
-2.445056
2.567855
3.082793
1.834613
0.5922672
-1.260266
-0.249039
-2.314132
2.771516
1.58765
0.6134673
-0.3292688
-0.2067196
-1.618422
-2.461909
2.716059
2.488639
1.438361
0.4770178
-0.6737295
-1.159771
-1.374876
-2.652408
2.476962
2.450074
1.647073
0.5071626
-0.1293198
-0.4893252
-1.219311
-1.893686
2.962669
2.314587
2.219102
0.9364032
-0.4808419
-0.8919072
-1.052564
-2.452406
2.054493
1.073935
0.912147
-0.3004458
-0.8446549
-1.895348
3.059376
2.093267
1.69718
0.9660729
-0.1894551
-0.8571084
-1.45834
-2.572821
2.828342
1.992347
1.183494
0.229686
-0.4335995
-1.040517
-1.988103
-2.857098
2.251431
1.235068
1.476025
0.4174631
-1.106888
-0.6530882
-1.81412
3.09024
2.57531
1.967133
1.098779
0.137525
-1.043913
-1.980479
-2.277538
3.11799
1.878751
0.9433153
-0.43738
-0.7330377
-1.547905
-2.265002
2.908086
2.42669
1.162821
0.07862008
-0.8515916
-0.7820702
-2.03856
-2.844797
2.445512
1.706894
0.6934575
-0.04758746
-0.8829132
-2.029557
-2.327811
-3.091909
1.795306
0.6119031
0.2438118
-0.5050992
-1.232382
-2.559382
-2.931715
2.240222
1.698437
0.8064201
0.03664933
-0.692755
-1.617511
-2.36115
3.10889
2.288858
1.479251
0.4742248
-0.4314851
-1.055097
-1.903692
-2.942412
2.592444
1.859664
0.761165
-0.3204049
-1.059075
-2.01737
-2.445972
-3.111035
1.748932
0.6439727
0.00593071
-0.863969
-1.970697
-2.674745
3.07526
2.146643
1.303532
0.3231746
-0.8858451
-1.04317
-1.882601
-2.917718
2.347323
2.213255
1.27366
0.4204044
-0.6028103
-1.478899
-2.525136
-2.530272
2.867044
1.788029
0.9362164
0.002946346
-1.160407
-2.14213
-2.012598
3.037025
2.001801
1.404598
0.3236435
-0.7477363
-2.309761
2.740839
-2.309363
2.127085
1.105454
0.12916
-1.093273
-1.317199
-2.48831
2.782107
2.38464
1.866953
0.610957
-0.1379844
-1.16625
-1.844345
-2.40172
-2.694553
2.218652
1.443712
0.8671952
-0.0448358
-1.041801
-1.363105
-2.301911
2.992028
1.878277
1.694378
0.5118662
-0.4462472
-1.958063
-1.792404
2.697345
2.273995
1.134032
-0.3960025
0.005301445
-1.518836
-2.8167
2.693942
1.045662
-2.072697
1.639396
-0.1315214
-0.9872515
-1.826916
-3.127459
2.833568
2.170696
1.474856
0.7144783
-0.3164856
-1.108667
-1.890888
-3.080345
2.587693
2.528646
1.71674
0.6388382
-0.5304773
-1.370703
-1.27893
-2.921847
2.679535
1.645985
1.396083
0.3721528
-1.098864
-2.373306
2.25807
2.651692
1.510942
0.959366
-0.5233179
-1.252536
-1.956136
-2.90124
2.190362
-0.0781763
3.140129
1.010999
-0.03230745
-1.292488
-2.274592
-2.215383
-2.834845
2.351956
1.624566
0.2905307
-0.4709657
-1.432599
-1.930673
-2.65441
2.795782
1.435209
1.489038
0.03093954
-1.033555
-1.765334
-2.527392
-2.854054
2.277587
0.9699612
-0.04067518
0.3018079
-0.9873061
-2.132872
2.686868
1.741489
1.780932
0.3627794
0.8205355
-0.5926616
-1.975282
-2.86475
2.884373
1.542228
2.536911
1.463167
0.2134321
-0.902302
-2.013049
-3.026121
2.898326
2.892389
1.804593
0.4408087
-0.5869238
-1.935468
-2.523669
-3.00555
2.156052
0.8568438
0.6101225
-0.005631509
-1.247542
-2.358411
2.67786
2.493447
1.50133
0.7520164
0.1488464
-0.8844004
-1.491302
-2.667067
2.750259
1.996477
1.520531
1.037789
0.1612305
-1.129742
-2.048349
-2.800839
2.409347
-3.076486
1.849392
0.5283849
-0.6205465
-1.459775
-1.740663
-2.459787
2.358421
0.7016219
1.314807
0.01884039
-1.202766
-2.197159
2.724428
2.768407
1.617625
0.9248415
-0.1202058
-0.9645471
-1.568966
-2.669541
2.642918
1.923969
1.251288
0.5457848
-0.4739876
-1.327834
-1.949763
-2.604719
2.397274
1.436728
1.111861
0.3879978
-0.3405921
-0.9750642
-2.001732
3.003771
1.964166
-1.93045
1.78003
0.1662572
-0.5615891
-1.919355
-2.643191
2.661479
1.690992
0.6672167
-0.878067
-0.1567084
-1.405186
-2.840926
2.709251
1.713708
0.9013113
0.1498529
-0.3384524
-1.37623
-1.894771
-3.073652
2.312413
1.406592
0.9099535
0.3487863
-0.6703268
-1.620781
-2.326108
2.718724
1.912704
1.498277
0.4956556
-0.2815842
-0.7707778
-2.97427
-0.09823969
3.027144
1.420785
0.1307914
-3.013354
0.7778734
-1.297752
-2.393245
2.997313
1.947876
1.037819
0.6419541
-0.7039774
-0.9029882
-1.727044
-3.034217
2.189499
1.259691
0.7878286
0.08839018
-0.6077493
-1.745715
-2.737043
2.641989
2.291108
1.468671
0.6051162
-0.6559795
-1.03914
-2.306762
-2.516948
2.639941
1.991817
0.2712693
-0.4457015
-0.5987188
-1.93353
-2.604682
2.087228
2.599117
1.262466
0.05462496
-1.123063
-0.7997758
-1.813334
-2.182078
3.034387
1.772079
0.849991
0.1904402
-0.4220396
-1.456475
-2.045998
-2.949157
2.260046
1.045359
0.008193528
-0.2484358
-1.027143
-2.191319
-2.60271
2.336536
1.18941
0.4719581
-0.1816449
-0.7021757
-1.528448
3.012533
-2.941059
2.001022
1.363049
0.4555016
-1.067368
-1.094037
-1.76316
-2.887366
2.793811
1.695968
0.9872848
0.01110039
-0.8164773
-1.835788
-1.382686
-2.806956
2.453813
1.201521
0.6863741
0.1669297
-0.6275831
-1.585859
-2.394204
2.607408
1.638875
0.7591138
0.2492112
-0.3304027
-1.521422
-3.014025
2.256429
1.986251
1.30429
0.1551723
-0.9805197
-1.385134
-2.231877
-2.972821
1.889859
1.956163
1.051592
0.1100307
-0.6522743
-1.862758
-2.274853
-2.985956
2.512737
1.797581
0.9755718
-0.1184366
-0.655268
-1.858271
-2.834853
-2.497165
2.341946
1.219467
0.3756747
-0.9565694
-2.437602
-1.542112
-2.938875
2.248776
1.393111
-0.2458626
-0.7908857
-1.64835
-2.608836
-2.991131
1.845931
1.307935
1.069113
-0.2652587
-1.504873
-1.528985
-2.637865
2.883372
2.105324
1.543557
0.6418025
-0.3244508
-1.115612
-1.75075
-2.778507
2.691806
2.497807
1.147201
0.201334
-0.4633142
-1.269126
-2.452201
-2.777793
2.711834
1.767198
0.06421793
-0.3543997
-1.123784
-1.971459
2.681278
2.121436
1.241193
0.3801864
-0.2206773
-1.408671
-2.382762
-2.945841
2.478618
1.641159
0.8956038
0.0171655
-0.6188083
-1.12569
-2.172004
-2.803355
2.72721
1.708985
0.8950163
0.3906146
-0.3231643
-1.193567
-2.342596
2.757393
2.17582
1.540775
0.4750694
0.4479891
-1.041397
-2.400157
2.432862
1.851225
1.098073
1.375363
-0.1937684
-1.111753
-2.185014
-3.045052
2.522458
1.454255
0.7114816
0.500162
-0.785363
-1.747576
-2.819509
3.038163
2.00585
1.362487
0.4363414
-0.003534851
-0.8940191
-1.608777
-2.707964
2.804379
2.418238
1.642107
0.777598
0.2569398
-0.7271203
-2.011231
-3.034491
2.909173
1.820987
0.9021778
0.02752276
-0.8246555
-1.6303
-2.737254
2.296903
1.305839
0.8097645
0.4066713
-0.674531
-1.834937
-2.488644
-2.950033
1.977851
1.385244
0.2300595
0.8772072
-0.695834
-1.841824
3.103445
-2.662788
1.952097
-0.337595
0.6150085
-0.6339215
-1.622173
-1.140233
-2.719908
2.856867
1.118137
0.4082887
0.03890182
-1.609482
0.120161
-1.707181
2.742251
1.152347
2.208261
0.6828231
-0.04236994
-1.07171
-1.730344
-2.867903
2.378842
1.318479
0.9792374
0.02562668
-0.4209209
-1.03625
-2.526011
2.971403
2.222575
1.087751
-2.01207
0.7377909
-0.4980985
-1.316708
-2.288717
1.770739
-0.2623835
1.067331
-2.963505
1.183091
-0.5118217
-2.502243
1.998376
-1.163208
2.940154
0.7776577
-0.9503112
0.1955546
-1.407782
-2.685699
2.731879
1.471943
1.4957
0.6897795
-0.4691891
-1.411391
-1.994611
-2.760897
2.440411
1.512122
0.7649532
0.05979
-0.3224467
-1.467434
-2.540689
-3.043123
2.140824
0.6795065
1.054022
1.008127
-0.02097762
-1.866693
2.118753
-0.1602656
2.985711
-2.454309
3.018906
0.3679424
-0.2410956
-1.806147
2.512672
0.2223106
1.967204
0.2834337
-0.4294139
-1.090907
-1.893767
-2.716038
2.732577
1.622929
0.7498865
-0.1313324
-0.7844763
-1.482559
-2.27617
-3.011965
2.179301
0.921263
-0.02811963
0.3633935
-0.8427911
-1.63315
-2.397178
2.655864
1.668431
0.0148741
-3.0053
0.6371722
-1.201175
-2.184899
2.527097
0.6022881
-2.151647
1.146991
-0.4587594
-1.935857
-1.671839
-2.480283
2.421436
0.991188
1.571377
0.341842
-0.8442335
-1.428996
-2.317045
2.965382
2.117228
1.413742
0.3150673
-0.2484064
-1.309233
-2.144342
-2.829878
2.525293
1.637171
0.6444044
-0.710356
-1.294964
-1.280887
-2.052863
2.670456
1.712548
0.7584902
0.0319204
-1.097582
1.102219
-1.473187
-2.903924
2.202698
1.013522
0.4329382
0.2429171
-0.9833212
-2.045969
-2.535429
2.764508
1.864298
1.423326
0.2715485
-0.4050843
-1.397448
-2.269905
-3.121537
3.103833
1.934187
0.7807704
-0.288811
-1.313494
-1.854274
-2.599022
2.598267
2.067462
1.060427
-0.2012984
-1.261734
-2.617401
-2.376925
-2.971895
1.950231
0.6769485
0.5458547
-0.6435807
-1.100841
-2.035205
-2.294558
2.796696
2.192928
1.084425
0.3002316
-0.5998167
-1.173172
-2.045561
-2.805699
2.413145
1.243689
0.4475243
-0.2998407
-1.200937
-1.773534
-2.919799
2.183611
1.558614
1.190255
-0.1064787
-1.631983
-1.964242
-2.090837
2.630332
1.509847
1.619417
0.4337271
-0.630892
-1.408841
-2.868427
-2.824356
3.079097
2.082797
0.6689367
-0.3741199
-0.3680415
-1.127015
-2.690455
-2.502242
2.701368
1.590866
1.219646
0.2551111
-1.091324
-1.387792
-2.782657
3.015452
1.897789
0.5690056
0.5599424
-0.785189
-2.534097
-2.83199
2.637683
1.124841
0.1083725
-0.1293979
-0.7112291
-1.35925
-2.52411
2.723465
2.400178
1.580871
0.11526
0.2011508
-0.1507787
-1.453446
-2.637891
-2.708382
2.248454
1.735231
1.440426
0.4574971
-0.7919525
-1.425758
-2.197536
-2.446838
2.923218
1.552496
0.3484535
0.4794324
-0.9894623
-1.067375
-2.559646
2.249317
0.664091
0.8612896
-1.324621
-2.354306
2.029351
-2.646816
2.687034
1.282112
-0.8537017
0.9245504
-0.5571798
-1.653584
-2.685538
2.893834
2.528404
1.90106
0.783523
0.01563685
-0.8826051
-1.756816
-2.571242
-2.55426
2.385767
1.884776
1.083651
0.3251754
-0.5628647
-1.107765
-2.28904
-2.921545
2.37918
2.229107
0.6344323
-1.543308
-0.2780119
-2.250232
2.319068
1.434271
0.6361639
0.3508506
-0.4506502
-1.683921
2.728862
-2.379861
2.650024
1.121434
-0.1284705
0.4413245
-0.2520036
-1.114136
-2.015734
2.890363
1.849436
0.9307084
0.5316833
0.362644
-0.4078504
-1.72819
-2.701157
2.379987
2.341833
1.472572
1.464348
0.4631624
-0.8362918
-2.174849
-2.203825
2.357057
2.792183
1.255518
0.1325243
-1.023827
-1.750711
-2.569355
-3.139488
1.743242
0.1305435
0.2233112
-0.5387398
-1.570788
-2.567694
2.984712
1.433154
1.262663
0.1129733
0.2727155
-0.7424575
-1.936142
-2.86552
2.774662
2.270003
1.360677
-0.2954652
0.3992027
-1.007065
-2.396143
-2.877604
2.296108
1.015641
0.8668957
-0.02808949
-1.345235
-1.265142
-2.314609
2.78985
1.727973
0.9392075
0.6062608
-0.1403696
-1.323559
-2.266707
-2.840489
2.443101
1.507472
0.4123725
-0.4807344
-0.9298378
-1.764056
-2.772723
3.037427
1.648355
0.6914975
-1.102576
-1.970929
3.103978
-1.001209
-2.901241
2.572093
0.6185587
-0.4121692
-1.859713
1.928807
-0.6062009
-2.046657
2.604832
1.484065
0.5255363
-0.3698274
-0.01765244
-1.388219
-1.831926
-2.87038
2.264475
1.093545
0.7212819
0.0122569
-0.6897457
-1.608079
-2.500453
2.692437
2.029628
1.010138
0.01911799
-0.1435432
-1.129642
-2.19088
3.1281
1.942099
1.317204
-0.357326
-1.720577
-2.812992
-2.464236
-1.914631
2.789271
0.8713174
-0.4485744
0.3140605
-1.534573
-2.390365
1.696007
-2.527638
2.329394
1.327498
0.02342092
-0.3213586
-0.6162484
-1.56581
-2.62854
2.980497
2.16346
1.149361
0.3960721
-0.5313849
-1.323545
-2.08531
-2.698602
2.649066
1.760484
0.4874482
-0.3312651
-1.54209
3.007652
-1.815833
-3.044196
1.377565
1.078072
0.2576299
-1.30854
2.9303
0.7307653
-1.681944
2.90905
1.609114
0.4167478
-1.21245
-2.125847
-1.310319
-2.660383
-2.907599
2.338756
0.9578847
-0.2507671
-1.404624
-0.9789448
-1.544489
-2.546076
2.799003
1.60767
0.390275
-0.01885864
-0.9915965
-0.7889714
-1.831166
3.019304
2.003528
1.434444
-0.1084254
-1.30416
-2.654704
-1.44014
-2.894354
2.71071
1.352336
0.2360512
-1.036751
-1.039735
-2.251673
-1.145393
-2.489005
2.597485
0.9674174
0.2593904
-0.3562838
-1.14761
-2.099123
-2.576932
2.663175
1.893102
0.8554676
-0.2680524
-1.075508
-1.788563
-2.413301
2.598303
2.401525
1.136417
0.5858171
-0.5585697
-1.461958
-1.9584
-2.722269
2.833618
1.669981
1.02791
0.09497742
-0.9013214
-2.048063
-2.749913
3.022389
2.407912
1.068589
0.1388848
-0.6643341
-1.173162
-2.518267
2.949987
-3.014682
2.278533
0.9789123
0.02802055
-0.8866247
-2.241696
-1.339604
-2.165658
2.65753
1.257877
0.3656209
-0.8881316
-2.236913
-3.139753
-2.548097
2.864814
1.870829
0.5781621
-0.206567
-1.644514
-2.957949
2.86335
-2.400537
2.325686
1.105051
-0.02733857
-0.4957663
-1.602614
-2.239749
-2.681348
2.785127
1.921734
0.9210364
-0.3169362
-0.7233829
-1.345493
-2.329142
-3.132365
1.974659
2.044995
0.9415711
-0.5908047
-1.914742
-1.745451
3.080862
2.233755
0.725526
1.106285
-0.31702
-1.013184
-2.434699
-2.874069
2.365536
1.834955
0.4895846
0.1794517
-0.9113479
-1.793841
-2.411789
2.968361
2.208153
1.629589
0.596736
-0.2660577
-0.9229674
-1.468609
-2.47451
2.629394
2.291687
1.835974
0.6096838
-0.6340578
-1.038928
-2.313202
-2.980512
3.139524
2.298413
1.41408
0.2631252
-0.9966375
-2.422323
2.118443
2.122911
-3.10094
1.177398
0.6979548
-0.7143701
-1.954872
-3.064481
2.204519
1.203391
1.602158
0.8096082
-0.08342127
-1.15512
-2.099047
2.970623
1.717358
2.901366
1.826071
0.4601783
-0.7138018
-1.652037
-2.289155
-2.755237
3.091594
2.112797
1.049683
-0.3197047
-0.9182395
-0.4487033
-2.090692
-2.954746
2.642754
1.381681
0.1511399
0.9534322
-0.4012627
-2.204434
-2.9334
2.953941
1.418695
0.1971776
-0.5449066
-0.7596285
-1.721659
3.07961
2.038927
2.47164
1.271167
-0.2877803
-1.033317
-1.923987
-2.025549
-2.952967
2.497301
1.799997
1.219597
0.5222815
-0.6520206
-1.925995
-1.562808
-2.64715
1.8674
1.872747
1.084422
0.4173041
-0.8253208
-2.475033
2.410883
-2.316569
2.362117
1.644771
0.5169033
-0.3750688
-1.616946
-2.437829
-2.701592
2.469848
1.422446
0.7765652
0.1943471
-1.018315
-1.803479
-2.994566
1.958162
0.5502127
1.909145
0.2747854
-0.8769288
-1.491247
-2.178358
2.453764
0.4317977
-2.568938
1.635999
0.1012334
-1.065201
-1.470851
-2.275267
-2.909217
2.585976
1.140599
0.2149724
-0.3820932
-1.53653
-2.021832
-2.59911
2.623915
1.590784
0.6698982
-0.3982935
-0.6832388
-1.543406
-2.542174
-3.125156
2.509933
1.279722
0.2657302
-0.8204894
-1.135111
-1.513862
-2.813631
2.116464
1.846375
0.8482708
-0.1424929
-1.709876
-2.583818
-2.985562
2.586799
1.922311
0.997648
0.179855
-0.7562695
-0.7292307
-2.431411
3.067649
2.376979
1.751718
0.8168802
0.1654272
-0.8947349
-1.744874
-2.761594
2.757412
2.340613
1.337688
0.1644275
-0.5654799
-1.02333
-2.067394
3.097378
2.649502
1.866803
0.7586322
-0.3731727
-1.099459
-1.209437
-2.061647
2.775565
1.704121
0.5134799
-0.3073449
-0.9138906
-1.055236
-2.787143
2.384589
2.667418
1.396722
0.1411781
-0.6458829
-0.9916654
-2.113163
-2.891857
2.615201
2.003603
1.130569
0.07975004
-0.5290644
-1.414187
-2.410578
2.953288
2.58518
1.83519
0.9901053
-0.1692383
-1.174052
-2.030789
-2.397367
2.992386
2.029196
1.242054
0.8465025
-0.7480571
-2.159714
-3.119266
-2.945924
2.390108
1.418669
-0.0341395
-0.6384817
-1.497112
-2.436483
-3.058046
2.510914
1.299654
0.7234246
0.08903806
-1.137941
-1.441983
-2.377004
2.738095
1.980629
1.325142
0.686165
-0.2994175
-1.280379
-2.043944
-2.753285
2.491393
1.792932
1.118391
0.4235248
-0.5851405
-1.946772
-3.005067
-2.786963
2.621913
1.423262
0.7198266
-0.6101363
-1.338718
-2.270424
-3.008926
2.455487
1.995891
0.7930856
0.02588993
-0.9175938
-2.107034
3.05712
2.866343
2.00009
1.155835
0.4417516
-0.7894186
-1.749513
-1.976274
-2.879082
2.364445
1.240033
1.113567
0.3507399
-0.8025575
-1.773635
-2.329734
2.923143
1.494846
0.6794133
0.2992751
0.04417033
-1.156407
-2.21078
2.72942
2.044822
1.805054
1.39771
0.1462663
-0.7897827
-1.3883
-2.519258
2.846011
2.317945
1.585768
0.9001681
-0.37624
-1.713173
-1.985413
-2.848227
2.289747
1.483997
0.8511847
0.04795537
-1.395477
-2.198635
-2.663288
2.853657
0.8956912
0.3833347
0.483082
0.0945176
-0.8300954
-2.289752
2.53222
1.973776
1.632475
1.061479
0.1357186
-0.5625351
-1.563961
-2.672728
2.385288
2.243016
1.350108
0.985432
-0.06319486
-0.9594976
-1.882025
-2.759347
2.39879
2.292905
1.621529
0.6714547
-0.2812033
-1.361479
-2.204094
-2.913126
2.223078
0.6060562
2.547065
0.1649603
-1.238629
-2.527656
2.063994
2.860146
1.410043
0.2640983
-0.3905017
-0.8081168
-1.851788
-2.21366
2.756695
1.893612
1.511189
0.6202706
-0.4819422
-0.8621842
-1.907867
-2.940346
2.753024
1.916212
1.167642
0.4592846
-0.3074475
-1.306632
-2.210762
-2.933326
2.595724
1.822724
1.705652
0.6128861
-0.7815616
-1.939837
-2.568936
2.950047
2.428879
1.744865
0.7025284
0.04306549
-1.524457
-2.403667
2.975124
2.036688
1.211335
0.7770057
-0.3676136
-0.9505171
-1.651892
-2.757377
2.283881
1.458054
0.8281087
0.3459881
-0.4776132
-1.372045
-2.230424
-2.97553
2.071781
1.35219
0.758139
0.216884
-0.6270902
-1.317435
-2.486898
-3.113655
1.970367
1.044004
0.661384
-0.003137099
-1.04202
-1.876925
-2.843215
2.300324
1.389868
0.4624669
0.3324448
-0.7228839
-1.771121
-2.672904
2.40736
1.430239
1.659226
0.4139873
-0.7298592
-1.443361
-2.407099
2.788383
1.982207
1.342295
1.107988
-0.09951986
-1.358479
-2.197723
-3.13333
2.821447
2.088399
0.6703043
0.02408536
0.04178599
-1.370105
-2.419713
-2.826987
2.367862
1.397485
0.7214681
0.3320315
-0.5456973
-1.5864
-2.543409
2.641968
1.639828
1.160208
0.4386565
-0.6441524
-1.299604
-2.157045
3.09727
2.337794
1.192608
0.4875707
-0.1854504
-1.086867
-2.143265
-2.263584
2.850043
1.884786
0.6845087
-0.3395905
-1.147901
-1.515604
-2.500324
2.891128
2.185887
1.372335
0.1905733
-0.8617436
-1.777655
-2.234567
-2.674922
-3.117962
2.108315
0.7838132
0.1591882
-0.5627379
-1.247664
-1.945445
-2.843635
2.317423
1.654555
0.6801476
-0.0402525
-0.8125708
-1.652277
-2.503908
2.664646
1.360827
0.2447894
0.927978
0.03496575
-1.14119
-2.444698
2.357707
1.285522
0.3417377
0.6074694
-0.01663228
-0.7573546
-2.06896
-3.072956
2.157636
1.405639
0.4119044
0.2452633
-0.9031469
-1.533587
-2.464028
3.001482
2.044791
1.457459
0.6367089
-0.2288888
-1.117805
-1.540238
-2.396187
3.011255
2.2312
1.097633
0.6733497
-0.284242
-1.478318
-2.243642
-2.59867
2.951564
1.708243
0.4956777
-0.6003192
-1.016442
-2.299814
3.062408
2.443259
2.184873
1.061374
0.3215738
-0.9391572
-2.018478
-2.961474
2.747814
2.227285
1.731003
0.6434925
-0.4632078
-1.168769
-2.228894
-3.055037
3.024638
2.05672
1.084981
0.2682666
-0.5140703
-1.353838
-2.592987
-2.395067
2.694347
1.264486
0.01721749
0.3384784
-0.5131726
-1.137204
-2.377595
2.706002
1.788107
0.9129106
0.0301183
-0.5583902
-0.6899491
-1.932017
-3.023729
2.074622
1.169633
0.2140094
-0.3819004
-0.7306653
-1.790809
-2.696053
2.609809
1.452074
0.6819519
0.3197638
-0.8106398
-1.4907
-2.581215
-3.127869
2.282536
1.17116
0.427986
0.4079646
-0.875101
-1.898347
-3.071949
2.089569
2.737295
1.681625
0.5637262
-0.6689108
-1.566191
-2.264618
-3.122059
2.196722
1.80119
0.8064623
0.1149476
-0.9718065
-1.843146
-2.966413
2.873948
1.800427
1.324644
0.5009016
-0.3818375
-1.530963
-2.366012
3.059087
1.831177
1.243138
0.7143115
-0.09171424
-1.324785
-2.1908
2.695825
2.420389
1.735668
1.121836
-0.3367173
-1.33237
-1.829381
-1.841663
3.009421
2.330158
1.538868
0.3900847
-0.6400446
-1.023721
-1.599117
-2.577285
2.745939
1.888464
0.9651411
0.03604484
-0.7163764
-1.250033
-2.042677
3.11651
2.457019
1.371377
0.6418164
-0.2139971
-0.6606914
-1.9834
3.02818
3.135972
1.989879
0.7777752
-0.6391198
-1.488319
-1.19334
-2.318633
2.422276
1.439821
0.6581508
-0.01642435
-1.215685
-1.379115
-1.930149
-3.10522
2.327241
1.410518
0.5729285
-0.02931312
-0.2246605
-1.329766
-2.242754
3.042235
2.278412
1.206592
0.5174159
0.2461663
-0.7912475
-1.98301
-2.634625
2.676863
1.502998
1.31103
-0.2735436
2.645329
-0.7284958
-2.449615
2.336115
1.110656
1.605857
0.5781664
-0.3745199
-1.993249
-2.616487
3.091828
2.493241
1.528061
0.5236721
-0.4144443
-1.088546
-2.005438
-2.787718
3.040447
2.128062
1.181136
0.300927
-0.4343647
-1.10667
-1.893404
-2.584797
2.954953
1.742483
0.9356328
0.3226077
-0.1982021
-0.8767538
-2.260505
2.549684
2.568102
1.60576
0.8235514
-0.1390377
-1.033031
-2.302363
-2.292762
2.389359
1.543645
0.925356
0.2429297
-1.136842
-2.315042
-2.408685
-2.622515
2.223533
1.006255
0.2806505
-0.6232147
-1.944973
-1.797318
-2.248571
2.79941
1.780706
0.3916525
-0.6562924
-0.6560543
-0.9547517
-1.860148
-3.086749
2.116187
1.159284
0.7602569
-0.5197455
1.02407
-0.7998037
-2.440802
2.184011
1.69606
2.4322
0.8902311
-0.4019374
-1.294234
-2.138756
2.89039
2.74441
2.100749
0.94359
-0.2762112
-0.9258315
-1.841397
-2.537544
2.664048
2.197702
0.7119052
0.1774711
-0.9490302
-1.151111
-2.386645
-2.616064
2.266636
1.594789
0.0834038
-1.565863
0.4838423
-0.9075451
-2.530811
2.456823
1.664908
0.9345763
0.3750504
-0.7148122
-1.059527
-2.010559
-2.595363
2.289411
1.46884
0.8058387
0.2213246
-0.8457416
-1.564202
-2.321223
-3.077742
2.402206
1.550691
0.4901321
-0.4360176
-1.278775
-2.298647
-2.778306
-2.94059
1.924374
0.5390778
-0.5973924
-1.463075
-2.626711
-2.411876
2.678254
1.976732
1.663712
0.1024916
-1.515855
-1.871915
-1.742206
-2.537345
2.663355
1.305062
0.1652227
0.09134495
-0.7824165
-1.656574
-2.524268
2.747131
1.88393
1.142142
0.3343677
-0.0937474
-1.147863
-2.09737
-2.792683
2.66171
1.765267
0.7954739
0.4380651
-0.2343902
-1.443131
-2.576779
-3.011844
2.30838
1.26985
0.2179865
-1.103753
-2.226965
-1.75189
-2.601748
2.347354
0.9077801
0.1005913
-0.3476785
-1.445682
-2.452011
-2.312863
2.714615
1.920403
1.037138
0.3454753
-0.8761062
-1.541147
-2.220921
-2.86482
2.405317
1.432789
0.8320746
0.02766045
-1.018473
-1.880074
-2.851098
2.570618
2.480078
1.688782
0.3053927
-0.696547
-1.241139
-1.942069
-3.122855
1.304335
2.215839
1.428665
0.01036128
-1.48707
-1.856025
-3.13013
2.701934
1.702505
0.9005516
0.02446937
-0.6997808
-1.89478
-2.44993
-3.117645
2.159067
1.101583
0.5380489
-0.5521038
-1.223374
-1.855534
-2.803494
2.804495
2.055769
0.8678328
-0.2434347
-1.314217
-1.667432
-1.70006
-2.830981
2.119358
1.162045
0.4722506
-0.6047297
-1.578719
-1.67723
-2.399253
-2.976762
2.061281
0.744296
0.0362294
-0.7235386
-1.50102
-2.302735
-3.082191
2.090161
1.4016
0.8330611
-0.1876757
-1.289
-2.262594
3.063313
2.635387
1.793999
0.9936656
-0.1538889
-0.7434731
-1.842464
-2.407739
2.378055
1.278756
0.7928196
0.8066626
-0.5968712
-1.619799
-2.49619
-2.712728
2.308185
1.090631
0.5839701
0.3575836
-0.3591709
-1.214288
-2.529736
3.021645
2.610834
1.709399
0.4680734
-0.1595366
-0.9531046
-1.631767
-2.568301
-3.055182
2.100042
0.8078341
-0.275782
-0.7357538
-1.569994
-2.666979
-2.744262
2.294735
1.215011
0.4190527
-0.7918559
-2.203526
3.004141
3.117264
2.588636
1.118921
0.7377021
-0.01032575
-1.121359
-2.506034
2.903117
2.191447
2.8991
1.531005
0.4150699
-0.2348357
-1.332887
-2.583885
-1.962879
-2.992102
2.188501
1.352217
0.5033311
-0.1068001
-1.004263
-2.005689
-2.909449
2.700414
1.720395
0.897949
-0.2486376
-0.4185905
-1.045405
-2.836003
2.352617
0.4623308
-0.8981983
1.301555
-0.2319244
-2.032435
-2.837717
-3.093982
2.072778
0.9169675
-0.1277274
-0.2623916
-1.245811
-1.974792
-3.105163
2.57041
1.659915
1.00197
0.4299016
-0.5053697
-1.598872
-2.391235
-2.733202
-2.681138
2.274845
1.073765
-0.2484207
-0.8217018
-1.036975
-1.884462
-2.380465
2.929972
1.441488
0.6328167
-0.8459507
-2.487875
1.613743
-1.616353
2.656212
1.175724
0.3057404
-0.3908436
-1.020685
-2.255606
3.021545
2.498014
1.950499
1.13827
0.5085945
-0.8501907
-1.662961
-2.407007
2.866059
2.059347
2.021696
0.7288047
-0.2196738
-1.087206
-2.021605
-2.896399
-3.064645
2.564492
1.586983
0.6953443
-0.4679973
-1.011317
-1.183578
-1.97227
3.063162
1.686724
0.5607082
0.02395566
-0.1365448
-1.513464
-2.099678
3.046712
1.9441
0.8373494
0.03488591
-0.2911032
-1.333355
-2.247893
-3.090289
2.172223
1.198608
0.5014344
0.1413679
-0.8820128
-1.950912
-3.108259
1.906484
1.468577
1.858775
0.7628357
-0.7590056
-1.877267
-2.974663
2.395381
2.428445
2.878175
1.054579
0.3470002
-0.8603693
-2.388108
2.464774
-2.031863
2.653952
1.487783
0.5177562
-0.2187968
-1.225561
-2.030061
3.133751
2.899516
1.957069
0.9768432
0.07120372
-0.7294371
-1.904455
-2.76479
2.725226
1.934625
1.218113
0.4287529
-0.9646877
-1.708915
-2.705855
2.261909
1.996981
0.9756199
-0.3013242
-0.07947905
-1.271855
-2.716771
2.460233
3.061058
2.431802
1.198252
0.1906254
-0.4165221
-1.196543
-2.087435
-3.076612
3.022021
2.059806
0.9696285
-0.1956737
-0.5127323
-1.5591
-2.506873
3.126947
2.374994
1.340983
0.2606334
0.1065337
-0.8624524
-1.877091
-3.001749
2.311243
0.02141095
-3.057822
0.9532012
-0.7874972
-1.791836
3.018419
1.511204
1.066795
0.0613873
0.5465048
-0.497875
-1.271765
-2.6189
2.516589
1.985875
2.029159
0.8908663
0.05711922
-0.6307126
-1.686491
-2.507457
3.096079
2.279984
1.327785
0.700332
-0.1481849
-0.9691632
-2.007669
-2.928259
2.467412
1.855042
1.546795
0.6842489
-0.6349319
-2.112001
2.702696
-0.03316613
2.820395
2.947597
1.381139
-0.07138079
-1.174287
-2.821098
2.09352
2.665459
2.208388
0.9201257
-0.0179215
-1.205672
-2.125002
-2.538873
2.717959
1.75946
1.245803
0.3615747
-0.3570112
-1.12579
-1.865009
3.139911
2.661626
1.824938
0.9450554
0.2655221
-0.07112665
-1.338752
-2.226356
2.983854
1.765637
0.9663881
1.540887
0.6701362
-0.7775297
-1.895114
-2.954707
2.03036
2.146348
0.818345
0.5509945
-0.2548465
-0.9621959
-2.415041
3.047713
2.28303
1.429199
0.522029
-0.6544245
-0.9569171
-2.006499
-3.060337
2.279076
1.848583
0.7470365
-0.3184117
-1.179948
-1.807573
-2.333682
2.94207
1.592216
0.7903977
0.6281484
-0.1466981
-1.168705
-2.2737
2.780762
2.684096
1.907731
0.7978785
-0.1096741
-0.2859009
-1.196334
-2.61607
2.505014
2.157305
1.790364
1.079449
-0.005141382
-0.7824636
-2.006365
-3.118378
2.509387
2.082818
0.9693676
0.3483093
-0.7375832
-1.427116
-2.387824
2.809092
1.353278
1.13879
0.06668882
-0.7561507
-1.501851
-2.738067
-3.028946
2.511039
1.348549
-0.1380896
-0.9058146
-1.962765
-1.376047
-2.745129
3.104939
1.951185
1.091781
-0.2002812
-0.150894
-0.8578693
-1.946707
-2.653572
2.862024
1.914753
0.8896729
0.4034439
-0.5780756
-1.162189
-2.392667
-3.071569
2.34941
2.179063
0.8663348
-0.3055583
-1.764117
2.818305
-2.655232
2.838005
1.17389
0.06053503
0.1432836
-1.633029
-2.405621
3.119021
2.147588
1.081526
1.16339
-0.06152608
-0.908823
-1.521097
-2.048346
3.029764
2.183368
1.369705
0.5584294
-0.2759498
-0.9345616
-1.025848
-2.345123
2.845964
1.962131
1.333326
1.186774
0.2738052
-0.239029
-0.5132946
-2.090439
2.764699
1.181865
-1.876266
1.167719
0.8640774
-1.291232
-3.004664
2.038783
0.9549389
1.21815
-0.1520188
-1.295002
-2.418122
-2.520755
2.616548
1.90395
1.662057
0.8931012
-0.2360806
-1.406025
-2.476928
-2.569207
2.740917
2.476404
1.384662
0.5498027
-0.8315845
-1.885965
-1.053917
-2.24167
2.326805
-0.4529474
2.521855
1.443989
0.02782778
-1.230427
-2.525409
-0.8301939
-2.272291
2.489594
1.572981
1.082319
-0.130052
-1.624111
3.027756
1.788811
2.624864
1.548947
-0.1499221
-1.018323
-1.656679
-2.624657
2.505022
1.678883
1.141732
0.305627
-0.969067
-2.8075
-1.336446
-2.824525
2.731035
1.630639
0.381899
-0.9514516
0.1692435
-1.489496
-1.097563
-2.134351
2.873776
0.9445477
-0.689077
2.293637
0.4490831
-1.210558
-1.967878
-2.776104
2.573506
1.833633
0.8225875
-0.02340962
-0.8413055
-1.65518
-2.738937
2.532619
1.826143
1.010152
0.3374131
-0.8787036
-2.080186
-3.046527
2.031035
1.701277
2.319111
0.5801384
-1.040847
-2.477219
2.639366
2.685158
1.522377
-0.9705401
2.665126
0.3775322
-0.3247713
-2.104571
2.70304
-3.058845
3.108862
1.66925
0.5201522
-0.2222662
-0.7448778
-1.768993
3.137728
2.622934
2.065439
1.257924
0.2968727
-0.5739635
-1.403076
-2.197724
3.03218
2.358148
1.589416
0.510294
-0.6795562
-0.8792991
-1.365815
-2.818786
2.405432
1.064956
-0.3652983
0.1411246
-1.028384
-2.982616
0.5900273
-2.707608
2.136509
0.7705799
-0.8504983
-1.709594
-1.084385
-1.78611
-2.99709
2.114064
1.407886
1.076538
-0.08637643
-1.084819
-1.44539
-2.219221
2.942015
2.023629
1.534555
0.7320736
-0.3954809
-0.9053625
-1.76118
-2.917109
2.448837
1.755428
1.151523
0.6252028
-0.4166815
-1.284186
-2.590214
2.420053
2.219081
0.2129078
-2.531233
1.514503
-0.402732
-2.228685
2.605556
1.584996
-0.3938993
1.251323
-0.08409566
-1.021845
-1.756978
-2.788252
2.284944
1.874564
1.185353
0.1506572
-0.2985689
-1.372504
-2.478776
-2.953544
2.483795
1.85483
1.031195
-0.07489587
-1.28467
-1.183846
-1.934598
-2.935091
2.279028
1.22856
-0.7756189
0.0309758
-1.370184
-2.14132
-2.813415
2.918979
1.58241
0.2863007
-0.9416683
-2.369319
-1.400032
-2.095197
2.735123
1.519417
0.9122717
0.4219134
-0.7829126
-1.47473
-2.134912
-2.889605
2.182179
1.263684
0.4472099
-0.2773072
-1.386657
-1.855154
-2.58252
2.687538
1.609841
0.6018162
0.3001179
-0.9135436
-1.621404
-1.560108
-2.254925
2.713153
1.762381
0.3485645
-1.226523
-0.2242579
-1.038578
-2.098282
3.042782
1.702441
0.7754269
-0.1836749
-0.6915285
-0.9393572
-1.757453
-2.994567
2.413787
1.028618
0.5267759
0.4806823
-0.5292076
-1.870847
-2.294559
2.661595
1.381598
-0.3677128
0.8602591
-0.5151064
-1.778291
-3.109829
2.733651
2.003149
1.442923
0.1977105
-0.1400372
-1.255555
-2.473334
-2.803242
2.609439
2.424208
1.401679
0.5526795
-0.9202019
-1.496781
-1.624029
-2.31859
2.763862
2.039137
0.8882381
-0.05196556
-0.9010376
-1.021641
-1.830087
-2.322598
2.143174
1.183449
0.464459
-1.18174
1.877582
-0.6717679
-2.211848
2.660773
1.28769
0.5911676
-0.8679468
-1.489555
-3.067775
-2.767304
1.852957
2.215638
1.100436
0.006246682
-1.253734
-1.678959
-2.895674
-2.695238
2.536223
1.656572
0.802207
-0.02672592
-1.010137
-1.410917
-1.940233
-2.723504
2.542521
1.554994
0.910077
0.6639444
-0.9308307
-0.8863589
-1.689716
-3.086162
2.227737
2.527297
0.9043739
0.2319452
-0.8691708
-1.83568
-3.115617
2.179978
1.158481
-0.7502251
-0.4905335
-1.544815
-2.532637
3.029779
2.070589
1.170825
0.5670799
-0.274769
-1.197899
-1.806887
-2.581272
2.765357
1.856419
1.519332
0.7209038
-0.1986755
-1.622226
-2.088057
-2.28222
-2.626588
2.353918
1.433062
0.5292957
-0.03540874
-1.570418
0.6086348
-1.238564
-2.902799
2.014318
0.7624379
0.2299035
-0.8261564
-0.5218883
-2.312911
2.628654
2.268646
0.8457676
0.1127707
-1.2461
-2.008642
-3.085017
2.666592
1.39565
1.135359
0.4208183
-0.5939394
-1.723142
-2.639798
2.540425
3.081609
1.509968
1.020086
0.447379
-0.3634698
-1.725496
-2.226115
-2.68169
2.832078
1.951159
1.28696
0.1897341
-0.6447852
-1.162431
-2.277189
-2.804801
2.325135
1.189669
0.7281425
-0.2318874
-1.210482
-1.841728
-2.816506
2.285362
1.513372
0.3181673
-0.5192841
-1.513262
-2.058563
-2.837367
2.436727
1.217196
0.395276
-0.7132874
-1.097201
-2.111659
2.660094
2.132609
1.389482
1.063627
0.3546489
-0.6584394
-1.402115
-1.799341
2.929009
-1.8835
2.395648
1.927575
0.8049772
-0.5144892
-1.770094
-1.848418
-2.959385
2.682379
1.851913
1.008052
0.3159387
-0.9559073
-1.9158
-2.697803
2.759651
1.680721
1.90326
0.8358197
-0.1770095
-1.540326
-2.618896
2.125124
1.945613
0.4641369
0.6207204
-0.3264782
-1.278516
-2.596281
2.55526
1.091007
0.1216714
0.5862265
0.07523844
-1.519287
-1.38752
-2.14631
3.099
2.345716
1.589638
0.608797
0.1538819
-0.9582384
-1.681038
-2.452348
3.140364
2.13176
1.218861
0.3267438
-0.2647882
-1.312043
-1.950915
-2.317765
2.841052
1.412692
0.7387505
0.7216008
-0.4103224
-2.269142
-1.997772
2.285749
-2.450277
1.293903
0.0700154
-1.863116
-1.420756
-2.654773
2.163578
1.578567
1.259698
0.3801837
-0.2719364
-1.168923
-2.04927
-3.045236
2.456383
2.006647
0.9513127
0.343338
-0.3203744
-1.225834
-2.155287
-2.92083
2.355911
1.415193
0.9268399
0.9048053
-0.3514671
-1.406775
-2.449866
2.902378
2.172627
1.531545
1.403774
0.6509574
-0.4043665
-1.888849
3.002743
1.268241
0.1357283
1.730016
-0.02512339
-1.299427
-2.076833
2.565209
2.995007
1.638829
0.6564551
-0.3307797
-0.7341521
-1.697775
-2.335329
2.979022
2.45835
1.450734
0.5357546
-0.3134122
-1.154414
-1.892566
-2.407141
2.904284
2.335204
0.9277422
0.135793
-0.190654
-1.143433
-2.09996
-2.305473
2.589053
1.560248
1.174479
0.03184344
-0.5737144
-1.635599
-2.326834
2.817075
2.00641
0.7163237
0.353643
-0.6829067
-1.800015
-2.353474
2.706432
1.901508
1.264836
0.1656615
-0.5950565
-0.8884005
-2.197543
-2.647346
2.881316
1.799581
0.7028991
-0.1434973
-0.7009708
-0.913783
-2.320398
2.968708
2.191468
1.249885
0.2996851
-0.826752
-1.278661
-1.700292
-2.411769
2.672017
1.763362
0.7213463
0.4580484
-0.46242
-1.069997
-2.013544
-2.951019
2.569126
1.409477
0.5660183
-0.06570718
-1.07558
-2.256342
-2.571449
2.691388
1.621154
1.174479
0.003375337
-1.239843
-2.234862
-2.79239
2.123792
-0.4820926
2.163366
0.3178524
-0.9922621
-1.696053
-2.592677
-3.034889
2.392009
1.813813
0.9262884
-0.09602213
-1.026538
-2.13705
-2.631561
3.131235
2.448021
1.047207
0.5064237
-0.5792809
-1.18351
-1.929909
-2.302824
2.852589
2.268142
0.9967532
0.2864095
0.05879014
-0.7797403
-1.57847
-2.98273
-2.731826
1.882916
-0.2291859
-1.725163
1.507506
-1.597564
2.859658
1.949055
1.225034
0.3383362
-0.5522439
-1.07901
-2.022231
-2.981962
2.872547
1.788828
1.126844
0.397613
-0.511475
-1.37408
-2.336953
3.12021
2.736468
1.846768
0.9309066
-0.1540257
-0.3767858
-1.471489
-2.52184
-2.714972
-2.560104
1.973151
1.800897
0.6119787
0.4766928
-0.03087448
-1.784828
0.8213676
-1.993518
2.585971
0.8686281
-0.4869196
-1.480043
2.937953
2.676466
1.399561
2.113781
0.7357887
-0.4981219
-1.57545
-2.530651
2.843488
1.909558
2.055489
0.9000703
0.08234403
-1.089281
-1.959955
-3.065829
2.667137
2.605208
1.794305
0.5102926
-0.036775
-0.9104857
-1.576967
-1.761196
-2.063899
-2.842016
2.390703
0.6098368
0.5768379
-0.03387588
-0.4692464
-1.887074
-2.923296
1.909289
1.8304
0.4679726
-0.512358
-1.20951
-1.83361
2.861215
1.621326
0.6799166
0.5449596
-0.3592839
-1.451366
-2.187691
2.707645
1.795929
1.405576
0.3348913
-0.6633285
-0.8724581
-1.888424
3.070164
1.891703
0.0731556
2.1749
0.6690274
-0.6829578
-1.023593
-1.102578
-2.806782
-3.11054
2.603868
2.216619
0.8530763
-0.5155243
-1.231598
-2.265911
-2.733081
2.862775
2.046355
0.9191929
-0.09119131
-1.121519
-2.269287
3.056405
2.971269
2.096348
1.175363
0.1604101
-0.6346741
-1.997858
2.888084
1.694261
2.94158
1.513102
0.4423908
-0.8149307
-1.728275
-2.634534
2.802407
1.46956
0.4944213
1.233987
0.1280989
-1.171823
-2.08274
-2.845976
2.923969
2.495095
1.687659
0.7882472
-0.03642895
-1.186133
-1.6536
-2.447714
2.865525
2.018
0.9742363
0.3546904
-0.7689096
-1.236879
-2.025533
-3.055875
2.16628
1.137177
-0.2331509
-2.367371
0.03876481
-1.605896
-3.061172
1.633516
0.844424
0.6578039
-0.6597276
-1.501139
-1.509853
-2.727809
2.331869
1.462257
0.6264349
-0.2015191
-0.5686022
-1.285077
-2.445185
3.092104
2.067843
1.351801
0.992186
0.4481278
-0.6745351
-1.564014
-2.540348
2.905622
2.312624
1.73068
1.075682
0.1352056
-0.8379431
-2.01351
-3.07749
2.115148
2.667695
1.556495
0.7804582
-0.833775
-2.378833
-2.57946
2.44872
1.173613
-0.1902273
-0.9149899
-0.3499563
-1.547671
-2.778123
2.881015
1.854443
0.726009
0.2812311
-0.3101509
-1.214701
-1.658018
-2.914264
2.561922
1.695128
0.850931
0.4170943
-0.2455034
-1.43875
-2.251795
-3.009887
2.847872
2.282425
1.074125
-0.1969629
-1.047092
-0.6265517
-1.266605
-2.831519
2.475775
1.368963
0.6766009
-1.131243
-2.239698
-2.822729
-2.229389
2.668368
1.43977
0.01774651
-1.025498
-1.587129
-2.010248
-3.110282
2.592085
1.648004
0.6024809
-0.3528485
-1.044262
-1.693997
-2.122892
3.113064
1.981272
1.133022
0.325177
-0.1584837
-0.5074324
-1.295603
-2.427508
2.757907
1.744442
1.018739
1.423338
-0.06265018
-1.050627
-1.86716
-2.74481
2.262328
1.282629
0.8178793
-0.009390539
-0.7704883
-1.661557
-2.082158
2.955348
1.552847
1.005055
-0.2390788
-0.5890486
-2.004473
-1.704074
-2.871536
2.249611
1.139573
-0.01858973
-1.218446
-1.779219
-1.589611
-2.881029
2.303638
1.017862
1.288709
3.430682E-05
-0.5553589
-1.62896
-2.163916
3.037662
2.711317
1.777858
1.227456
0.1791049
-0.9069884
-1.938121
-2.783919
3.06837
2.412979
1.591999
0.251783
-0.290724
-1.502609
-2.447746
2.686807
-2.731375
2.088817
1.182374
0.3358248
-0.4035013
-1.995129
-1.536917
-2.343038
3.087582
1.800917
0.13429
-0.5958874
-2.18783
-2.157845
-2.716486
2.169726
0.9593823
0.111535
-0.1486716
-1.151694
-2.288071
-2.549333
2.606986
2.018312
1.044201
0.1858869
-0.428492
-1.086411
-2.062896
-2.915722
2.533122
1.69144
1.011245
-0.1077563
-0.7625408
-1.356914
-2.046735
-2.983009
2.591225
1.498547
1.508199
-0.101939
0.7344694
0.4227361
-1.376032
-2.920317
2.689515
0.3511964
1.866291
-0.2776511
-1.309377
-2.644397
2.683059
1.666116
0.6468492
0.07370295
-0.6553919
-1.579691
-2.499732
2.836992
2.088982
1.273184
0.6291035
-0.1064947
-0.7915124
-1.901297
-2.82041
2.634714
2.026014
1.322386
1.128773
-0.1652617
-1.190009
-1.830228
-2.653975
1.432436
-2.677134
2.513512
1.680313
-0.005675633
-1.325098
-1.471935
-0.9362635
2.735417
-2.443944
2.018617
-0.1446341
-1.363361
-2.234301
3.070525
2.068582
1.329927
0.6957883
-0.48517
-1.076775
-1.945236
-2.767772
2.322864
1.920159
0.7594718
0.1939354
-0.8675257
-1.716626
-2.12521
-3.100859
2.159968
1.620278
0.3351071
0.3072266
-0.5797087
-1.235376
-2.609168
-1.882739
2.766233
2.545393
0.9411004
0.7933455
-0.6380709
-0.6160653
-2.149891
-2.905463
2.109488
0.5602058
0.6229346
-0.3754359
-1.593312
-2.474666
2.839516
1.91444
0.9418592
0.01230385
-1.112536
-1.007325
-2.336875
-3.129011
1.6613
0.7722715
-0.5622258
0.638016
-1.196412
-2.024583
-2.795666
2.716916
1.530487
0.7173849
-0.1393153
2.309981
-0.539375
-1.92366
-2.936061
2.210752
1.832203
-0.1590843
1.432224
-0.0346822
-0.6848825
-1.924662
-2.935606
2.503374
1.449703
1.442213
1.052281
-0.4133984
-1.484501
-2.515146
2.416588
1.06092
0.69595
0.960503
-1.102122
-1.669289
-2.654835
2.985664
1.515033
0.2946455
-0.8295363
2.590501
-1.151527
-2.167689
2.833766
2.609438
1.728907
0.6331754
-0.07382344
-1.061501
-1.358096
-2.308341
-3.123084
2.045691
1.404093
0.910592
0.1482548
-0.9463686
-1.419977
-2.200402
-2.864011
2.507679
1.649257
0.6840154
0.6183422
-0.4306599
-1.268969
-2.239634
2.686466
0.6645272
3.01259
1.002219
-0.5302386
-1.562234
-2.985934
1.792449
0.9919502
0.1797538
-0.8278457
-2.001007
-1.387321
-2.482427
2.820561
1.815905
0.9850141
0.2429081
-0.6597507
-0.8533255
-1.831543
-2.70574
2.789507
1.976094
0.7570446
-0.1568585
-0.1891677
-0.5467552
-1.586598
-2.701116
2.521587
1.619828
2.000542
0.6855505
0.3274073
-0.4870041
-1.238343
-2.674893
2.175172
0.9026176
-1.31832
1.165759
-0.7227094
-1.935151
3.04109
2.221274
1.446286
-0.08887514
-0.9477656
-2.355299
-1.841182
-2.94183
2.605642
1.571958
0.4882152
-0.462198
-0.7200233
-1.524172
-2.160642
2.965148
2.125176
1.587589
0.683616
-0.1794414
-0.7901483
-1.529635
-2.311113
-2.863591
2.12307
1.028629
1.544314
0.1520175
-1.261356
-1.387361
-2.543172
2.919051
1.701646
0.4480373
-0.7491733
-0.7697029
-1.529904
-2.543756
2.816293
1.32828
0.4464423
-0.1755457
-1.203824
-1.714231
-2.57985
2.77942
1.928684
1.256744
-0.00465691
-0.8791885
-1.863742
-1.958175
-2.858819
2.907455
1.643553
0.726846
-0.3835499
-0.5723365
-2.229743
-2.031063
-2.922212
-3.082209
1.778199
0.4430631
-0.7661429
-1.21031
-1.552603
-2.109696
3.103238
2.009557
1.272695
-0.05895883
-1.212926
-2.069964
-2.799868
-2.760416
2.965698
1.545767
0.01633939
-0.9517193
-2.496461
1.187174
-2.056892
2.646639
1.297498
0.8776329
-0.6199235
-1.626025
-2.677069
-2.939679
2.765332
2.096012
1.067615
-0.08849784
-1.156667
-1.235043
-1.97639
3.078496
2.172018
1.928578
1.06285
-0.1575888
-0.7863671
-1.878352
-2.157867
-2.793546
2.560031
1.313668
0.6348505
-0.1630722
-1.134001
-1.251981
