-1.688038
-1.931662
-1.217292
-2.584908
-0.276659
-4.022987
2.144033
-8.909166
17.91984
62.84857
-16.63017
7.560394
-8.812275
4.249088
-6.96868
3.076984
-6.161165
2.487232
-5.713398
2.139048
-5.43623
1.91238
-5.24827
1.75638
-5.117462
1.64415
-5.020348
1.561604
-4.949808
1.499205
-4.894548
1.452454
-4.855103
1.417095
-4.823875
1.39193
-4.80443
1.376381
-4.79335
1.373409
-4.800491
1.39209
-4.837597
1.462952
-4.967827
1.705486
-5.455824
2.826496
-8.696217
19.12037
169.4421
94.27738
-19.84396
8.805893
-9.869656
5.498612
-8.576769
5.213877
-9.128396
6.993793
-14.24198
53.64211
8.17756
-4.262491
-1.175257
-1.34552
-2.55127
-0.6109009
-2.923828
-0.5157471
-2.712189
-1.267365
-0.1728182
87.23434
-8.063653
2.890398
-5.741501
2.052439
-5.326637
1.820557
-5.189941
1.73777
-5.142458
1.716696
-5.141062
1.728827
-5.165043
1.765701
-5.213861
1.82462
-5.284601
1.911158
-5.388199
2.033432
-5.535135
2.214706
-5.761355
2.501259
-6.137882
3.021194
-6.900429
4.249252
-9.241644
10.81383
102.0334
-6.863205
-0.457058
-1.591877
-2.530487
-0.4644165
-3.243706
0.03120422
-3.609673
0.3113747
-3.831892
0.4940796
-3.985281
0.6232548
-4.095919
0.7212105
-4.183266
0.7981796
-4.25178
0.8617067
-4.31078
0.9147625
-4.359192
0.9612732
-4.403816
1.001976
-4.441443
1.039137
-4.477789
1.072554
-4.50908
1.104323
-4.540627
1.133739
-4.568458
1.162306
-4.597256
1.189247
-4.623011
1.21623
-4.6508
1.242197
-4.675813
1.268524
-4.703165
1.294614
-4.728477
1.321471
-4.756314
1.348334
-4.782698
1.376608
-4.812281
1.405313
-4.840833
1.436035
-4.873457
1.468049
-4.905477
1.50261
-4.942142
1.539194
-4.979276
1.579506
-5.022271
1.623211
-5.067306
1.672201
-5.119946
1.7265
-5.176764
1.788838
-5.244761
1.860115
-5.320781
1.944084
-5.41346
2.044124
-5.522669
2.166686
-5.660468
2.320341
-5.833954
2.521024
-6.067567
2.793852
-6.392128
3.190232
-6.886109
3.820041
-7.720058
4.983511
-9.458115
7.872166
-15.30467
27.59861
53.14088
-12.68486
3.298626
-4.352257
-0.3390007
-2.290386
-1.671198
-1.355858
-2.363796
-0.8242493
-2.783989
-0.4825411
-3.067018
-0.2473664
-3.264325
-0.07883072
-3.408524
0.04261398
-3.509415
0.1270294
-3.577545
0.1762772
-3.607058
0.1860561
-3.592985
0.1386399
-3.501853
-0.01097107
-3.26404
-0.3924446
-2.63623
-1.485138
-0.5132179
-6.560152
20.54194
63.62377
-33.36078
59.30956
25.68614
-7.851189
0.1479912
-1.871004
-2.420914
-0.482666
-3.2761
0.09054947
-3.686226
0.4019032
-3.933006
0.603302
-4.103333
0.7540703
-4.240644
0.8804474
-4.360449
0.9998589
-4.481978
1.123681
-4.611998
1.266171
-4.771184
1.445572
-4.97928
1.697008
-5.291445
2.095962
-5.826248
2.861763
-7.021317
5.008301
-12.19466
51.37395
8.308517
-4.955841
-0.4083633
-2.092789
-1.863474
-1.210664
-2.453053
-0.7895422
-2.766894
-0.5500383
-2.953053
-0.4016848
-3.072182
-0.3077917
-3.14559
-0.2495708
-3.190835
-0.2181435
-3.209818
-0.2082424
-3.210636
-0.2181091
-3.190353
-0.2467842
-3.152603
-0.2962303
-3.09095
-0.3692284
-3.004961
-0.4723129
-2.882539
-0.61483
-2.715534
-0.8149776
-2.474959
-1.104465
-2.12092
-1.549192
-1.548962
-2.306431
-0.4975338
-3.870423
2.085169
-9.025745
18.83252
59.56332
-16.71441
7.621161
-8.807236
4.172344
-6.816132
2.842476
-5.836945
2.06192
-5.172047
1.462784
-4.60104
0.8857117
-3.984287
0.1936741
-3.168081
-0.8226833
-1.832911
-2.682106
0.952179
-7.285065
9.781487
-29.81848
186.8997
314.9397
129.4789
1.687288
-8.436766
244.9118
94.25496
-19.57422
5.190849
-4.597555
-0.8100128
-1.462669
-2.683868
-0.2482376
-3.51757
0.350605
-3.961308
0.685154
-4.218842
0.8894825
-4.382933
1.019781
-4.487766
1.107693
-4.561349
1.166812
-4.609438
1.208816
-4.64617
1.237619
-4.669144
1.258331
-4.687073
1.27166
-4.697372
1.281674
-4.706477
1.287518
-4.709652
1.290997
-4.713155
1.291754
-4.711884
1.291476
-4.712185
1.289381
-4.708059
1.286416
-4.70611
1.282202
-4.700019
1.27768
-4.696403
1.272022
-4.689068
1.266237
-4.684195
1.259153
-4.675596
1.252256
-4.670035
1.244418
-4.660586
1.236403
-4.65379
1.227703
-4.643591
1.218819
-4.635582
1.209175
-4.624535
1.199524
-4.61589
1.188969
-4.603726
1.178432
-4.594503
1.167197
-4.581553
1.15563
-4.571289
1.143323
-4.557203
1.13087
-4.545828
1.117689
-4.530907
1.104267
-4.518566
1.089748
-4.502386
1.07527
-4.489309
1.059863
-4.47203
1.043921
-4.457429
1.02713
-4.438898
1.009828
-4.422472
0.9917336
-4.402544
0.9730639
-4.384943
0.9533072
-4.363174
0.9329834
-4.344028
0.9115219
-4.320251
0.88941
-4.299404
0.8655319
-4.273705
0.8413048
-4.250296
0.8159847
-4.222679
0.7894363
-4.196971
0.7611179
-4.166528
0.7319503
-4.138443
0.7012634
-4.105137
0.6687946
-4.073896
0.6349049
-4.037308
0.5988274
-4.00182
0.5609989
-3.961401
0.5212021
-3.922028
0.4788799
-3.876835
0.4344015
-3.832794
0.3871441
-3.782385
0.3368549
-3.732298
0.2833691
-3.675164
0.2264624
-3.618036
0.1657372
-3.553562
0.1007614
-3.487873
0.03055191
-3.413562
-0.04431725
-3.337669
-0.1254272
-3.251471
-0.2134032
-3.161648
-0.3090363
-3.060062
-0.4134674
-2.952298
-0.5278845
-2.830401
-0.6542625
-2.699233
-0.7944212
-2.549395
-0.9508991
-2.385563
-1.127012
-2.196169
-1.327316
-1.983702
-1.557153
-1.73445
-1.824203
-1.446481
-2.139433
-1.10003
-2.518074
-0.683197
-2.98405
-0.1597257
-3.572752
0.5093313
-4.346272
1.41401
-5.416265
2.703612
-7.011286
4.733234
-9.689622
8.460213
-15.29713
18.02975
-36.25734
127.4675
68.50436
-26.35997
9.297661
1.713254
134.7653
-25.51018
14.23501
-14.31129
8.892168
-10.92661
6.460072
-9.042734
4.91849
-7.72607
3.756707
-6.667423
2.755569
-5.687527
1.766296
-4.649219
0.6195812
-3.313921
-1.030544
-1.106874
-4.310257
4.53418
-16.69269
54.49983
299.8619
-57.86398
120.3431
37.00028
94.39435
63.65027
100.3333
-20.94552
8.650595
-8.891708
3.802526
-6.127152
1.860495
-4.550423
0.4403076
-3.162781
-1.01129
-1.556759
-2.873001
0.7112427
-5.801109
4.760544
-11.94977
15.63715
-38.07068
245.5536
237.5387
18.97495
-15.66409
50.827
106.3584
-40.89488
26.53593
-27.56496
96.38832
-10.78857
9.391836
-12.88024
9.209431
-12.32606
8.610754
-11.767
8.116587
-11.34103
7.753219
-11.03559
7.504503
-10.83805
7.347573
-10.71129
7.234184
-10.5665
6.943134
-9.787781
4.100737
86.86709
18.19759
-19.72715
17.4725
-24.03271
27.12895
-46.72134
125.8729
129.7268
-45.41722
26.51873
-25.80516
26.44388
54.77353
62.43955
32.1133
-15.31167
6.942595
-8.244942
3.703743
-6.457039
2.603706
-5.728077
2.095484
-5.357728
1.812263
-5.1319
1.628896
-4.979569
1.49528
-4.858796
1.387623
-4.761596
1.294421
-4.670539
1.208333
-4.589705
1.127458
-4.507314
1.047563
-4.430165
0.9693298
-4.349869
0.8908858
-4.273559
0.8124404
-4.192478
0.7329683
-4.11557
0.6539574
-4.033429
0.5732832
-3.954987
0.4926443
-3.871567
0.4110575
-3.792293
0.3302102
-3.708663
0.2486191
-3.630089
0.1681252
-3.54748
0.08837271
-3.471782
0.01185417
-3.39351
-0.06274366
-3.324612
-0.1311164
-3.256249
-0.1941323
-3.200544
-0.2454534
-3.153148
-0.2822876
-3.129532
-0.2955627
-3.128849
-0.2741184
-3.178934
-0.1938095
-3.298094
-0.01481152
-3.560558
0.3588047
-4.10186
1.177715
-5.405807
3.443161
-9.960419
134.6829
15.75661
-6.703964
-3.435738
32.01995
98.95223
-11.02556
16.75753
54.6746
-7.299667
-0.1397209
-1.928406
-2.114594
-0.9858706
-2.600296
-0.7566156
-2.644355
-0.8805256
-2.338669
-1.424978
-1.426523
-2.962178
1.22775
67.61681
66.83358
27.53669
-16.60027
9.488373
-11.2937
7.012998
-9.935961
6.217944
-9.462674
5.946607
-9.33184
5.917691
-9.374448
6.012807
-9.515131
6.191715
-9.719633
6.413055
-9.958336
6.6644
-10.21015
6.905633
-10.43087
7.088028
-10.53359
7.038714
-10.18007
5.931419
-6.15248
88.82965
-19.13979
13.27934
-16.05772
12.47712
-15.94699
12.68658
-16.33469
13.18915
-16.92583
13.85459
-17.65043
14.62984
-18.47943
15.51434
-19.4141
16.49855
-20.45914
17.61502
-21.6522
18.901
-23.07673
20.55205
-25.18297
24.18295
74.59985
18.91561
-24.68463
22.59651
-27.123
24.74058
-29.18564
26.79984
-31.28993
28.97981
-33.55681
31.34418
-36.03967
33.96405
-38.80394
36.88315
-41.90117
40.18417
-45.42014
43.93919
-49.44711
48.27537
-54.12246
53.32653
-59.60968
59.31879
-66.17286
66.53313
-74.1572
75.43358
-84.13596
86.69642
-96.96902
101.4805
-114.1901
121.8036
-138.5875
151.6947
-176.1043
200.2541
-241.611
293.7653
-386.5539
550.8271
-983.7677
4424.917
1787.516
-770.2043
586.2805
-165.9938
224.6762
-135.2241
139.1941
-30.28202
111.6176
-11.59568
109.2742
-8.694748
63.58941
-61.90611
52.06936
-49.19854
39.80548
-37.53981
28.68327
-26.85999
18.34018
-16.74065
8.341705
-6.784794
-1.635033
3.272278
-11.8016
13.49332
-21.843
22.62217
-26.98738
108.4117
22.4939
138.6246
-109.8552
112.0786
-128.07
139.7401
-104.5256
226.2271
-269.2321
332.2791
-443.8096
662.0938
-935.1794
5276.542
3458.304
2413.37
5218.409
-556.6074
467.9882
-396.1331
338.6506
-302.1911
268.2672
-247.578
224.5489
-211.6002
194.1661
-185.2111
170.339
-162.1766
144.2073
-109.8615
224.8583
-170.1474
153.1932
-148.7381
139.488
-138.1484
130.6562
-130.5001
123.8876
-124.4211
118.3707
-119.3852
113.7496
-115.121
109.7999
-111.4581
106.3991
-108.2883
103.4345
-105.5142
100.8401
-103.0814
98.55312
-100.9326
96.53666
-99.03654
94.74892
-97.35339
93.16793
-95.86591
91.76434
-94.54388
90.52448
-93.37836
89.42509
-92.34604
88.46078
-91.44387
87.61287
-90.6504
86.87787
-89.9691
86.24172
-89.37886
85.70161
-88.88516
85.24658
-88.47124
84.87979
-88.14664
84.5898
-87.89256
84.37761
-87.71947
84.23671
-87.61143
84.16878
-87.58164
84.16948
-87.61372
84.24144
-87.72481
84.38206
-87.89844
84.59782
-88.15367
84.88702
-88.48138
85.26231
-88.90556
85.731
-89.4254
86.31844
-90.08919
87.06361
-90.93816
88.05879
-92.13525
89.54939
-94.12131
92.50893
-99.49516
108.6436
-36.53866
76.36459
-85.3935
84.40288
-89.31442
86.99666
-91.3183
88.68687
-92.82983
90.10261
-94.19157
91.42625
-95.49583
92.73481
-96.81622
94.06273
-98.15855
95.43438
-99.56118
96.85899
-101.0115
98.34901
-102.5418
99.90788
-104.129
101.5359
-105.7972
103.2283
-107.5108
104.9702
-109.2681
106.7122
-110.964
108.3185
-112.3738
109.2867
-112.296
105.9225
-78.25953
137.4224
-131.3577
126.7354
-130.5896
128.2801
-133.2332
131.7313
-137.5082
137.1348
-145.0927
151.9059
-73.95323
203.2703
-125.4346
132.6593
-141.2015
141.6028
-148.367
148.1213
-154.6544
154.3537
-160.9441
160.7954
-167.5903
167.6678
-174.7236
175.118
-182.5267
183.285
-191.0897
192.3082
-200.6173
202.3596
-211.2358
213.6299
-223.2247
226.3757
-236.8024
240.9062
-252.3896
257.6377
-270.3944
277.1059
-291.5144
300.053
-316.5369
327.4994
-346.7767
360.9302
-383.9229
402.5155
-430.7982
455.6931
-491.6412
526.0783
-573.997
623.657
-691.4521
767.8704
-872.7151
1002.334
-1187.583
1446.497
-1847.526
2869.768
-4594.045
15944.09
11827.24
-4560.995
5831.425
-1868.694
1943.251
1879.032
445.3787
-531.6986
507.5452
-472.1875
427.9704
-392.584
353.0382
-322.7959
287.5901
-260.403
226.5839
-198.5821
160.8954
-124.1546
68.59528
6.627151
-162.3856
680.9839
2968.365
-736.3707
479.7293
-379.095
314.7661
-274.7129
235.0805
-203.2172
158.1187
-97.46166
-53.93279
3010.444
3005.322
1352.382
31.44529
-140.4408
160.3159
-168.7048
164.3505
-164.6162
157.0427
-155.7786
147.1277
-144.2359
130.5416
-88.8699
319.2686
-123.5966
126.5868
-116.8166
258.1388
-71.74939
108.6322
-114.948
110.9157
-112.8634
107.6789
-109.2427
103.9432
-105.5281
100.3097
-101.9841
96.86716
-98.66823
93.6844
-95.60909
90.75212
-92.82362
88.1281
-90.36319
85.86187
-88.35906
84.22237
-87.2773
84.19096
-89.91438
100.1464
-40.89034
63.59338
-70.39528
67.77771
-71.21031
67.46192
-70.40215
66.41406
-69.22607
65.17529
-67.97627
63.94834
-66.78951
62.8251
-65.77484
61.97374
-65.16491
61.77567
-65.77544
64.28616
-74.67873
138.272
33.7541
139.3518
-74.50587
65.91505
-72.54828
97.40784
-2.23652
31.73945
-39.57887
34.31007
27.23267
54.66526
-52.35606
47.04269
-49.36016
45.09382
-47.77621
43.64956
-46.36118
42.1983
-44.82551
40.51961
-42.91394
38.23248
-40.00916
34.19781
-33.536
20.56009
65.7058
149.7264
-67.51028
54.45676
-53.80435
47.9932
-49.66303
44.43538
-43.63598
109.2341
-64.28137
81.84756
-6.243553
28.64896
-36.48845
34.61719
-38.68757
35.52666
-39.01183
35.54226
-38.8532
35.28056
-38.52274
34.90418
-38.11821
34.48363
-37.68613
34.04078
-37.23978
33.59561
-36.79307
33.14701
-36.3473
32.70543
-35.90763
32.26642
-35.47127
31.83507
-35.04072
31.40504
-34.61153
30.97765
-34.18547
30.54831
-33.75487
30.11765
-33.32025
29.67742
-32.8744
29.2266
-32.41842
28.76353
-31.94984
28.29659
-31.49286
27.87038
-31.13223
27.66479
-31.29417
28.77433
-35.73356
77.29846
-8.100571
11.57376
-15.27276
10.19477
-10.47746
2.072335
2.476172
-19.59017
43.76839
-127.063
2036.399
244.9498
-144.2489
109.1357
-97.90707
86.57137
-85.53839
79.76129
-82.32591
79.2255
-84.04513
83.10806
-90.26151
92.08734
-102.7649
109.4499
-127.3598
145.7054
-184.4758
246.4262
-404.7791
1138.125
1512.525
-540.1096
485.7037
1867.929
-86.72686
14.52665
-2.298976
-5.121119
2.001184
-4.371142
-0.6334629
-1.018524
-4.243683
2.687134
-8.014114
6.552727
-12.04882
10.88569
-16.86977
16.45968
-23.60581
25.04942
-35.25943
42.08464
-62.77228
93.51563
-186.5099
654.8405
2289.214
1347.952
-144.8102
45.33371
-22.67291
9.243826
-8.123485
2.466778
-4.733971
0.7231007
-3.859941
0.3364773
-3.753051
0.3848543
-3.892346
0.5787058
-4.113946
0.806232
-4.340261
1.029899
-4.55482
1.229172
-4.740066
1.403166
-4.900413
1.548513
-5.032339
1.669524
-5.14252
1.765759
-5.228762
1.845898
-5.301021
1.908633
-5.357275
1.962256
-5.407609
2.008641
-5.453502
2.058113
-5.506527
2.116581
-5.574566
2.199276
-5.676202
2.324497
-5.835459
2.531009
-6.105034
2.885228
-6.581609
3.543857
-7.51872
4.940401
-9.755122
8.977156
-19.02181
58.09332
32.23231
-14.16657
5.707648
-6.930884
2.306955
-4.989742
1.083223
-4.172194
0.5135769
-3.759437
0.2027388
-3.511733
-0.0149107
-3.292756
-0.2675321
-2.96461
-0.7324812
-2.263141
-1.846494
-0.3808268
-5.368073
7.960679
45.98867
43.4177
102.8466
-58.81141
113.5749
32.59747
-6.566707
-3.26049
2.535126
-7.476486
5.09135
-9.318728
6.589848
-10.64875
7.841118
-11.87154
9.069237
-13.12987
10.37549
-14.49748
11.81786
-16.02883
13.45283
-17.78107
15.33877
-19.82012
17.5549
-22.23904
20.20696
-25.16332
23.45376
-28.79073
27.53316
-33.41999
32.84008
-39.57059
40.05996
-48.17861
50.52092
-61.1855
67.1609
-83.28443
98.04678
-129.7096
176.2887
-292.8499
793.8787
1082.798
-323.3272
186.5122
-134.3221
100.2885
-84.26322
67.33314
-60.78526
49.65885
-46.91263
38.40919
-37.54486
30.43145
-30.61407
24.29958
-25.10506
19.278
-20.45791
14.91914
-16.3168
10.93605
-12.43543
7.104897
-8.607899
3.234446
-4.643333
-0.8768406
-0.3219814
-5.478155
4.640492
-10.91152
10.68031
-17.73224
18.52008
-26.92366
29.54758
-40.51173
46.841
-63.45041
79.00274
-112.2386
162.8476
-295.1568
1011.264
814.0241
-308.1143
192.3825
-146.402
115.1284
-100.6384
84.70113
-78.87778
68.32921
-66.08031
58.031
-57.60551
50.92642
-51.55153
45.69719
-46.9896
41.68063
-43.41573
38.47796
-40.5309
35.86474
-38.1481
33.67929
-36.13885
31.82679
-34.42079
30.22695
-32.93005
28.83519
-31.62445
27.60591
-30.46823
26.51743
-29.43701
25.53931
-28.51086
24.66144
-27.67556
23.86377
-26.91578
23.14091
-26.22466
22.47852
-25.59201
21.87511
-25.01385
21.32027
-24.48376
20.81535
-23.99987
20.35194
-23.55926
19.93476
-23.16398
19.5603
-22.8138
19.23763
-22.51872
18.97304
-22.29225
18.79365
-22.17067
18.74847
-22.23711
18.98691
-22.76207
20.07086
-25.22794
28.37908
23.68144
8.364755
-15.1248
12.87918
-16.85411
13.722
-17.29927
13.95528
-17.40524
13.97899
-17.37451
13.91081
-17.27745
13.79143
-17.14216
13.64408
-16.98387
13.47485
-16.80637
13.29063
-16.61194
13.08479
-16.39406
12.85153
-16.13853
12.56239
-15.79901
12.13759
-15.20697
11.15038
-12.76549
85.43583
-19.10963
14.09892
-16.92931
13.17467
-16.36765
12.76988
-16.04714
12.50086
-15.81074
12.28667
-15.61343
12.10311
-15.43931
11.93593
-15.27908
11.78218
-15.13031
11.63644
-14.98837
11.49888
-14.85341
11.36575
-14.72301
11.23861
-14.59782
11.11463
-14.4762
10.99587
-14.35839
10.87898
-14.2435
10.76604
-14.13241
10.65538
-14.02299
10.54826
-13.91699
10.44269
-13.81271
10.34023
-13.71125
10.23939
-13.61157
10.14157
-13.5145
10.04475
-13.41878
9.950584
-13.3258
9.857908
-13.23369
9.76737
-13.1442
9.677948
-13.0556
9.590876
-12.96936
9.504869
-12.88421
9.42113
-12.80078
9.338024
-12.71866
9.256793
-12.63857
9.176753
-12.55903
9.098639
-12.48156
9.021122
-12.40468
8.945399
-12.32953
8.870782
-12.25535
8.797699
-12.18282
8.725211
-12.11086
8.654327
-12.04097
8.584372
-11.97133
8.515834
-11.90345
8.448098
-11.83615
8.381716
-11.77039
8.316265
-11.70538
8.252169
-11.64164
8.188581
-11.57872
8.126232
-11.51738
8.064967
-11.45634
8.004899
-11.39696
7.945556
-11.33798
7.887506
-11.28036
7.830466
-11.22365
7.774563
-11.16828
7.719269
-11.11343
7.665201
-11.06034
7.612042
-11.00763
7.560674
-10.95646
7.509896
-10.90608
7.460183
-10.85729
7.411823
-10.80937
7.364655
-10.76275
7.318556
-10.71732
7.273602
-10.6736
7.230326
-10.63071
7.188521
-10.58992
7.148139
-10.55011
7.109364
-10.51217
7.072666
-10.47607
7.037682
-10.44214
7.004472
-10.40999
6.973478
-10.38065
6.94524
-10.35333
6.919503
-10.32917
6.896911
-10.30801
6.877463
-10.29068
6.862124
-10.27731
6.851074
-10.26856
6.844981
-10.26514
6.844066
-10.26818
6.850719
-10.27821
6.864995
-10.29743
6.889322
-10.32685
6.924908
-10.36954
6.975545
-10.42847
7.043825
-10.50786
7.135715
-10.61361
7.257517
-10.75494
7.421201
-10.94444
7.641836
-11.20295
7.94664
-11.56445
8.380011
-12.09102
9.029283
-12.90629
10.07887
-14.30305
12.02366
-17.19558
16.81238
-26.94894
54.31834
30.7788
6.272954
67.87967
-12.88802
2.971194
-3.595149
-1.434046
-0.9329677
-3.234011
0.3678048
-4.217399
1.135153
-4.830079
1.633396
-5.242048
1.977816
-5.531979
2.22377
-5.742229
2.404531
-5.897747
2.538493
-6.013401
2.638824
-6.09992
2.712843
-6.163475
2.767353
-6.209379
2.804927
-6.241024
2.831016
-6.261025
2.845706
-6.271498
2.852051
-6.27376
2.850445
-6.268896
2.843463
-6.258492
2.829867
-6.242856
2.812302
-6.22252
2.789031
-6.198255
2.763636
-6.170321
2.733785
-6.139268
2.701462
-6.104543
2.665085
-6.067785
2.627385
-6.028337
2.586009
-5.986106
2.543355
-5.941792
2.496794
-5.89499
2.449692
-5.846239
2.399381
-5.795338
2.347795
-5.742491
2.293401
-5.687232
2.238441
-5.630578
2.179868
-5.571564
2.120617
-5.510742
2.057823
-5.447881
1.994711
-5.383233
1.928128
-5.315919
1.860735
-5.247067
1.789896
-5.17543
1.718372
-5.102286
1.643143
-5.026066
1.566643
-4.947901
1.485618
-4.866616
1.404269
-4.78317
1.318233
-4.695866
1.230528
-4.606765
1.138802
-4.51351
1.045004
-4.417225
0.9457656
-4.316551
0.8442488
-4.212056
0.7360432
-4.102454
0.6252158
-3.988314
0.5069327
-3.867633
0.3844516
-3.741055
0.2528789
-3.606146
0.1152339
-3.463307
-0.03434944
-3.308623
-0.1935349
-3.141829
-0.3700695
-2.957748
-0.5623922
-2.753361
-0.781311
-2.519607
-1.032568
-2.245597
-1.335321
-1.908492
-1.714387
-1.469644
-2.234842
-0.8368735
-3.035673
0.2364388
-4.59024
2.771301
-9.746036
22.10551
31.6421
-12.1999
4.663734
-6.320892
1.893459
-4.647995
0.7410507
-3.781563
0.04711604
-3.202272
-0.4517937
-2.758132
-0.8580972
-2.383399
-1.207374
-2.051153
-1.52766
-1.742505
-1.826058
-1.450836
-2.113777
-1.168012
-2.389191
-0.8953146
-2.660565
-0.6291794
-2.919998
-0.374319
-3.1704
-0.1337821
-3.397092
0.07896411
-3.593052
0.2485249
-3.725056
0.335392
-3.752184
0.2732935
-3.560974
-0.1017997
-2.907141
-1.215172
-0.9757042
-4.822846
7.453774
75.23424
56.42967
46.99428
-27.69945
18.7551
-19.88602
15.37567
-18.30187
14.73095
-18.23015
15.0611
-18.86941
15.9492
-19.97466
17.2631
-21.4963
18.98935
-23.4341
21.16184
-25.868
23.88008
-28.90374
27.28957
-32.75172
31.64528
-37.70794
37.33753
-44.31395
45.07271
-53.47996
56.12602
-67.0786
73.25278
-89.34895
103.5688
-133.48
175.5316
-284.9764
1796.671
-49.36545
557.1746
1472.898
-402.0819
241.9736
-180.7085
141.6931
-122.6494
103.9273
-96.47952
85.25017
-83.22374
76.46924
-78.84122
77.51726
-88.6544
106.5465
-181.7903
842.4761
1700.544
281.9827
-92.14796
53.97221
-45.03755
35.63387
-35.54446
29.76929
-31.46562
26.68924
-28.98893
24.60627
-27.18534
23.01302
-25.75094
21.69944
-24.54303
20.58442
-23.50043
19.60216
-22.57458
18.72924
-21.74679
17.93911
-20.99266
17.22005
-20.30379
16.55682
-19.66557
15.9429
-19.0732
15.36827
-18.51574
14.83055
-17.99332
14.32019
-17.4954
13.8334
-17.02002
13.36802
-16.56268
12.9188
-16.12082
12.48328
-15.68934
12.05554
-15.26594
11.63494
-14.84728
11.21794
-14.43086
10.80041
-14.01018
10.37669
-13.58451
9.947021
-13.14838
9.503235
-12.69708
9.043945
-12.22528
8.557472
-11.72574
8.042955
-11.19021
7.486023
-10.61096
6.88026
-9.972511
6.202412
-9.25639
5.444939
-8.445576
4.571983
-7.505592
3.556533
-6.396314
2.33644
-5.051991
0.848135
-3.384203
-1.036499
-1.241913
-3.497688
1.626333
-6.881554
5.666776
-11.79124
11.77288
-19.58155
22.01621
-33.61024
42.33826
-65.43979
98.61786
-189.8745
608.1781
2317.793
1216.278
237.5867
1468.707
-31.45136
-14.72646
21.92484
-28.47091
25.3021
-27.15463
19.52955
-9.420816
1291.838
-60.90412
39.97713
26.56031
202.1144
-101.3129
2875.149
1584.602
178.7021
1211.037
-48.28173
13.74604
-6.621933
-2.079609
1.777342
-7.20843
5.140684
-9.462448
6.609813
-10.32791
6.936366
-10.05756
5.838533
-7.478674
-0.6210098
24.25747
42.46998
-26.29955
18.67291
-20.29352
15.88365
-18.68771
14.84865
-17.96657
14.31111
-17.55072
13.98226
-17.27823
13.74823
-17.07666
13.57105
-16.91481
13.41919
-16.77087
13.28302
-16.63742
13.14702
-16.49807
13.00415
-16.34511
12.83421
-16.1531
12.6112
-15.88137
12.26122
-15.4032
11.54413
-14.14129
8.480597
26.35659
19.08739
-19.28046
14.84566
-17.75319
14.00828
-17.19709
13.59042
-16.85492
13.2929
-16.58007
13.02837
-16.31814
12.75857
-16.03473
12.45667
-15.70567
12.09341
-15.301
11.63831
-14.78299
11.04316
-14.09406
10.24147
-13.14874
9.11483
-11.79567
7.470469
-9.767975
4.927544
-6.522804
0.6924725
-0.8241625
-7.262774
10.79917
-25.27955
40.34081
-40.64292
623.8074
886.0346
1319.642
1350.551
502.5818
-101.3204
35.41725
-19.46091
10.422
-16.04792
23.40566
-55.32962
153.0209
892.2691
792.3574
1178.855
131.7171
16.64775
-66.45023
191.641
1429.439
428.1591
-170.5792
134.2632
-139.9395
219.7298
-111.1525
157.8386
-246.0791
1035.464
-7.854322
440.5099
728.9029
-229.6756
132.1905
-94.42593
67.57184
-55.77773
41.64948
-37.10283
27.51905
-26.02574
18.58752
-18.65619
12.39363
-13.37263
7.824843
-9.37084
4.282799
-6.209139
1.434896
-3.621094
-0.9346848
-1.438766
-2.957413
0.4522467
-4.735874
2.130643
-6.330917
3.657581
-7.800464
5.076951
-9.180423
6.429736
-10.51243
7.748922
-11.82975
9.077912
-13.18814
10.4895
-14.70425
12.24789
-17.26788
55.93034
-14.52941
12.903
-17.40236
14.90784
-19.21751
16.68947
-21.02584
18.55626
-22.9764
20.6141
-25.16352
22.9516
-27.67623
25.6717
-30.64014
28.91968
-34.22356
32.90367
-38.68901
37.95098
-44.45068
44.60681
-52.2393
53.86117
-63.43778
67.72429
-81.09885
91.07378
-113.5936
139.9228
-197.4301
338.4521
384.296
2264.85
597.361
-255.8027
159.7551
-118.4536
87.98902
-72.73055
55.05054
-46.54768
32.20491
-25.04224
17.75947
1074.015
840.6776
-149.838
89.58225
-71.79268
56.86244
-52.77576
43.86214
-42.88315
35.55837
-34.96188
26.25243
-19.47435
-17.95165
438.0724
794.4039
519.091
-157.8545
1051.339
-104.6852
241.4273
645.0755
-155.8235
91.93301
-38.13512
73.8075
-68.3076
61.61814
-64.47328
62.6673
-70.09114
74.01936
-90.52925
112.6533
-180.4698
585.8563
317.9504
-108.2018
48.88359
677.8304
41.04128
-30.03322
19.12626
-17.65103
10.71659
-11.48848
5.99423
-7.760566
2.982753
-5.274143
0.8941345
-3.496721
-0.6369371
-2.157201
-1.825246
-1.092505
-2.789282
-0.2041545
-3.621307
0.58498
-4.38203
1.33593
-5.143715
2.13166
-6.010333
3.137806
-7.292484
5.03069
-10.91894
17.49053
87.72514
69.5153
-11.82638
5.669449
-8.71739
5.451097
-9.226528
6.269981
-10.24161
7.446793
-11.572
8.934481
-13.2165
10.71192
-15.02736
12.24009
-15.25771
7.310167
18.15729
775.3796
-141.5548
434.3458
471.8732
-136.4658
74.003
-53.53554
37.32652
-32.81049
23.9723
-23.44156
16.97818
-17.95167
12.47696
-14.10496
9.047161
-10.9046
5.904982
-7.632468
2.262435
-3.263784
-3.435341
4.940903
-16.76856
30.59164
-83.64548
566.6882
294.6406
-231.9045
652.1375
255.1251
-21.45106
85.41266
-37.66339
32.34974
28.07003
24.94193
37.45981
-12.93184
4.989586
-6.98069
3.60498
-9.021767
12.76172
-46.06985
428.8936
661.4965
913.2107
-92.92344
136.0538
-50.21408
34.04655
-31.06628
23.8279
-24.86103
20.06545
-23.22966
22.66316
87.78747
7.711828
-13.27333
10.33783
-13.85128
10.39003
-13.72195
10.19663
-13.5179
10.00546
-13.34541
9.854851
-13.22251
9.762712
-13.15857
9.723278
-13.14752
9.744278
-13.19802
9.823296
-13.31029
9.97291
-13.499
10.2028
-13.77826
10.5428
-14.18716
11.03482
-14.78681
11.77633
-15.71721
12.97084
-17.30861
15.2004
-20.66401
20.87834
-32.68815
71.24228
59.34106
-13.33575
0.9921308
-0.610239
-4.943941
2.904901
-7.308522
4.631005
-8.642212
5.703994
-9.533504
6.462659
-10.18785
7.028765
-10.67465
7.436459
-10.99275
7.639095
-11.0289
7.386695
-10.03589
60.61447
-11.46021
6.09965
-6.497463
-4.25079
37.01808
93.97672
-44.06484
32.48064
-33.22171
28.98964
-32.54649
29.88784
-34.58658
32.9423
-38.68705
38.24891
-45.50282
47.0823
-57.20635
63.15976
-80.57792
100.4294
-151.3872
322.002
300.6987
224.4883
404.5262
-157.9524
98.20416
-75.35196
56.39744
-49.40821
38.39569
-35.87319
27.40066
-25.90658
15.92972
6.625737
41.29277
-30.42892
22.62354
-23.49489
18.25351
-20.2529
15.66521
-18.10344
13.83842
-16.5266
12.46267
-15.31846
11.39663
-14.37589
10.56221
-13.63735
9.909864
-13.06327
9.40815
-12.62895
9.03665
-12.31684
8.781571
-12.1166
8.635329
-12.02289
8.593887
-12.03473
8.659404
-12.15524
8.837491
-12.39366
9.139463
-12.76357
9.583341
-13.2887
10.19759
-14.00204
11.0245
-14.9605
12.13586
-16.25165
13.64748
-18.04046
15.79219
-20.66705
19.11985
-25.11582
25.67101
-37.0873
111.6173
34.59226
12.23542
46.37963
15.84156
-27.6608
31.74809
-44.02934
52.62408
-74.4236
103.9127
-186.0716
719.5072
825.589
-201.0058
117.9254
-88.51363
67.06972
-59.09456
47.8154
-45.50374
37.71417
-37.70291
31.51697
-32.67238
27.3578
-29.17927
24.38774
-26.6292
22.17796
-24.69555
20.47383
-23.18468
19.12323
-21.96565
18.01285
-20.94409
17.05673
-20.02683
16.1516
-19.09313
15.1183
-17.83821
13.48327
42.4379
64.55518
-24.88739
18.14736
-19.90856
14.69466
-13.54024
57.92302
-26.74085
20.65991
-23.10868
19.20557
-22.36149
18.782
-22.10745
18.61404
-21.95647
18.39695
-21.54928
17.56917
-19.75575
13.07762
-1.364344
63.96748
-37.64929
27.61813
-17.13715
80.06184
-53.93721
48.70773
-54.20919
55.26558
-65.95273
115.4904
-95.93221
129.7677
-231.1269
987.6414
668.3127
1484.85
939.0818
-466.0594
1026.288
571.5889
-204.5428
130.3131
-111.6066
104.8047
-118.1183
142.5276
-218.0007
550.9205
693.4781
-194.4668
98.37712
-47.03224
55.35474
124.2714
672.0853
354.7048
-35.70528
-4.66304
20.89867
493.7239
-14.26817
1.469654
-2.00646
-2.548392
-0.4513283
-3.031841
-0.5073917
-2.694088
-1.003908
-2.101027
-1.651677
-1.43202
-2.326625
-0.7510853
-3.007615
-0.08270741
-3.664679
0.5683212
-4.308533
1.200945
-4.930534
1.81778
-5.542968
2.422302
-6.142323
3.022659
-6.743921
3.621181
-7.341892
4.225504
-7.952643
4.839223
-8.572703
5.471252
-9.21726
6.126319
-9.885729
6.814548
-10.59435
7.542352
-11.34556
8.323279
-12.15908
9.169399
-13.04187
10.09792
-14.02144
11.12985
-15.11427
12.29512
-16.36107
13.63331
-17.80428
15.20133
-19.51659
17.08097
-21.59826
19.40964
-24.22771
22.40899
-27.69849
26.49694
-32.61121
32.55165
-40.33132
42.85975
-55.01758
65.99561
-98.57158
191.3822
894.9609
-106.9346
42.98356
-22.51305
4.939706
2.338725
-15.59084
22.9717
-40.59335
60.20292
-115.5516
742.2147
385.1379
-126.258
73.43264
-55.37637
39.70289
-35.06977
25.86363
-24.86483
17.90697
-18.39407
12.46719
-13.69304
8.303959
-9.926437
4.831329
-6.66687
1.718857
-3.644653
-1.260468
-0.6639099
-4.292465
2.46756
-7.571777
5.955147
-11.34321
10.10252
-15.97962
15.38306
-22.12362
22.69823
-31.06816
33.99627
-45.93504
54.63672
-76.82787
106.6396
-185.5869
526.4454
691.1187
-219.0046
129.7374
-97.12745
73.83253
-64.62598
52.45285
-49.43711
41.07063
-40.56531
33.94455
-34.70414
29.02845
-30.51257
25.4051
-27.34368
22.60404
-24.84386
20.35519
-22.80574
18.49557
-21.09867
16.91756
-19.63216
15.54778
-18.3468
14.33667
-17.20105
13.25256
-16.17949
12.29848
-15.31143
11.56541
-14.82497
11.58912
-16.07166
16.42058
-35.86959
230.232
519.9987
158.8306
-58.43134
34.29444
-29.52232
21.83485
-22.65954
17.49631
-19.66619
15.3009
-17.98166
13.96614
-16.90066
13.07818
-16.16619
12.46758
-15.66365
12.06434
-15.35459
11.8493
-15.2397
11.84969
-15.37924
12.16401
-15.93155
13.07014
-17.41075
15.61119
-22.44502
30.93571
41.73289
2.769489
-16.96415
51.20986
25.06675
-8.783683
0.4705868
-1.507278
-3.569029
1.802809
-7.716345
9.766986
-31.35615
194.1565
498.9971
523.5574
49.8753
460.7625
-45.3816
15.46179
18.14962
56.31717
-33.35545
24.53019
-28.56407
74.11096
-1.747247
4.018713
-8.03101
4.006966
-6.163952
0.8067703
-1.357161
-6.51881
10.53622
-27.90974
56.18722
-166.1622
2431.163
953.5535
463.7299
-66.8591
8.43869
8.279022
-24.62006
43.22153
12.20897
18.64948
-35.68003
50.50367
-98.55405
696.399
120.7259
-54.60066
30.33667
-23.67724
14.29721
-13.77341
7.544116
-8.867615
3.820364
-5.939316
1.448452
-3.977675
-0.1982231
-2.569153
-1.427431
-1.484699
-2.39175
-0.6130829
-3.194399
0.1331615
-3.892448
0.7980614
-4.539169
1.433937
-5.170479
2.073351
-5.832785
2.770729
-6.576702
3.582338
-7.487377
4.629219
-8.724434
6.150532
-10.70802
8.977871
-15.49731
22.2401
23.35015
0.9976044
-9.953989
10.67927
-18.21003
395.3351
-68.41602
325.4467
108.774
-50.66491
30.73809
-26.68019
19.1409
-20.10437
15.20542
-17.82178
14.13336
-17.79789
15.18751
-20.16488
19.44953
-27.6889
33.93052
-63.6659
336.4238
87.05822
-39.73813
22.14704
-18.97994
11.78888
-12.78499
7.688594
-9.891408
5.548355
-8.248629
4.252869
-7.207828
3.400177
-6.494404
2.795723
-5.979744
2.351471
-5.589104
2.005985
-5.283836
1.732906
-5.034485
1.504665
-4.827156
1.313622
-4.646912
1.143852
-4.488838
0.9942398
-4.343521
0.8532333
-4.209068
0.7230072
-4.079903
0.5947266
-3.954185
0.4707413
-3.828217
0.3432007
-3.700928
0.2144775
-3.568039
0.07777405
-3.429321
-0.06463623
-3.279938
-0.2206726
-3.119385
-0.3881836
-2.940918
-0.5762939
-2.743835
-0.7846069
-2.520416
-1.024353
-2.265129
-1.298668
-1.966721
-1.623295
-1.614204
-2.009666
-1.186111
-2.486191
-0.6545258
-3.08556
0.03017807
-3.8755
0.9514446
-4.968279
2.27598
-6.611741
4.378101
-9.416836
8.346405
-15.5329
19.22092
-41.55079
266.597
339.5105
-29.76469
16.27405
-14.85353
8.497789
-9.883547
4.909139
-7.052429
2.512878
-4.901608
0.4774475
-2.879368
-1.619095
-0.6183014
-4.153404
2.332275
-7.72422
6.838264
-13.70315
15.29565
-26.78288
38.63607
-82.40131
497.5355
144.1613
-70.62694
45.46722
-38.62663
29.23207
-28.74809
22.5787
-23.96374
18.97648
-21.16018
16.73918
-19.33881
15.23312
-18.07854
14.16906
-17.17336
13.39442
-16.5075
12.82155
-16.01468
12.39773
-15.65141
12.08827
-15.3905
11.86938
-15.20975
11.72379
-15.09555
11.6361
-15.03085
11.59089
-14.99862
11.56276
-14.96231
11.5001
-14.84148
11.26516
-14.38629
10.3657
-12.48214
5.566504
61.50171
49.3978
-31.91782
25.3412
-28.33343
25.70654
-30.93078
30.58335
-39.21928
45.67088
-73.76427
237.8596
101.7957
-33.42528
11.92288
-6.779868
-1.948931
2.450956
-9.091612
50.68159
-21.0092
34.16862
36.44033
4.831508
-21.18142
34.90834
-81.31432
369.4444
633.3809
430.9219
-60.1633
21.49423
-14.91232
7.603852
-9.29034
5.065042
-8.136233
4.603528
-8.044964
4.725363
-8.297689
5.057281
-8.678181
5.469332
-9.11449
5.923872
-9.578747
6.396909
-10.06349
6.891634
-10.56687
7.404274
-11.09195
7.943142
-11.64355
8.509937
-12.2289
9.115332
-12.85545
9.765154
-13.53276
10.47288
-14.27318
11.24962
-15.09065
12.11273
-16.00377
13.0814
-17.03536
14.18385
-18.21642
15.45362
-19.5871
16.93953
-21.20502
18.70774
-23.14788
20.85604
-25.53673
23.52853
-28.54958
26.95489
-32.48438
31.52128
-37.8516
37.92927
-45.64407
47.61877
-58.03935
64.0853
-81.08759
98.96191
-141.5176
244.1157
608.797
541.796
436.1188
-182.2089
111.9068
-82.90387
59.16281
-47.17134
29.26321
-14.39658
-24.11684
161.8221
662.2491
-300.8836
594.7427
250.5709
-64.66697
23.22465
-12.2249
1.941229
-1.708275
-3.767235
1.519335
-5.596525
2.51251
-6.061541
2.628845
-5.946651
2.358929
-5.565678
1.897518
-5.04826
1.341183
-4.462189
0.7285385
-3.829796
0.08197021
-3.168732
-0.5949173
-2.477547
-1.299088
-1.757162
-2.03926
-0.9972568
-2.821006
-0.1884851
-3.661116
0.6860104
-4.573814
1.643917
-5.585705
2.716656
-6.728508
3.939955
-8.046799
5.370442
-9.60701
7.087069
-11.51131
9.215278
-13.91458
11.96043
-17.08888
15.68326
-21.53008
21.09003
-28.27654
29.77286
-39.91418
46.25697
-65.21994
90.52029
-165.426
657.2076
336.434
-137.8195
83.84874
-64.1053
47.23094
-41.6944
31.68631
-29.80102
21.64989
-20.3537
13.79522
1227.468
63.87629
-39.41817
28.15617
-27.61148
21.64894
-23.23152
18.38359
-20.64491
16.25037
-18.83763
14.69162
-17.4734
13.4818
-16.39161
12.50901
-15.5116
11.70773
-14.77924
11.03735
-14.16459
10.47056
-13.64063
9.98804
-13.19528
9.575603
-12.81367
9.224109
-12.49033
8.925428
-12.21563
8.675344
-11.98752
8.467421
-11.80052
8.301459
-11.65521
8.17515
-11.54774
8.087791
-11.48004
8.038925
-11.45047
8.02926
-11.46068
8.058217
-11.50821
8.123852
-11.58955
8.216543
-11.68719
8.307047
-11.7491
8.297981
-11.58736
7.809006
-10.33244
4.379581
3.695239
68.82526
-31.9687
25.22755
-29.1878
28.43485
-37.22429
44.84895
-79.38292
623.8534
68.95818
-27.16868
9.084986
-4.406475
-5.092964
7.561526
-18.2867
26.68163
-58.09073
960.6713
106.316
-50.46849
30.42256
-25.96218
17.92799
-18.30997
12.74749
-14.58579
9.959397
-12.43755
8.274066
-11.10742
7.223954
-10.28385
6.59263
-9.828188
6.302324
-9.701881
6.354186
-9.970762
6.918107
-10.99247
8.80725
-15.10326
24.3357
79.28187
-2.647713
-3.625008
1.61261
-5.924988
3.170967
-7.154009
4.243347
-8.15267
5.209667
-9.09833
6.114047
-9.884113
6.57124
-9.42314
3.072505
12.90313
63.96146
-40.62091
36.56966
-44.40826
49.60017
-68.09938
93.58702
-169.5919
746.812
585.105
-181.9101
112.9951
-90.1796
73.84875
-71.11523
66.36187
-73.60191
82.80859
-125.007
455.7616
141.1975
-47.3535
18.04442
-8.495117
-4.610348
12.59574
-41.12782
469.7196
69.28584
-39.80261
26.76356
-26.179
21.20998
-24.61915
22.49074
-28.64548
29.95241
-41.46131
53.12944
-91.895
262.5739
255.6466
298.0985
90.00157
-60.58987
43.76589
-39.69179
31.49816
-31.6557
25.90269
-27.61885
22.93621
-25.42657
21.33103
-24.28844
20.58082
-23.87231
20.46387
-24.03592
20.90121
-24.75047
21.90817
-26.07531
23.58788
-28.16695
26.17308
-31.35441
30.11679
-36.27907
36.35292
-44.33326
47.04062
-59.05811
68.43806
-92.71896
128.8132
-233.9397
1044.465
430.4727
-184.295
116.7966
-91.81204
73.328
-68.59047
61.80681
-66.69041
72.59599
-108.8117
466.6141
103.6483
-37.86681
16.18764
-11.67102
4.05182
-5.009512
0.05388975
-2.481417
-1.595875
-1.392747
-2.303993
-0.9580135
-2.527882
-0.9206014
-2.367832
-1.336786
-1.543628
-2.952781
1.984288
-13.43692
373.7585
26.24296
-21.25213
17.07083
-22.87573
25.74385
-45.2962
117.5083
426.9775
-48.49033
27.47174
-23.50204
16.14976
-17.21103
12.28588
-14.71277
10.6348
-13.6345
9.97539
-13.29645
9.891029
-13.42854
10.22011
-13.94304
10.91225
-14.81661
11.98164
-16.0998
13.50199
-17.89513
15.62517
-20.41555
18.63615
-24.05016
23.08792
-29.6035
30.18211
-38.96183
43.08227
-57.90902
73.84359
-118.1056
273.3676
285.6154
332.5096
181.2219
-99.2636
67.38374
-56.1133
43.86576
-41.91856
37.00304
347.9545
18.11653
-22.29229
18.00655
-20.35525
15.89475
-18.35326
14.06339
-16.70176
12.57719
-15.35829
11.35707
-14.25016
10.34764
-13.32341
9.491731
-12.53263
8.75966
-11.84792
8.114915
-11.24213
7.543442
-10.69749
7.020239
-10.19438
6.535133
-9.720239
6.066855
-9.256783
5.605017
-8.78907
5.125143
-8.293309
4.60857
-7.744568
4.013714
-7.092776
3.289022
-6.26834
2.329413
-5.127577
0.938437
-3.374396
-1.361709
-0.2065392
-6.024389
7.394321
-20.80069
50.85072
368.4362
-57.56289
32.6944
-28.35297
20.95709
-21.98882
16.99201
-19.31122
15.08089
-17.8799
13.9461
-16.88781
12.91071
-15.48688
10.39096
-9.497563
-10.32593
245.7573
440.3959
73.26381
-11.01371
-7.061564
10.96947
-20.63452
25.75489
-48.67889
219.5529
60.53244
-25.31608
12.54279
289.3158
-2.866661
0.1384811
-4.901283
2.954078
-8.117067
7.162437
-15.26099
27.71836
366.2606
-17.44733
7.987055
-12.00403
42.10323
12.64267
-9.299138
4.424624
-7.385619
3.835119
-7.25901
3.90698
-7.43084
4.131252
-7.680973
4.394502
-7.954208
4.675365
-8.238119
4.960506
-8.527355
5.255304
-8.825802
5.557339
-9.134626
5.875312
-9.460653
6.209207
-9.806515
6.569866
-10.18172
6.960221
-10.59162
7.393944
-11.05006
7.879221
-11.56808
8.436674
-12.169
9.086781
-12.87839
9.868449
-13.74536
10.8355
-14.83719
12.08485
-16.28484
13.7875
-18.32848
16.30292
-21.52002
20.51447
-27.39505
29.42248
-42.95396
67.1914
232.8557
251.9185
67.52756
-31.90211
15.89126
-12.88002
5.482396
-6.158939
0.6990485
-2.523258
-2.199781
-0.121088
-4.257155
1.690628
-5.888707
3.191233
-7.298578
4.540349
-8.608801
5.832238
-9.904228
7.151292
-11.26466
8.572977
-12.77416
10.20192
-14.55889
12.19072
-16.82262
14.83466
-20.00175
18.80346
-25.21795
26.1714
-36.78716
47.74493
-92.83485
481.2566
892.5889
119.5097
-47.58915
34.37196
-38.63158
40.85368
-55.02685
71.9341
-123.5241
365.1481
347.3903
-118.2295
67.4407
-50.3906
35.49904
-31.54984
22.97145
-22.56116
16.16643
-17.20118
11.81476
-13.57966
8.735223
-10.9145
6.395002
-8.832717
4.518815
-7.121435
2.944871
-5.66071
1.574633
-4.364208
0.3397536
-3.178756
-0.8081653
-2.058009
-1.9093
-0.9695852
-2.994608
0.1216981
-4.098754
1.245543
-5.252857
2.44151
-6.500241
3.751974
-7.89037
5.240594
-9.500095
6.998405
-11.44233
9.174274
-13.91756
12.03811
-17.30169
16.14571
-22.46094
22.92549
-31.96811
37.67049
-59.32753
115.6764
516.1942
-64.8737
24.19005
-12.03597
-1.523249
6.876746
-19.86496
29.43134
-55.79881
122.4376
399.1691
145.3987
176.07
-86.81205
57.73986
-48.48238
37.34442
-35.52058
28.2854
-28.7981
23.08553
-24.65463
19.71468
-21.87232
17.39123
-19.91948
15.74972
-18.54786
14.61823
-17.63415
13.91511
-17.14477
13.64633
-17.11536
13.89369
-17.69888
14.90054
-19.26443
17.25151
-22.79196
22.67299
-31.60033
38.6227
-67.98474
230.061
111.5061
227.073
47.6797
-34.68324
24.56379
-24.54426
19.34403
-22.0473
18.7422
-23.05309
21.3993
-27.76219
29.14096
-40.78706
53.49314
-99.66551
715.9586
334.5458
581.9456
-21.80873
8.366227
-18.00127
50.4342
360.0352
314.3154
572.1854
-240.0143
688.795
443.3997
-59.94916
15.14823
0.9791204
280.6004
-15.16803
4.319953
-4.827086
-0.1299099
-2.395354
-1.563421
-1.542068
-2.054993
-1.287483
-2.138992
-1.331708
-2.000474
-1.540471
-1.731884
-1.864238
-1.36186
-2.272673
-0.9146042
-2.761911
-0.384655
-3.330486
0.2269443
-3.992337
0.9425325
-4.763915
1.779719
-5.678817
2.781906
-6.779634
4.00068
-8.141565
5.530901
-9.875061
7.516051
-12.17665
10.22026
-15.40325
14.14644
-20.29678
20.42921
-28.68136
32.22375
-46.58393
62.88686
-112.6317
347.2592
334.5364
-119.8585
72.5775
-58.67627
49.34353
-62.71661
538.1154
52.58331
-60.22542
400.1252
92.16923
-50.41402
33.84922
-30.91609
23.67404
-24.49946
19.17142
-21.11955
16.51895
-18.96718
14.72528
-17.44594
13.41962
-16.31124
12.42207
-15.42876
11.64014
-14.73192
11.01495
-14.1702
10.5126
-13.72102
10.10876
-13.35976
9.790188
-13.08101
9.546258
-12.87157
9.373381
-12.73488
9.27112
-12.66823
9.245487
-12.68532
9.307327
-12.79861
9.482731
-13.0484
9.820834
-13.49803
10.42114
-14.30509
11.51973
-15.84619
13.78239
-19.38807
19.90536
-31.97944
58.64413
411.642
-49.30193
27.74602
-28.9093
31.59798
-55.76726
144.7895
376.371
-108.7969
72.49709
-66.25932
61.56232
-69.53396
78.00356
-108.9992
202.8841
281.395
125.4315
368.1624
-122.8581
76.05305
-61.96201
50.58725
-51.96408
52.99197
-75.183
182.109
160.6547
-50.99381
26.70247
-22.26768
15.32276
-17.25681
13.568
-17.65094
15.79318
-21.88173
22.77267
-33.44256
43.76809
-81.55649
327.6482
198.633
-76.29919
45.47815
-36.91586
26.82797
-26.04197
19.76096
-21.14188
16.21879
-18.51062
14.23548
-17.01279
13.11443
-16.19154
12.54094
-15.83154
12.36728
-15.81923
12.49254
-16.05483
12.78693
-16.29506
12.70048
-15.09316
7.282167
22.53548
102.8326
28.24101
55.47802
21.20758
33.92123
-73.61209
279.6667
128.6719
-47.68664
22.10052
-14.54566
3.914261
-1.561844
-7.353024
10.10314
-21.76248
31.84418
-65.64434
224.0311
194.0745
-75.1754
44.92304
-36.41025
26.15751
-25.10887
18.50468
-19.52731
14.21702
-16.09806
11.38269
-13.68952
9.282711
-11.80676
7.5401
-10.13284
5.851677
-8.303123
3.644229
-5.147251
-2.549719
30.343
22.32956
-15.85098
9.665919
-11.69913
7.397433
-10.18569
6.274491
-9.295842
5.536619
-8.663431
4.984717
-8.176472
4.548175
-7.781738
4.193345
-7.466753
3.919466
-7.23938
3.758056
-7.183921
3.891258
-7.703991
5.393145
-12.56117
32.66618
592.1682
44.2347
-17.26754
8.123342
-9.398571
4.891247
-7.659552
3.795319
-6.89562
3.22426
-6.44137
2.84555
-6.116861
2.562053
-5.861616
2.325632
-5.642272
2.121862
-5.448412
1.933871
-5.265947
1.757727
-5.093228
1.585208
-4.921647
1.415349
-4.750769
1.241238
-4.573666
1.061731
-4.389353
0.8699722
-4.189805
0.6627398
-3.972508
0.4317913
-3.726355
0.1695099
-3.444103
-0.1383538
-3.106466
-0.5096416
-2.693675
-0.9752998
-2.163445
-1.584248
-1.453129
-2.428503
-0.432148
-3.689823
1.171555
-5.804962
4.096343
-10.12638
11.17006
-24.00213
53.37772
245.8674
-45.62495
24.06596
-20.70485
13.73685
-14.9793
10.08415
-12.44484
8.225203
-11.02495
7.106186
-10.12286
6.367163
-9.508266
5.849121
-9.068237
5.474216
-8.746737
5.197048
-8.508148
4.993103
-8.33416
4.844223
-8.209068
4.742329
-8.128733
4.680908
-8.085587
4.657776
-8.082333
4.674141
-8.121351
4.741554
-8.227081
4.90789
-8.51659
5.536947
-10.65482
52.52957
52.89958
14.78319
-12.8963
8.497686
-11.82959
8.727984
-12.79767
10.41055
-15.43796
14.59972
-22.53638
28.28566
-56.98489
290.8979
429.9117
-27.04124
38.72951
-48.22307
264.838
171.1008
-60.40638
34.84719
-29.53672
21.775
-22.82635
18.10345
-20.8859
17.29226
-20.91185
18.0219
-22.30833
20.1235
-25.23209
24.09426
-30.6446
31.65748
-41.75204
49.50577
-76.18692
169.8083
107.6805
165.8851
112.8277
183.3378
76.8398
-49.68661
33.97666
-30.3317
22.2332
-22.30134
16.35471
-17.80384
12.80024
-14.92284
10.41899
-12.92587
8.722721
-11.46744
7.457
-10.36188
6.485298
-9.501033
5.718063
-8.815964
5.104418
-8.26268
4.603344
-7.809113
4.192299
-7.433929
3.848175
-7.118984
3.559464
-6.851452
3.309692
-6.617302
3.088549
-6.404022
2.877573
-6.191857
2.657021
-5.950897
2.380951
-5.619606
1.96063
-5.053833
1.152283
-3.821434
-0.8888645
-0.002826691
-9.845917
44.55406
38.57998
38.17881
36.30056
-34.77489
35.68072
-56.13998
175.8434
112.8322
-33.12669
15.23816
-12.4433
5.599152
-6.869459
1.980322
-4.336782
0.1080589
-2.893974
-1.039683
-1.955997
-1.826792
-1.28086
-2.415342
-0.7592411
-2.887253
-0.3254395
-3.290283
0.05397797
-3.653397
0.4062223
-3.997724
0.7458649
-4.337854
1.090641
-4.688884
1.450613
-5.062806
1.842976
-5.476315
2.281261
-5.9461
2.78972
-6.499428
3.396036
-7.171236
4.148839
-8.022104
5.121916
-9.151529
6.455383
-10.75678
8.434465
-13.27867
11.79422
-18.04614
19.27777
-32.22658
63.36569
126.7125
-22.45663
4.618982
170.4011
-44.48241
215.4097
80.65355
-38.67971
22.74518
-20.19014
13.21775
-14.26437
9.132421
-11.25603
6.812261
-9.405725
5.299877
-8.144182
4.228888
-7.222671
3.428598
-6.521254
2.808205
-5.968357
2.314281
-5.526066
1.915178
-5.165239
1.590538
-4.873656
1.328131
-4.638723
1.120761
-4.458914
0.9673462
-4.332124
0.8697686
-4.266491
0.8385448
-4.273641
0.8911347
-4.380778
1.063622
-4.633919
1.420742
-5.128075
2.098663
-6.061987
3.406994
-7.946739
6.242912
-12.52182
14.56487
-31.83204
120.5003
72.97509
-33.49068
19.96639
-19.0843
13.44592
-15.66447
11.64391
-14.889
11.64131
-15.57456
13.05177
-17.88463
16.65868
-23.66462
26.84643
-46.12579
136.8338
222.0938
-32.79078
13.94194
-10.87405
4.211788
-7.688356
34.63575
47.46726
24.93045
25.8832
21.52349
-0.8569288
-15.83902
50.05583
101.4272
-31.29613
15.62571
-13.5404
6.694945
-7.532511
1.843353
-2.978664
-3.035673
2.316599
127.9457
128.3089
65.29495
-30.62483
17.81046
-16.92614
10.99504
-12.74938
8.129939
-10.64114
6.501528
-9.340742
5.441514
-8.466223
4.715893
-7.868849
4.240105
-7.519826
4.03981
-7.526714
4.40352
-8.69591
8.648766
38.2085
-3.477825
-2.166856
-0.550716
-3.161811
-0.1362266
-3.324074
-0.1059628
-3.276751
-0.2012286
-3.150072
-0.3508024
-2.983383
-0.5300961
-2.794732
-0.7272873
-2.588913
-0.9398956
-2.370949
-1.164805
-2.138341
-1.404567
-1.892006
-1.658504
-1.628744
-1.931177
-1.346804
-2.223751
-1.041271
-2.542801
-0.7083979
-2.891126
-0.3413668
-3.277864
0.06566048
-3.709204
0.5245857
-4.198428
1.046904
-4.75701
1.648235
-5.406755
2.351189
-6.170166
3.185074
-7.08548
4.192245
-8.198296
5.43084
-9.583776
6.984974
-11.33738
8.973267
-13.59598
11.52568
-16.42302
14.45548
-18.62859
11.35634
67.85199
217.2283
-8.425958
53.99582
-104.0585
311.8823
750.0223
198.6027
489.0064
1.224179
515.7642
-179.9706
208.3526
-176.9379
769.9071
112.8455
336.5403
215.5286
-76.92726
37.91785
-25.40637
13.20082
-11.20654
4.209803
-5.151361
-0.04948092
-2.0544
-2.358974
-0.302546
-3.709544
0.7548795
-4.545432
1.418988
-5.07688
1.848618
-5.425816
2.129937
-5.653325
2.316226
-5.805161
2.438424
-5.902761
2.517792
-5.968071
2.567573
-6.00566
2.597851
-6.029671
2.614355
-6.039928
2.622086
-6.045406
2.624556
-6.045588
2.624624
-6.045876
2.624773
-6.04561
2.626265
-6.049963
2.631401
-6.056587
2.641792
-6.071159
2.65958
-6.09268
2.687043
-6.127023
2.727565
-6.174558
2.784999
-6.243197
2.865203
-6.337121
2.976672
-6.470247
3.133298
-6.655943
3.357068
-6.927253
3.687533
-7.335412
4.202511
-7.999313
5.082005
-9.210396
6.845756
-11.99992
11.90826
-24.21232
111.4595
27.5131
-14.2258
9.068784
117.918
-13.06231
25.68183
16.17369
-8.05714
2.061354
-4.356472
0.3185616
-3.368677
-0.2776222
-3.016825
-0.4559951
-2.975999
-0.3780918
-3.16787
-0.06961393
-3.600646
0.5011315
-4.326451
1.389225
-5.32881
2.19515
-3.966195
44.73106
285.5684
353.6245
110.3678
-45.67946
26.13527
-22.69167
15.59796
-16.81422
11.9936
-14.5193
10.55891
-13.72823
10.3282
-14.07671
11.39706
-16.23735
15.61678
-25.71223
51.97346
64.82853
-16.80581
4.952295
-4.976563
-0.2480049
-2.073654
-2.077091
-0.8331909
-2.961639
-0.1771314
-3.468353
0.2370119
-3.840512
0.6329021
-4.381149
1.606497
-6.716486
10.90588
28.16326
7.874067
38.00001
-54.11811
251.0449
492.7387
3.93756
7.599042
-12.30412
8.821589
-12.06179
8.562871
-12.06112
8.926655
-12.95439
10.77531
-17.25358
30.0549
11.16115
-0.8291245
-5.596687
3.594
-7.925802
5.208678
-9.236199
6.33242
-9.954325
4.408927
194.4153
245.0467
16.65119
-4.545174
-3.319681
2.090796
-6.914922
4.554644
-8.870682
6.267579
-10.48175
7.868518
-12.13683
9.629784
-14.05853
11.775
-16.5019
14.60852
-19.8518
18.6595
-24.8755
25.07479
-33.38733
36.96384
-51.24799
67.04483
-113.9069
304.1731
416.1807
-124.4276
69.56651
-51.3979
35.91898
-31.4642
22.30256
-21.12258
13.63627
-13.04651
5.10973
-2.602427
-9.146561
375.4936
239.6939
-68.70938
42.73051
-37.43119
29.47106
-30.21663
25.17396
-27.69226
23.96212
-27.6734
25.30535
-31.00387
32.41447
-48.55211
130.3419
48.51552
-11.91593
-1.192299
2.193802
-8.227234
6.621208
-11.46144
9.263618
-13.8316
11.56401
-16.20837
14.14474
-19.13254
17.59093
-23.34161
22.9165
-30.36865
32.70911
-45.05286
57.17865
336.9473
884.749
481.8023
-93.49688
45.98993
-29.02772
9.615353
10.81742
330.6867
261.4603
153.0208
-121.3556
263.6667
-3.235241
177.5209
92.15223
-37.35193
19.8082
-17.71699
12.29265
-16.00082
15.44844
-27.07875
55.8568
207.9347
-41.34351
21.40269
-18.74031
12.23073
-13.82931
9.243759
-11.8843
7.930229
-10.99438
7.35006
-10.65243
7.202507
-10.67665
7.390137
-11.02594
7.904114
-11.72034
8.805664
-12.86487
10.24292
-14.67041
12.52988
-17.6046
16.36955
-22.78513
23.6741
-33.77765
42.07291
-71.5331
182.4271
495.533
215.7513
82.15809
-49.44273
32.86698
-29.11835
21.08224
-21.20226
15.20766
-16.41318
10.78502
-11.37277
1.99276
96.55646
25.34684
-21.21972
15.28961
-17.41221
13.19947
-16.10048
12.33525
-15.53929
12.0004
-15.3839
11.99799
-15.52216
12.27052
-15.9239
12.803
-16.59544
13.62717
-17.58599
14.80336
-18.98053
16.45841
-20.94853
18.81186
-23.79367
22.3037
-28.15815
27.89548
-35.57906
38.24236
-51.09046
64.42297
-106.7305
306.7036
239.945
-75.35461
34.22626
-18.6229
0.6062469
12.81428
-49.21178
284.4659
131.8781
-64.19408
41.09394
-34.93991
25.70961
-25.16686
18.83292
-20.00996
14.79371
-16.74106
12.08209
-14.44909
10.11607
-12.73931
8.611572
-11.4037
7.417759
-10.32833
6.441566
-9.437912
5.626797
-8.68885
4.934769
-8.048565
4.342304
-7.500942
3.83696
-7.037678
3.419231
-6.671059
3.113232
-6.443039
2.994408
-6.488441
3.301653
-7.25106
4.935417
-10.77211
13.4345
-38.25468
289.8893
516.5612
91.38916
-26.54832
12.45004
348.5783
-36.26906
116.7403
434.9578
-26.93733
13.26994
-0.2573929
245.668
-74.84035
540.9416
78.90359
84.80775
4.100159
-7.200844
3.529839
-7.590286
6.333115
-16.56644
104.6597
20.47246
-12.15668
5.231457
-6.906487
2.386154
-5.003181
0.9285011
-3.771561
-0.1907425
-2.693504
-1.283768
-1.540733
-2.539566
-0.1309509
-4.169159
1.807861
-6.544205
4.815193
-10.51157
10.33965
-18.82131
24.53628
-50.51566
254.4614
59.22424
-5.719353
280.9096
-22.34082
-21.05956
250.66
161.4488
-99.64989
86.53172
-101.5851
204.1273
-4.213936
433.175
142.3217
65.872
128.1596
-54.30766
31.5015
-25.62798
16.72684
-16.56012
10.64134
-12.25258
7.485527
-9.886353
5.68821
-8.518112
4.654526
-7.75174
4.110168
-7.400604
3.933319
-7.384995
4.072571
-7.684479
4.543121
-8.342712
5.416992
-9.477386
6.88031
-11.36945
9.357269
-14.69333
14.00327
-21.61774
25.57263
-46.76483
274.6078
38.59338
599.0151
462.897
199.1914
0.078125
-11.25586
7.073975
-8.02301
0.9787598
1.376587
-16.6734
56.3287
262.5569
-70.0359
48.11868
-47.9062
48.86111
-72.19219
248.5457
77.51474
-27.18836
10.25827
-7.777733
1.154739
-2.614941
-2.100659
-0.4184265
-3.659393
0.7358398
-4.542389
1.428848
-5.101654
1.894821
-5.500977
2.243263
-5.81385
2.535538
-6.09449
2.809767
-6.369995
3.097046
-6.676453
3.428167
-7.042267
3.844254
-7.524307
4.412415
-8.211563
5.271019
-9.325043
6.783279
-11.52908
10.37821
-18.72385
35.14865
132.4217
-10.71795
1.29517
-1.925995
-3.273945
1.256901
-5.986259
3.966976
-9.08728
7.98204
-14.99179
18.21664
-38.78616
187.9211
64.87347
-31.27632
17.93137
-16.87083
11.01404
-13.01515
8.742035
-11.44812
5.439571
97.90641
129.6832
47.10875
-16.76737
6.11153
-6.647949
1.819473
-4.539063
0.8684044
-4.453445
1.747059
-6.904896
7.819229
-26.07632
280.8936
393.246
-3.839054
11.04696
-18.87982
21.42508
-37.46981
81.15009
234.6043
-50.15096
25.36984
-20.61515
12.90455
-13.69882
8.511734
-10.66957
6.305023
-8.996532
4.996784
-7.948154
4.141716
-7.241849
3.549026
-6.739027
3.121052
-6.373903
2.807898
-6.104408
2.578613
-5.91258
2.420481
-5.785429
2.326738
-5.72821
2.308197
-5.75248
2.387415
-5.904285
2.63332
-6.280436
3.205639
-7.16188
4.603845
-9.503464
8.921448
-18.95211
39.85769
327.2068
-53.33745
40.75515
-59.3105
192.9813
147.8505
267.9164
40.81208
118.7278
-33.28242
130.5087
23.02388
-13.97745
7.270926
-9.241467
5.019596
-7.947389
4.201544
-7.403542
3.834026
-7.162883
3.693419
-7.103968
3.705334
-7.183958
3.855769
-7.408018
4.159848
-7.80549
4.671321
-8.456832
5.498934
-9.517339
6.878456
-11.34453
9.36244
-14.84891
14.56618
-23.1683
29.51491
-56.55661
167.4362
247.5342
-100.5479
103.3209
155.5084
-16.60422
13.31868
229.5873
-76.65187
150.9705
179.3714
-51.9246
26.77005
-21.72646
13.88949
-12.15484
407.4509
9.34436
-1.698042
-3.76051
0.9299278
-4.513239
1.091889
-4.444991
0.9247971
-4.23127
0.6861992
-3.977478
0.4221039
-3.702881
0.131752
-3.393692
-0.1994934
-3.0327
-0.5997009
-2.583538
-1.109543
-1.996086
-1.798546
-1.175705
-2.791428
0.05134583
-4.345207
2.075165
-7.079742
5.956917
-12.99232
16.01431
-33.98926
92.98669
163.7785
-52.56937
30.65924
-26.61161
19.23639
-20.31758
15.53848
-18.50197
16.2053
-26.31686
84.83582
176.3271
121.4909
86.1859
164.2315
-90.51143
78.88804
-95.82053
172.183
137.1514
70.42209
113.708
-38.51443
16.06274
-9.914951
0.09481049
1.770996
-10.57776
14.18127
-30.73295
86.97284
231.4768
-6.082163
-19.23268
85.56941
117.6296
-45.52916
26.66249
-23.11674
15.62812
-16.34473
10.98119
-12.93202
8.358695
-10.85482
6.676423
-9.468758
5.520762
-8.500172
4.707637
-7.817517
4.138954
-7.353923
3.774464
-7.084384
3.60237
-7.019062
3.659554
-7.223094
4.053584
-7.884069
5.118042
-9.619864
8.143192
-15.75568
26.62439
154.5603
-20.27924
7.649803
-7.777484
2.694014
-5.130454
1.069351
-4.049165
0.3129953
-3.502411
-0.09365129
-3.19506
-0.3265259
-3.018267
-0.4612291
-2.916326
-0.5352955
-2.865353
-0.5685043
-2.846889
-0.5729389
-2.855057
-0.5550458
-2.881216
-0.5194473
-2.926306
-0.467193
-2.985196
-0.3999554
-3.061266
-0.3162298
-3.152556
-0.2150489
-3.264717
-0.09230769
-3.399112
0.0567311
-3.5652
0.2415275
-3.770641
0.4734244
-4.03614
0.7773571
-4.387562
1.191217
-4.883938
1.796426
-5.638761
2.770164
-6.948181
4.630002
-9.809777
9.642291
-21.00978
60.13823
211.1119
-8.760406
4.730255
-6.566668
2.024843
-4.64698
0.628479
-3.5832
-0.218729
-2.879951
-0.821959
-2.347223
-1.307456
-1.890306
-1.749721
-1.45105
-2.200049
-0.9723949
-2.726358
-0.373312
-3.440892
0.5297623
-4.668369
2.38228
-8.006763
11.30074
157.3714
-12.06231
3.197533
-4.589973
0.01892853
-2.62616
-1.467804
-1.325073
-2.744888
0.05435181
-4.37104
2.14917
-7.357964
7.060661
-17.86257
57.87098
118.0966
88.64549
61.13689
-23.64997
12.67912
-12.92128
7.743969
-10.05553
5.880659
-8.769398
4.964803
-8.110119
4.496799
-7.796455
4.314739
-7.732054
4.364162
-7.900797
4.664671
-8.354048
5.308816
-9.252169
6.563934
-11.04518
9.242981
-15.37437
17.29015
-35.72755
312.9208
36.43628
-18.56013
8.634663
-8.915771
3.650162
-5.860474
1.586365
-4.374496
0.4647827
-3.497017
-0.2393265
-2.92012
-0.7231331
-2.507275
-1.079166
-2.196857
-1.354538
-1.949341
-1.577803
-1.74625
-1.765688
-1.570379
-1.930225
-1.415588
-2.078468
-1.271683
-2.217648
-1.13677
-2.351328
-1.00317
-2.484374
-0.8700085
-2.619825
-0.7306538
-2.762539
-0.5839081
-2.915763
-0.4223976
-3.085708
-0.2428465
-3.278137
-0.03448296
-3.503773
0.2107506
-3.774746
0.5133057
-4.114196
0.89785
-4.557025
1.415542
-5.170971
2.158165
-6.093033
3.339424
-7.666512
5.552578
-11.03799
11.38529
-23.95223
76.26273
47.61911
-20.02729
9.343307
-9.506046
4.221956
-6.427736
2.145106
-4.917071
0.9833288
-3.98416
0.2091084
-3.323116
-0.3714314
-2.800039
-0.8517685
-2.350791
-1.282548
-1.928638
-1.702931
-1.502584
-2.145079
-1.03332
-2.652152
-0.4738255
-3.286074
0.2655535
-4.173408
1.368376
-5.608232
3.349257
-8.568472
8.34501
-19.03079
167.5855
54.26137
-22.48616
12.07794
-13.20869
10.03036
-18.25043
69.46851
26.06565
-16.96097
13.22357
-22.31822
46.20797
105.0856
-27.31161
13.20083
-12.45404
6.823045
-8.875871
4.521253
-7.264326
3.326995
-6.340747
2.587855
-5.733727
2.080576
-5.302564
1.707391
-4.975594
1.419231
-4.719641
1.188691
-4.51025
0.9988365
-4.337402
0.8393898
-4.189255
0.7027674
-4.062863
0.5840368
-3.950937
0.4797611
-3.853475
0.3870564
-3.764909
0.3034167
-3.686868
0.2283964
-3.614179
0.1596022
-3.549238
0.09679079
-3.488076
0.0386591
-3.43285
-0.01515198
-3.380096
-0.06550264
-3.332178
-0.1122785
-3.285785
-0.1569209
-3.243611
-0.1985459
-3.202112
-0.2384825
-3.163937
-0.2762084
-3.126229
-0.3126445
-3.09128
-0.3473601
-3.0564
-0.3810015
-3.024103
-0.4132829
-2.991348
-0.4452467
-2.96116
-0.4757299
-2.929989
-0.506094
-2.900839
-0.5354037
-2.870716
-0.5648375
-2.842329
-0.5935431
-2.812796
-0.6224895
-2.784741
-0.650918
-2.755347
-0.6800723
-2.727159
-0.7088199
-2.697401
-0.7384539
-2.668324
-0.7680016
-2.637514
-0.7988949
-2.60698
-0.8300896
-2.574433
-0.8627448
-2.54199
-0.8962429
-2.506688
-0.9323769
-2.471226
-0.9692011
-2.432028
-1.00927
-2.391572
-1.05142
-2.346869
-1.097731
-2.299429
-1.147549
-2.24627
-1.203129
-2.188503
-1.264019
-2.122766
-1.334085
-2.049508
-1.412387
-1.964755
-1.502773
-1.86944
-1.603463
-1.763577
-1.709191
-1.668818
-1.770617
-1.697404
-1.485659
-2.822945
3.840399
128.6245
-29.12616
118.1921
22.45866
-11.82676
4.600305
-6.296734
1.895409
-4.678833
0.7974343
-3.851359
0.09508753
-3.133018
-1.023034
235.5217
1.072853
-3.807574
0.1042631
-3.350142
-0.2012768
-3.114525
-0.396328
-2.946168
-0.5471821
-2.806977
-0.6767964
-2.684734
-0.7943711
-2.570026
-0.9067504
-2.459732
-1.016765
-2.348254
-1.129355
-2.234706
-1.2461
-2.113414
-1.371492
-1.983615
-1.507763
-1.839333
-1.66003
-1.678079
-1.832758
-1.491803
-2.033665
-1.274323
-2.271496
-1.01228
-2.561114
-0.6906691
-2.921968
-0.2820044
-3.388224
0.2546039
-4.013674
0.9940486
-4.90078
2.077431
-6.254342
3.817149
-8.572558
7.059262
-13.4327
15.1771
-29.9395
71.33106
159.3876
-42.60805
22.56432
-19.38876
12.43717
-13.66661
8.760561
-11.11398
6.892419
-9.696032
5.789577
-8.823386
5.089819
-8.25843
4.634775
-7.895594
4.349596
-7.678455
4.195755
-7.584728
4.15987
-7.606731
4.243857
-7.759024
4.472706
-8.077219
4.900297
-8.643929
5.648983
-9.64105
7.004249
-11.54665
9.823071
-16.06975
18.18253
-37.03622
286.6301
38.94913
-19.48287
9.159349
-9.270464
3.919917
-6.081765
1.782013
-4.559822
0.6523716
-3.693121
-0.02926946
-3.150614
-0.4654968
-2.795309
-0.7562857
-2.558701
-0.9461465
-2.407135
-1.065698
-2.318292
-1.1253
-2.284585
-1.134884
-2.300461
-1.090925
-2.372556
-0.9903235
-2.508111
-0.8129399
-2.733768
-0.5288103
-3.09434
-0.06494117
-3.698981
0.7415822
-4.817673
2.385247
-7.444293
7.244193
-19.82218
227.8312
22.37037
-13.75868
6.581629
-8.174218
3.672125
-6.380888
2.453841
-5.499156
1.787451
-4.977444
1.367271
-4.63165
1.078537
-4.386784
0.8669739
-4.20215
0.7048178
-4.058564
0.5755448
-3.940845
0.4685755
-3.843014
0.3775048
-3.75676
0.2961957
-3.679986
0.2219105
-3.606915
0.1500711
-3.535673
0.07753563
-3.460232
-0.001837492
-3.376026
-0.09383178
-3.272475
-0.2125444
-3.133142
-0.3817503
-2.919979
-0.6613257
-2.534736
-1.229468
-1.610152
-3.003414
3.297744
185.7746
-10.93053
4.219053
-6.558273
2.631087
-5.78874
2.240113
-5.624235
2.239851
-5.770689
2.54691
-6.280945
3.348432
-7.562642
5.561672
-12.07398
19.84519
66.53172
-12.94922
3.858734
-5.158381
0.6425543
-3.405282
-0.4477296
-2.675255
-0.9589386
-2.306179
-1.229355
-2.108818
-1.370491
-2.010997
-1.433414
-1.979046
-1.437944
-1.998112
-1.397746
-2.060287
-1.313303
-2.166046
-1.185934
-2.317821
-1.006981
-2.525726
-0.7664893
-2.805058
-0.4406232
-3.185773
0.007230341
-3.71944
0.6535044
-4.51561
1.658309
-5.8301
3.464078
-8.493946
7.876235
-17.60658
43.68515
48.45141
-16.98467
6.689262
-6.968556
1.572371
-3.474586
-1.312265
-0.7109616
-4.318212
2.953815
-9.329712
10.81708
-24.58985
60.04106
160.4227
-40.7272
20.78986
-16.66813
7.39632
-3.208579
-17.91609
143.2425
215.8389
-96.7135
194.4622
116.1494
-21.66825
-8.191031
168.1244
30.18043
-17.47598
8.785913
-9.65956
4.882673
-7.638943
4.058016
-7.782616
5.212685
-10.30965
10.152
-21.03212
46.50041
127.9528
-31.73322
16.08818
-14.74635
8.772598
-10.57452
6.004736
-8.52951
4.345154
-7.054459
2.909775
-5.5177
1.085121
-3.094799
-2.576382
3.530346
-19.34726
205.2128
54.34004
200.1346
7.404644
-12.57961
9.058792
-12.18958
8.499115
-11.70557
8.123657
-11.43104
7.935446
-11.31686
7.887864
-11.3299
7.955034
-11.44856
8.125546
-11.67165
8.401997
-12.00474
8.798569
-12.47277
9.347866
-13.1176
10.11031
-14.02736
11.20874
-15.37898
12.91767
-17.62175
16.02201
-22.28727
24.08557
-40.92431
177.6544
30.84914
-9.269009
-1.787537
2.516766
-8.975426
8.343706
-14.90029
15.84438
-27.32005
50.13911
158.3901
-22.7687
4.912392
-1.857166
-6.260033
7.843211
-19.57526
47.5128
64.88309
-18.73983
6.242188
-5.497065
-0.5153942
-1.004843
-3.969094
1.924271
-6.645315
4.518066
-9.289734
7.341858
-12.43817
11.00452
-16.89478
16.71737
-24.70974
28.43019
-45.19453
80.84706
162.2974
88.91696
176.5248
-64.43776
37.72113
-30.66763
21.18187
-20.59796
14.28847
-15.4423
9.931828
-10.03706
60.5343
-20.71881
25.08309
22.48615
-3.236938
-2.907654
0.2090015
-3.771156
0.253768
-3.461807
-0.2419472
-2.845467
-0.9581289
-2.021978
-1.932854
-0.7608032
-4.050842
48.67497
-1.160522
-0.4818115
-4.192322
2.164207
-7.480347
7.141304
-17.08048
131.1994
71.32983
-21.30519
9.211252
-8.734943
2.730013
-3.780029
-2.911007
9.296466
25.11676
-4.621902
44.99786
-17.97192
36.7995
-2.220688
1.035095
-4.668707
1.121349
-4.326466
0.6623421
-3.832214
0.1546111
-3.309477
-0.3942227
-2.715263
-1.069504
-1.890162
-2.186199
-0.1187572
-5.994001
25.09314
9.557348
-7.174679
2.1217
-4.740024
0.8234901
-3.900374
0.2218704
-3.441456
-0.1404324
-3.153666
-0.3639183
-2.990004
-0.4642429
-2.967257
-0.3831453
-3.199228
0.09482479
-4.139341
2.091008
-9.737232
137.874
10.04638
-8.247156
3.286891
-6.046026
2.31102
-5.594526
2.142735
-5.604458
2.276386
-5.832532
2.585448
-6.217008
3.041059
-6.744454
3.646853
-7.438182
4.439202
-8.344681
5.484326
-9.560134
6.911593
-11.25809
8.969666
-13.80969
12.22328
-18.11997
18.25065
-27.2444
33.97183
-62.27752
227.8964
111.0177
-43.49736
21.93579
-16.61198
7.746698
-7.81892
108.3912
11.39793
-25.61353
67.59391
100.0742
-3.660728
154.1971
-46.30255
29.28382
-26.83598
20.09375
-21.42714
16.65739
-19.25342
15.44592
-18.92499
16.11169
-20.98309
20.6554
-31.64913
61.58548
76.5013
-16.94391
3.140037
-1.830225
-5.063774
5.71093
-17.27631
57.58752
53.86096
-26.39462
18.97169
-26.69718
58.32845
53.72028
-18.5954
8.045502
-8.616676
3.71122
-6.241028
2.23159
-5.237045
1.505493
-4.685852
1.070498
-4.330078
0.7706909
-4.071632
0.5440369
-3.868439
0.3582573
-3.697071
0.1991978
-3.547344
0.05594921
-3.410269
-0.0752449
-3.283036
-0.2000713
-3.160774
-0.3192129
-3.043172
-0.4363708
-2.926846
-0.5513506
-2.812012
-0.6672745
-2.695572
-0.783371
-2.578576
-0.9030571
-2.457395
-1.025017
-2.33326
-1.152827
-2.202548
-1.285956
-2.065513
-1.427968
-1.918781
-1.578981
-1.761868
-1.743612
-1.589706
-1.92297
-1.401093
-2.123421
-1.188442
-2.348824
-0.94734
-2.609058
-0.665659
-2.914318
-0.3311615
-3.284756
0.08189011
-3.748693
0.6104679
-4.361401
1.331757
-5.226624
2.399405
-6.593267
4.230146
-9.209195
8.367214
-17.0128
30.54537
208.0527
-24.81437
9.838367
-8.951305
3.182608
-5.049473
0.4550133
-2.8964
-1.418102
-1.123199
-3.230255
0.8674622
-5.581955
3.874756
-9.804626
10.61454
-23.15285
56.30557
112.4601
-32.51143
16.57726
-14.86295
8.591641
-10.16245
5.413553
-7.809814
3.549591
-6.250832
2.183434
-5.00024
0.9894257
-3.813648
-0.2372913
-2.491226
-1.727207
-0.7326679
-3.913335
2.162221
-8.070166
8.866211
-21.26514
51.34259
154.293
-38.8566
20.98982
-18.75276
12.29828
-13.82159
9.098804
-11.57077
7.426636
-10.28097
6.408028
-9.465405
5.752991
-8.949966
5.379128
-8.752991
5.48819
-9.800156
91.84328
-4.949234
2.534996
-6.179607
2.786499
-6.153227
2.624132
-5.892282
2.265955
-5.413948
1.615666
-4.495067
0.2562757
-2.433048
-1.466136
236.0666
47.78266
-24.45726
15.68463
-17.30396
13.44748
-17.30789
15.21128
-21.23789
22.61224
59.24628
198.5071
193.7599
104.1427
-32.13784
130.4567
70.50671
-23.8805
12.39391
-12.89807
8.473907
-12.19737
10.73416
-20.00053
44.92816
62.6086
-20.63206
9.652313
-10.07074
5.085678
-7.570001
3.53861
-6.539052
2.814962
-6.009654
2.41433
-5.698821
2.167498
-5.496238
1.995819
-5.346413
1.860031
-5.216354
1.727417
-5.074821
1.568499
-4.884953
1.329794
-4.572306
0.9021358
-3.955121
-0.05030251
-2.340929
-3.278501
7.218678
109.8347
-18.14058
9.594132
-11.26868
7.025995
-10.0179
6.376183
-9.706287
6.2836
-9.774094
6.482666
-10.08963
6.908127
-10.62701
7.565895
-11.41879
8.507137
-12.5255
9.789104
-13.94762
11.12554
-14.11717
3.26066
251.2446
212.7029
404.2733
-63.34212
32.24894
-33.87851
259.2726
32.59427
-28.62094
31.86444
-58.00688
204.6472
123.5288
-50.37643
28.70623
-23.91224
15.79916
-16.17134
10.60095
-12.42063
7.757761
-10.18313
5.941908
-8.671757
4.657726
-7.556181
3.660664
-6.634262
2.764763
-5.679764
1.543667
-3.283149
71.40002
-8.478266
3.609421
-6.459166
2.704659
-5.898317
2.309334
-5.603527
2.087839
-5.441468
1.97691
-5.378358
1.964087
-5.420496
2.06653
-5.594084
2.331478
-5.979647
2.881519
-6.771099
4.057214
-8.618081
7.259443
-15.36784
31.88256
51.07177
-15.44095
5.892173
-6.854637
2.130229
-4.760723
0.8233185
-3.891843
0.2261481
-3.481262
-0.04671526
-3.317111
-0.1181498
-3.333045
-0.01150894
-3.540552
0.3175802
-4.029636
1.033543
-5.087958
2.653045
-7.732441
7.47402
-18.58333
52.08902
81.49493
-33.48646
24.18127
-32.86858
97.65462
31.5635
-12.56891
3.782622
-4.939957
0.3229847
-3.023564
-0.8703117
-2.219095
-1.447775
-1.778723
-1.804722
-1.47327
-2.084343
-1.194714
-2.390038
-0.821228
-2.913269
0.07183075
-5.115662
66.41753
1.737183
-3.28236
-0.7532291
-2.358168
-1.251019
-2.040415
-1.475826
-1.872412
-1.606317
-1.765861
-1.696499
-1.689415
-1.76196
-1.631245
-1.815138
-1.583233
-1.857986
-1.543133
-1.89666
-1.507061
-1.92957
-1.475548
-1.961464
-1.445068
-1.98987
-1.417152
-2.018328
-1.389248
-2.044899
-1.362799
-2.072239
-1.335484
-2.098355
-1.309118
-2.126208
-1.281083
-2.153309
-1.253497
-2.182725
-1.223577
-2.212112
-1.193196
-2.244604
-1.159721
-2.278123
-1.124546
-2.316154
-1.084436
-2.35775
-1.039533
-2.407499
-0.9852161
-2.466782
-0.9181662
-2.546028
-0.8242922
-2.659682
-0.6801271
-2.851454
-0.4129429
-3.247707
0.2275944
-4.408138
2.720469
-11.73579
59.58584
123.1938
37.368
-11.81686
3.591156
-5.328545
1.125717
-4.125885
0.4597778
-3.732086
0.2196083
-3.585804
0.1369019
-3.549454
0.1345901
-3.5732
0.1813049
-3.642365
0.2708187
-3.750677
0.4008102
-3.907115
0.5865307
-4.127869
0.8538895
-4.459676
1.276167
-5.017954
2.060692
-6.223628
4.207132
-11.43328
65.05941
7.29549
-4.897343
-0.3018198
-2.237776
-1.723742
-1.323109
-2.379314
-0.815836
-2.79572
-0.4594336
-3.110008
-0.1736078
-3.377333
0.08070183
-3.62167
0.3193035
-3.859232
0.5574303
-4.097845
0.7988415
-4.346196
1.054684
-4.609482
1.327321
-4.894776
1.626764
-5.208342
1.95684
-5.558695
2.329582
-5.954525
2.752239
-6.409561
3.242954
-6.937979
3.81439
-7.560547
4.494078
-8.300842
5.300163
-9.177021
6.238602
-10.14136
7.124878
-10.62482
5.966309
0.4326477
81.95581
-48.61942
291.0483
206.047
133.5097
185.4235
-55.75045
50.29169
237.4121
-7.090645
155.1426
90.24295
-38.36709
107.733
-24.69821
15.63123
-15.74397
10.00037
-11.647
6.793526
-9.006586
4.532216
-7.00737
2.712542
-5.303936
1.07543
-3.691858
-0.5509377
-2.008209
-2.338699
-0.06270361
-4.511984
2.436283
-7.477069
6.080132
-12.15087
12.41795
-21.43011
27.71982
-52.96803
152.8997
164.8274
-53.54136
25.08329
-13.23119
-10.98252
160.6704
74.82831
-44.80023
31.3636
-29.73825
23.21699
-24.5268
19.58414
-21.87234
17.59572
-20.36828
16.46404
-19.54058
15.89751
-19.20632
15.77928
-19.30108
16.09468
-19.85226
16.90763
-20.97286
18.40575
-22.94903
21.01497
-26.449
25.85759
-33.51274
37.21577
-56.37174
186.8146
-17.93649
102.5793
81.73122
37.59308
191.35
-57.00358
32.1276
-26.08085
17.17997
-16.99269
11.00665
-12.51144
7.607113
-9.848557
5.469353
-8.099602
4.018356
-6.882172
2.986118
-5.999323
2.22832
-5.347074
1.664515
-4.858693
1.243085
-4.498148
0.9357853
-4.23917
0.7236633
-4.073044
0.6021347
-3.996246
0.5746384
-4.02494
0.6678352
-4.195295
0.939394
-4.606842
1.550535
-5.525116
2.989643
-7.95425
7.679398
-20.11603
150.7412
27.93837
-17.43225
10.68875
-13.69797
12.22243
-22.94333
244.7914
29.59557
-14.60926
6.433434
-7.786115
3.268331
-6.053004
2.248238
-5.444473
1.905201
-5.287937
1.890671
-5.390804
2.09935
-5.701912
2.515808
-6.234589
3.185493
-7.073898
4.246437
-8.442734
6.079399
-11.05103
10.19583
-19.02763
38.23769
40.39113
-9.270779
-1.107212
1.572599
-8.334335
8.699883
-17.42518
23.2197
-48.98708
204.6893
106.6397
-46.68046
27.56912
-23.83315
16.30019
-17.04309
11.73682
-13.75769
9.255493
-11.81447
7.690659
-10.52844
6.615952
-9.616356
5.831596
-8.936119
5.237503
-8.412106
4.771164
-7.995911
4.398941
-7.660761
4.094769
-7.384674
3.844726
-7.156673
3.635372
-6.964878
3.460516
-6.80451
3.312317
-6.668248
3.188313
-6.554712
3.082893
-6.458139
2.995687
-6.379063
2.922993
-6.313286
2.86492
-6.262007
2.819216
-6.222084
2.786314
-6.195459
2.764669
-6.179428
2.755651
-6.176836
2.758068
-6.185226
2.774052
-6.208655
2.803756
-6.245409
2.84964
-6.300554
2.91353
-6.374178
2.999417
-6.473085
3.111465
-6.600311
3.257263
-6.767271
3.446426
-6.982906
3.694248
-7.268774
4.024128
-7.651627
4.473321
-8.183758
5.107906
-8.948724
6.045824
-10.11939
7.535213
-12.06295
10.15845
-15.7631
15.6917
-24.78717
32.66023
-67.1691
358.4125
624.9481
34.97733
10.2034
-16.57707
13.36108
-17.11046
14.7555
-20.48165
21.75668
-36.25397
82.41212
68.36311
9.902462
127.5657
-37.64338
21.79945
-20.00763
13.73065
-15.39263
10.82858
-13.49516
9.590294
-12.7265
9.183277
-12.62502
9.361901
-13.07765
10.10449
-14.1551
11.59544
-16.18464
14.37129
-20.0739
20.06458
-29.01745
35.93986
-65.20195
250.2816
132.2107
-51.04776
28.15755
-22.9529
14.69984
-15.06244
9.556503
-11.49154
6.981915
-9.597984
5.58593
-8.589191
4.901707
-8.199284
4.801525
-8.414658
5.400198
-9.531702
7.303104
-12.79227
13.38856
-27.01241
100.0125
128.6208
-26.39392
13.25485
-12.86925
7.558453
-10.02951
6.305452
-10.09468
8.152485
-15.99714
32.82592
161.0693
122.2086
1.039577
-14.16054
49.10786
200.6997
1.323654
2.141867
-6.062163
2.566772
-5.856847
2.327472
-5.674687
2.209412
-5.6126
2.197327
-5.647912
2.277542
-5.770245
2.444695
-5.989929
2.726089
-6.346039
3.180683
-6.940811
3.986942
-8.094284
5.798054
-11.45992
15.06367
116.7677
-8.69825
-0.04637909
-1.360985
-3.212585
0.618187
-4.735313
1.977036
-6.095848
3.476761
-7.899956
5.84185
-11.3165
11.48184
-23.0506
58.04034
64.49873
-22.02711
9.881653
-9.583801
4.088104
-6.17691
1.820557
-4.542969
0.5776367
-3.557739
-0.2327271
-2.872009
-0.8265076
-2.345825
-1.30407
-1.902916
-1.722275
-1.499416
-2.12075
-1.096596
-2.536652
-0.6584167
-3.01152
-0.1297646
-3.614742
0.5777931
-4.473112
1.658545
-5.893039
3.63001
-8.846935
8.59631
-19.13742
46.3399
74.39706
-23.49036
110.8057
-13.05945
7.273773
-9.4063
5.194506
-8.120398
4.407713
-7.697591
4.292053
-7.878235
4.798141
-8.796127
6.310741
-11.28603
10.69212
-20.40141
41.32653
139.5581
-24.6339
10.71709
-10.1394
4.625925
-6.771461
2.498352
-5.313843
1.442772
-4.519344
0.8276043
-4.030882
0.4314232
-3.705147
0.1612873
-3.477703
-0.03346062
-3.310677
-0.1766872
-3.186058
-0.286725
-3.089164
-0.3713455
-3.01395
-0.4395046
-2.953037
-0.4932346
-2.904346
-0.5382042
-2.863522
-0.5742478
-2.830581
-0.6058455
-2.801828
-0.6311893
-2.77839
-0.6541262
-2.757147
-0.6728821
-2.73945
-0.6905003
-2.722893
-0.7050705
-2.708992
-0.7193642
-2.695126
-0.7315874
-2.683331
-0.7444248
-2.670803
-0.7557449
-2.65944
-0.7683239
-2.646542
-0.7804871
-2.633712
-0.7952042
-2.617868
-0.8114834
-2.59935
-0.8333588
-2.5742
-0.8621445
-2.539454
-0.9067144
-2.483093
-0.9791274
-2.3853
-1.11717
-2.183786
-1.426991
-1.670399
-2.366153
0.3222313
-7.87735
30.01445
243.1568
36.58496
-10.0442
1.671074
-3.367599
-0.8605337
-2.115191
-1.577477
-1.666263
-1.877582
-1.45465
-2.031124
-1.341639
-2.116461
-1.275283
-2.167992
-1.236738
-2.196918
-1.213484
-2.214397
-1.202657
-2.221201
-1.198313
-2.22262
-1.200958
-2.217147
-1.207478
-2.208583
-1.219168
-2.194958
-1.233452
-2.17883
-1.252414
-2.158086
-1.273655
-2.135273
-1.299587
-2.107344
-1.328169
-2.077045
-1.361736
-2.041054
-1.398558
-2.001829
-1.441498
-1.956185
-1.488962
-1.905789
-1.543931
-1.84671
-1.605471
-1.78136
-1.67727
-1.704327
-1.758791
-1.616734
-1.854618
-1.512697
-1.966408
-1.391159
-2.10029
-1.244019
-2.261223
-1.066097
-2.460293
-0.8428421
-2.710274
-0.5598145
-3.035675
-0.1835785
-3.473892
0.3347321
-4.098045
1.099783
-5.055687
2.335607
-6.714913
4.681621
-10.29289
10.86066
-23.9343
92.57092
88.36781
-26.18141
13.21004
-12.66424
7.061026
-9.09856
4.721035
-7.442244
3.486654
-6.485373
2.72196
-5.860714
2.203011
-5.421833
1.826023
-5.095192
1.541271
-4.843945
1.316605
-4.642815
1.136604
-4.47998
0.9875793
-4.343513
0.8634872
-4.229415
0.756876
-4.130576
0.6661668
-4.046105
0.586132
-3.970901
0.5168886
-3.906097
0.4543571
-3.847008
0.3996315
-3.795517
0.349699
-3.747776
0.3054457
-3.70594
0.2645741
-3.666763
0.2282915
-3.632357
0.1944733
-3.599762
0.1644764
-3.571335
0.1361694
-3.544081
0.1111794
-3.520668
0.08774376
-3.497936
0.06728745
-3.478996
0.04852295
-3.460831
0.03248596
-3.446136
0.01777267
-3.432095
0.006296158
-3.422416
-0.003663063
-3.413461
-0.01011658
-3.409086
-0.01403809
-3.406164
-0.01397705
-3.408791
-0.01029778
-3.414308
-0.001186371
-3.426459
0.01278877
-3.442704
0.03284645
-3.465367
0.05418491
-3.481578
0.05444908
-3.427235
-0.2400341
56.97702
1.253059
-4.497108
1.170168
-4.823257
1.80114
-5.910726
3.852698
-11.03289
57.57224
8.597671
-5.831124
0.5984173
-3.161572
-0.7556505
-2.34592
-1.296507
-1.96303
-1.578716
-1.750208
-1.74318
-1.620082
-1.846875
-1.538204
-1.911989
-1.485046
-1.954702
-1.452497
-1.979362
-1.432874
-1.99416
-1.423712
-1.999089
-1.420584
-2.000158
-1.422518
-1.996526
-1.425579
-1.994093
-1.428316
-1.992563
-1.424957
-2.001759
-1.410423
-2.025738
-1.37103
-2.08556
-1.284441
-2.211472
-1.097805
-2.489502
-0.6778564
-3.147789
0.4137502
-5.108908
4.450054
-16.09107
94.64661
48.00874
-40.54163
111.8056
31.0828
-12.24514
3.484264
-4.632072
-0.02317524
-2.619153
-1.34832
-1.655823
-2.10558
-1.01966
-2.67071
-0.4969301
-3.166629
-0.02139187
-3.609893
0.3154883
-3.439938
119.5656
-7.199224
3.764421
-7.77951
5.300282
-10.06992
8.614956
-15.09791
17.06138
-32.39492
77.50027
148.0289
-41.11694
21.26075
-18.04934
11.03727
-12.20196
7.228069
-9.513666
5.224442
-7.958302
3.978261
-6.935457
3.123134
-6.208648
2.496689
-5.663528
2.019806
-5.245148
1.65139
-4.923283
1.376728
-4.698669
1.208374
-4.6026
1.217094
-4.776192
1.678429
-5.817337
4.144211
-13.39292
138.428
20.79133
-17.90375
17.43867
-36.0161
238.8986
67.00758
-46.38924
61.20614
78.06622
127.001
18.33665
-12.58028
6.006622
-7.958015
3.794846
-6.861214
3.324324
-6.796837
3.561047
-7.28574
4.283028
-8.24588
5.509632
-9.792267
7.459267
-12.27731
10.69894
-16.64812
16.89875
-26.13937
33.4153
-63.50513
353.8285
179.016
-55.50636
30.12758
-23.71675
14.33702
-13.30859
5.787578
-4.174721
86.76667
31.50471
81.08595
-32.10527
19.64798
-19.09693
13.35247
-15.20764
10.63955
-13.17061
9.033318
-11.86255
7.941597
-10.93241
7.135696
-10.22677
6.512569
-9.670078
6.010651
-9.215942
5.598328
-8.838341
5.250019
-8.516815
4.953327
-8.241026
4.694672
-7.998974
4.468838
-7.786388
4.267166
-7.595688
4.087679
-7.425063
3.923963
-7.268789
3.775781
-7.126697
3.637776
-6.993724
3.510843
-6.870718
3.389553
-6.752535
3.275261
-6.640546
3.163395
-6.529521
3.054259
-6.420301
2.94313
-6.307648
2.829684
-6.191681
2.709501
-6.068502
2.587086
-5.952778
2.49585
-5.947998
2.804573
-7.809998
69.34098
15.2035
69.98927
-14.64438
6.951902
-8.902825
4.753759
-7.742034
4.033726
-7.249989
3.675491
-6.975291
3.455383
-6.794856
3.30511
-6.666649
3.192486
-6.567194
3.105072
-6.488772
3.032993
-6.422681
2.973461
-6.367865
2.921354
-6.319058
2.876877
-6.277521
2.836445
-6.238976
2.800999
-6.20546
2.767822
-6.17334
2.738251
-6.145096
2.709637
-6.117147
2.683716
-6.091921
2.657562
-6.065857
2.633319
-6.041995
2.60775
-6.016085
2.582753
-5.990866
2.55554
-5.962189
2.526924
-5.932475
2.494151
-5.897243
2.457522
-5.857633
2.413002
-5.808201
2.359365
-5.748507
2.290285
-5.669403
2.20074
-5.565683
2.077542
-5.419181
1.903203
-5.207052
1.639305
-4.8738
1.210694
-4.304773
0.4242668
-3.164339
-1.35167
-0.05514455
-8.130039
28.16775
43.07848
-20.5145
12.23255
-13.76661
9.520393
-12.72516
9.6717
-14.49413
16.33516
132.7375
-3.919955
-3.861851
1.915161
-6.066092
3.079481
-6.792801
3.587528
-7.178947
3.900549
-7.448312
4.145978
-7.680634
4.371789
-7.907069
4.60588
-8.152599
4.865567
-8.431645
5.171424
-8.769424
5.545349
-9.189358
6.024586
-9.74185
6.667263
-10.50212
7.585777
-11.63353
9.0103
-13.47029
11.34853
124.1055
20.02957
-33.54431
76.48885
100.2793
-29.96327
16.82245
132.9235
-3.275601
-0.9698048
-2.890503
0.05691814
-4.062449
1.203326
-5.175886
2.316494
-6.336878
3.592099
-7.830374
5.484133
-10.48531
9.817183
-19.83854
62.18565
24.07112
-9.719847
1.663926
-2.84715
-1.967363
-0.4448514
-3.791525
1.087477
-5.186435
2.442852
-6.572413
3.89481
-7.963499
3.815983
63.13712
75.27243
42.27012
-10.15355
-1.539526
3.747385
-14.96796
36.84309
97.76417
-25.91678
12.42598
-11.75573
6.083093
-8.069148
3.654844
-6.351161
2.382657
-5.382381
1.63612
-4.809093
1.203246
-4.497012
1.004654
-4.413467
1.047136
-4.610395
1.464123
-5.397797
3.044022
-9.635681
87.66833
8.659555
87.5414
-7.658692
3.829422
-8.650032
8.337265
-19.40662
55.96378
55.46539
-22.57821
11.82621
-12.23449
7.342353
-10.1705
7.041525
-12.58412
20.45108
65.70341
-23.77657
38.28114
51.41953
-17.99792
8.722311
-9.841753
5.170963
-7.7352
3.545968
-5.966752
0.4826355
4.386803
78.93077
-32.93419
65.2358
23.55981
-7.212799
-0.4933472
-1.169518
-3.174089
0.3091412
-4.095734
0.9317989
-4.543839
1.271709
-4.811604
1.489014
-4.994476
1.648788
-5.136917
1.776972
-5.255959
1.891007
-5.366266
1.997495
-5.47156
2.104331
-5.579772
2.213746
-5.692128
2.331574
-5.815433
2.459849
-5.950516
2.604692
-6.105653
2.769902
-6.283557
2.964687
-6.496889
3.197386
-6.754029
3.485834
-7.079576
3.854625
-7.502298
4.347795
-8.084948
5.046841
-8.943625
6.132706
-10.36537
8.083662
-13.23847
12.81641
-22.88798
50.55246
34.85422
-0.6672988
72.54152
-14.24919
5.003866
-5.877213
0.9574757
-3.368973
-0.7901058
-2.059814
-1.820658
-1.218369
-2.530548
-0.6013031
-3.079573
-0.1029048
-3.542978
0.3392947
-3.973374
0.7665167
-4.408735
1.22364
-4.901535
1.770836
-5.535217
2.54348
-6.540195
3.985655
-9.009289
10.38415
49.59723
-3.781307
-3.214798
1.644135
-6.76506
5.620308
-13.36979
24.98226
77.83541
-16.5878
6.025482
-6.65864
1.734136
-4.206312
0.1263952
-3.059702
-0.738184
-2.382365
-1.285352
-1.928072
-1.669092
-1.600222
-1.953333
-1.349808
-2.175446
-1.152676
-2.351898
-0.9920197
-2.498436
-0.8599949
-2.618723
-0.7485771
-2.721737
-0.6550159
-2.807447
-0.5749407
-2.881523
-0.5078239
-2.942582
-0.4507818
-2.994932
-0.4047623
-3.035572
-0.3676453
-3.0681
-0.3416138
-3.088272
-0.3259287
-3.098377
-0.3237019
-3.092712
-0.3361664
-3.071014
-0.3698654
-3.024323
-0.4306641
-2.945313
-0.5338483
-2.812639
-0.7025757
-2.595112
-0.9891869
-2.212351
-1.512657
-1.465823
-2.644394
0.4127151
-6.317466
11.01112
136.5067
-17.16992
7.810609
-9.159832
4.709058
-7.533628
3.741347
-6.923898
3.35174
-6.68619
3.230563
-6.661602
3.292088
-6.809695
3.537969
-7.171422
4.047291
-7.888678
5.083581
-9.460054
7.684668
-14.54901
22.63054
131.7526
-14.99808
4.016118
-4.696624
-0.1407795
-2.414915
-1.592151
-1.403708
-2.34139
-0.8232784
-2.808407
-0.4339428
-3.141956
-0.1420746
-3.404404
0.1018333
-3.636917
0.327713
-3.863098
0.5634384
-4.116425
0.8433037
-4.438364
1.23204
-4.930008
1.889231
-5.879478
3.42301
-8.862827
12.44799
49.4555
-8.74951
1.43796
-3.412317
-0.7584262
-2.208759
-1.510284
-1.706036
-1.859306
-1.459244
-2.030392
-1.34926
-2.089844
-1.333778
-2.062321
-1.407722
-1.938286
-1.587729
