0.6215524
0.4714699
0.4711477
0.4703714
0.4699008
0.381921
0.3819208
0.3819193
0.381919
0.3819185
0.381918
0.3818933
0.3809896
0.3800366
0.3735863
0.2958809
0.2957246
0.2954392
0.2574842
0.2532854
0.2526459
0.2479974
0.2477965
0.1812829
0.1760364
0.2044176
0.2041611
0.162005
0.1619316
0.154699
0.1546686
0.1932499
0.1930735
0.1538136
0.1227212
0.1227042
0.1533649
0.1533053
0.1531805
0.1177549
0.1176887
0.1470701
0.1469993
0.1171159
0.1463096
0.1169906
0.1167641
0.1167262
0.1162818
0.1161607
0.090019
0.1124639
0.1124623
0.08995818
0.1119041
0.1118632
0.08898745
0.1111766
0.1110617
0.08874947
0.08821168
0.08807918
0.08630259
0.0862099
0.08539235
0.08528857
0.06779757
0.08470583
0.0677519
0.06529958
0.06525265
0.07929983
0.07928438
0.1510082
0.1509299
0.1508843
0.1507305
0.1201859
0.0614031
0.07672358
0.06128369
0.116725
0.05952949
0.05951884
0.05874093
0.05874085
0.04637427
0.05794758
0.04569055
0.05709354
0.04566422
0.0570464
0.1106346
0.1106346
0.1106326
0.1105822
0.08812623
0.04447663
0.0444439
0.04419991
0.03448978
0.03448087
0.06685565
0.03366968
0.0817957
0.08176459
0.1002043
0.1001583
0.07987931
0.07981455
0.09803933
0.07816555
0.07816035
0.07665592
0.06115172
0.06114754
0.07533345
0.0602586
0.06007898
0.05994679
0.04777791
0.04775658
0.07389267
0.0738915
0.05893521
0.04687855
0.02994028
0.02993666
0.05792133
0.05789607
0.04621946
0.04561599
0.04540504
0.04539223
0.02898986
0.03620132
0.02311467
0.02311335
0.0355892
0.03557715
0.08604827
0.08602768
0.06865847
0.06774586
0.05405921
0.03458453
0.034298
0.03428343
0.05336706
0.05336185
0.08334762
0.05327341
0.0832079
0.05322069
0.06651431
0.0340196
0.06568334
0.06557674
0.05242164
0.05178934
0.05170385
0.05159106
0.05156733
0.03293238
0.02625269
0.02625095
0.04069615
0.04057898
0.04012762
0.04012317
0.0316775
0.03129717
0.03129358
0.0160201
0.03907439
0.02488775
0.0248771
0.03108399
0.0245586
0.019427
0.01941296
0.03031726
0.01919387
0.01912241
0.01912007
0.01525038
0.01901977
0.01901444
0.01868538
0.01868122
0.05696043
0.07119051
0.07116628
0.05690882
0.04548657
0.05685037
0.05682802
0.0146664
0.01465497
0.0444981
0.04448709
0.01162009
0.04411886
0.04411127
0.0280982
0.02809205
0.03492524
0.0349249
0.03482988
0.03482461
0.01777697
0.05402418
0.05401313
0.04320922
0.05400446
0.04314998
0.04313881
0.02759183
0.02758036
0.02752786
0.04274694
0.03419408
0.03418674
0.01396946
0.05293656
0.04228364
0.05242865
0.05241823
0.04190433
0.02144473
0.04187916
0.02678245
0.02677166
0.04182816
0.01370174
0.01368232
0.03324761
0.03323022
0.04151052
0.02123243
0.0331654
0.03316149
0.0212155
0.03294024
0.03293031
0.04115796
0.04115542
0.04114658
0.03286023
0.03281902
0.01067945
0.02600544
0.01661227
0.01660837
0.04044937
0.04044221
0.03231308
0.04009445
0.03204832
0.04004871
0.01639837
0.01639097
0.03978285
0.02544587
0.02543114
0.03177287
0.02538855
0.02538713
0.02523032
0.02014389
0.0251742
0.02516593
0.0314276
0.02010668
0.01605587
0.02006777
0.02005493
0.01994026
0.0157946
0.01579288
0.01964956
0.0125407
0.01253861
0.01253608
0.0194947
0.0194946
0.01234383
0.0122711
0.01227007
0.009804328
0.01530471
0.01497125
0.01496541
0.02917031
0.02312811
0.03591598
0.02853608
0.02265141
0.009252218
0.009190277
0.02238508
0.0279463
0.009156354
0.02234585
0.02233228
0.01782622
0.0277745
0.02776633
0.0220936
0.02205585
0.01127838
0.0274457
0.02743792
0.01117491
0.01117379
0.01731947
0.03366025
0.0137727
0.01720617
0.01720031
0.01372818
0.01096906
0.01096035
0.02645041
0.01688176
0.02102401
0.01073405
0.01673385
0.01673263
0.01336624
0.02088074
0.01336323
0.02087644
0.0106848
0.0106839
0.01066927
0.01327522
0.04037019
0.04036101
0.02066391
0.03226705
0.03224133
0.008425669
0.008394488
0.01306748
0.01305824
0.00833269
0.01289248
0.01289047
0.008212703
0.008155733
0.03110116
0.03109677
0.03108959
0.02486018
0.01018159
0.02485088
0.01017504
0.03092774
0.02472172
0.01969478
0.01968814
0.02460253
0.01956794
0.01563907
0.01563848
0.007977964
0.01556046
0.01556019
0.02401584
0.0240157
0.02401372
0.02401344
0.02401153
0.0153457
0.01534097
0.01911048
0.01910989
0.01219142
0.01219038
0.0190186
0.01901565
0.01520477
0.01520335
0.0151513
0.01209483
0.01203808
0.01203413
0.009605248
0.009604955
0.01856647
0.01856467
0.009401791
0.009401145
0.007433699
0.007424669
0.01440934
0.01440359
0.01437006
0.02242177
0.01786596
0.01785415
0.01428321
0.01427672
0.01784269
0.02779558
0.01423089
0.01423017
0.01137191
0.01136952
0.00902463
0.009022603
0.007148274
0.01743088
0.01735982
0.01735192
0.01734449
0.00886196
0.01105672
0.01105482
0.01380766
0.01101497
0.01101239
0.01100333
0.008792421
0.008789273
0.00877801
0.00877517
0.008718146
0.008715604
0.006948214
0.01084596
0.01681922
0.00858718
0.00858713
0.006844559
0.008527597
0.01657256
0.01657069
0.006778712
0.01057668
0.01317151
0.008333561
0.008298996
0.008296261
0.006610518
0.008218935
0.02501309
0.02501124
0.02500856
0.01999965
0.01999789
0.01955187
0.01563341
0.01948879
0.01948786
0.01558618
0.01558302
0.0155802
0.01943219
0.01943164
0.01942967
0.01553786
0.009939176
0.01239439
0.01238397
0.01238388
0.009901107
0.009899492
0.007851507
0.009814002
0.007847554
0.007846876
0.00784454
0.009788981
0.009787615
0.009756311
0.0121614
0.01512034
0.01511957
0.00619163
0.01208996
0.01208723
0.009667874
0.009646494
0.006172939
0.009644738
0.009638793
0.007706609
0.007706196
0.01201479
0.007619823
0.00607034
0.009473034
0.009471709
0.01177385
0.01177378
0.01177202
0.01463408
0.01463289
0.01170197
0.01170088
0.005974203
0.01455171
0.01454961
0.009306952
0.009302394
0.01160572
0.01160492
0.007420792
0.007418714
0.007379806
0.009111149
0.007271843
0.01420038
0.01419625
0.005722343
0.008912742
0.008739385
0.008737383
0.005513251
0.01072015
0.01071867
0.00674822
0.008434859
0.00843465
0.006733719
0.005369559
0.01632825
0.01632598
0.01303033
0.005312996
0.005280938
0.00527786
0.01026414
0.01026313
0.008195695
0.008173262
0.008172212
0.006535883
0.006534793
0.01275292
0.0101989
0.006521817
0.006521741
0.006499057
0.006498931
0.006486067
0.006482755
0.006482651
0.005170436
0.008041129
0.008040691
0.00803904
0.006407037
0.006406525
0.005122408
0.006393771
0.006391414
0.005110164
0.00509963
0.007827524
0.007824974
0.007813027
0.007809736
0.006239657
0.006236408
0.004969591
0.006120485
0.006120207
0.004888266
0.00763611
0.007494678
0.005973253
0.005973031
0.007455781
0.004754882
0.005838308
0.004608603
0.005733468
0.01103245
0.01103126
0.008823688
0.005630061
0.006969771
0.006969183
0.004455242
0.006959529
0.005557714
0.005557099
0.008648583
0.008647387
0.004425463
0.006845239
0.0068445
0.005474825
0.005458852
0.006786081
0.004314692
0.005384856
0.004295388
0.004294837
0.004289533
0.008135602
0.007638758
0.006060058
0.004847127
0.00605287
0.003869388
0.004836013
0.003868178
0.003863612
