57.56258,
-52.40926,
58.17367,
-53.02029,
58.77608,
-53.63538,
59.41337,
-54.27181,
60.04231,
-54.91239,
60.70516,
-55.57612,
61.36005,
-56.24628,
62.05428,
-56.93964,
62.73343,
-57.63626,
63.45663,
-58.3595,
64.17284,
-59.08899,
64.92558,
-59.84786,
65.67755,
-60.61301,
66.46764,
-61.40446,
67.2532,
-62.20688,
68.08295,
-63.03611,
68.90273,
-63.87612,
69.77025,
-64.74699,
70.63525,
-65.62982,
71.54687,
-66.54479,
72.45699,
-67.4715,
73.41288,
-68.43288,
74.3692,
-69.41045,
75.37778,
-70.42365,
76.38039,
-71.44997,
77.44174,
-72.51665,
78.5055,
-73.60127,
79.62212,
-74.73103,
80.74949,
-75.87817,
81.93196,
-77.06854,
83.12196,
-78.28505,
84.37633,
-79.54536,
85.63359,
-80.83342,
86.96021,
-82.17174,
88.29996,
-83.54076,
89.7102,
-84.96313,
91.13704,
-86.41832,
92.63482,
-87.93301,
94.15324,
-89.48707,
95.75547,
-91.10426,
97.37164,
-92.75958,
99.07957,
-94.48722,
100.8172,
-96.26303,
102.6418,
-98.11639,
104.5114,
-100.0255,
106.4758,
-102.0154,
108.4823,
-104.0706,
110.6005,
-106.2151,
112.7608,
-108.4317,
115.0442,
-110.7515,
117.3885,
-113.1537,
119.8645,
-115.6705,
122.4127,
-118.2796,
125.102,
-121.0171,
127.8765,
-123.8678,
130.8182,
-126.8622,
133.8487,
-129.9806,
137.0706,
-133.2666,
140.4131,
-136.6998,
143.9551,
-140.3294,
147.6578,
-144.1359,
151.5874,
-148.16,
155.6978,
-152.3977,
160.0855,
-156.8933,
164.6801,
-161.642,
169.6025,
-166.7021,
174.7927,
-172.0729,
180.3701,
-177.8176,
186.28,
-183.9424,
192.6518,
-190.5303,
199.4492,
-197.6032,
206.8307,
-205.2529,
214.7454,
-213.5194,
223.4018,
-222.5331,
232.7882,
-232.3652,
243.1162,
-243.1953,
254.466,
-255.1515,
267.1049,
-268.4756,
281.1678,
-283.4145,
297.0987,
-300.3568,
315.1555,
-319.751,
336.067,
-342.3035,
360.4728,
-368.9222,
389.6825,
-401.0543,
425.2634,
-440.8489,
470.1964,
-491.9864,
529.0917,
-560.9429,
611.2785,
-660.8061,
735.9572,
-822.2604,
955.0662,
-1139.597,
1463.794,
-2113.854,
4300.567,
22181.02,
-2652.174,
1271.519,
-751.5448,
483.3065,
-304.0892,
186.1756,
-85.82039,
13.44149,
59.29507,
-114.8419,
178.01,
-229.4031,
292.9988,
-349.3203,
422.9327,
-495.6605,
594.8204,
-707.4811,
871.5208,
-1097.537,
1486.835,
-2276.773,
5123.267,
14654.35,
-2672.703,
1290.211,
-656.4251,
73.27588,
15570.42,
1023.555,
-572.7864,
378.4311,
-238.8016,
137.5468,
-38.35556,
-44.63524,
138.4281,
-225.7986,
333.4888,
-445.9841,
594.1443,
-771.1013,
1025.788,
-1393.454,
2044.297,
-3529.558,
13554.77,
3915.58,
2460.405,
11311.22,
-3810.109,
2539.98,
-1964.646,
1638.689,
-1414.607,
1265.137,
-1145.146,
1064.147,
-993.6874,
952.5371,
-918.9905,
919.3976,
-946.5464,
1069.261,
-1492.147,
11167.19,
961.9852,
-411.5062,
433.3716,
-915.4183,
10084.57,
1992.724,
-1149.811,
911.9673,
-795.2097,
740.363,
-700.3731,
687.4458,
-675.6061,
685.4912,
-695.7878,
731.0535,
-775.2206,
862.1457,
-996.7776,
1274.783,
-1970.501,
6979.235,
3021.884,
-1043.514,
562.0446,
-340.476,
226.523,
-147.2637,
104.0599,
-65.44517,
48.02123,
-26.99969,
22.37799,
-11.26688,
14.79654,
-10.76636,
20.84497,
-23.33426,
40.29948,
-50.43681,
76.39586,
-97.63681,
137.9638,
-178.6211,
246.4778,
-328.4676,
462.9667,
-663.2694,
1041.208,
-1894.042,
5791.767,
8620.137,
-2848.891,
1855.708,
-1447.931,
1246.011,
-1123.559,
1064.271,
-1030.468,
1038.499,
-1068.327,
1152.471,
-1297.275,
1604.295,
-2364.894,
7104.718,
3820.32,
-1143.069,
527.071,
-242.0999,
84.6106,
32.09792,
-112.5981,
192.2251,
-258.0291,
339.4584,
-423.9053,
547.8426,
-718.7363,
1033.019,
-1743.205,
5420.574,
5074.99,
-1746.053,
1071.794,
-778.5792,
630.1464,
-534.6825,
488.1346,
-458.8067,
467.0783,
-498.7571,
601.8589,
-847.9329,
1857.868,
5765.875,
-1181.903,
767.9683,
-724.9122,
1112.555,
7527.572,
-637.6157,
328.7252,
-229.1198,
199.5242,
-185.0483,
198.0889,
-215.0661,
261.2578,
-325.2912,
457.2968,
-729.853,
1765.085,
5473.222,
-1128.174,
651.2944,
-459.0197,
363.559,
-292.8611,
250.2339,
-204.8673,
172.7913,
-126.8358,
81.24426,
1.480632,
-146.6073,
638.6703,
5882.902,
-938.3494,
624.3093,
-502.6477,
447.2968,
-402.7328,
377.3383,
-339.7752,
298.3071,
-197.579,
-71.28845,
1774.314,
4269.782,
-3034.34,
6183.162,
5088.384,
-1298.11,
606.3525,
-317.3601,
170.3025,
-68.82892,
6.662552,
50.99159,
-89.64903,
135.9277,
-172.7392,
228.9272,
-300.7064,
497.5146,
6519.145,
-83.91216,
-85.57269,
174.6445,
-235.675,
310.3483,
-391.7541,
527.713,
-773.0417,
1596.326,
6016.928,
-775.7955,
298.8018,
-84.58791,
-51.47993,
185.9685,
-331.8869,
568.3872,
-1087.412,
6141.898,
1285.078,
-225.8792,
-465.6721,
3050.458,
3355.363,
-1450.808,
1036.38,
-854.0204,
777.8586,
-752.4606,
807.1929,
-994.1988,
1861.615,
4197.324,
-715.8503,
356.3373,
-242.382,
227.3449,
-261.9811,
389.8639,
-711.6102,
2240.13,
3953.095,
-1348.76,
947.3041,
-800.2264,
756.8578,
-755.8091,
812.8971,
-921.6223,
1158.495,
-1709.142,
4468.214,
2823.571,
2101.146,
2092.466,
-1137.229,
923.7233,
-1041.856,
7573.777,
477.0103,
-141.1891,
68.62042,
-39.02052,
39.67598,
-39.21581,
58.61323,
-85.60927,
213.1481,
5932.558,
-815.1004,
4073.931,
4419.045,
3888.54,
-629.1259,
258.5123,
-117.2737,
48.31805,
13.58249,
-75.34093,
300.3633,
6120.009,
7071.024,
-127.2293,
418.4764,
-786.4035,
4141.768,
1096.434,
-367.3812,
103.902,
140.5911,
-550.3091,
2484.584,
3097.6,
-1287.915,
944.1914,
-814.0168,
786.7239,
-818.1014,
957.7604,
-1342.051,
5224.827,
2901.775,
-488.4276,
-83.4025,
1074.071,
3099.043,
-931.9894,
613.5107,
-472.3074,
393.7256,
-299.6242,
98.35022,
1327.179,
3274.197,
-2733.729,
6382.317,
4899.062,
2832.101,
2950.757,
-1499.04,
1081.268,
-881.392,
804.1981,
-871.3248,
3852.68,
2828.182,
2981.872,
-1997.252,
4231.024,
797.5146,
1519.909,
3390.25,
733.4799,
-860.4445,
2107.556,
1717.865,
1327.855,
2494.684,
-1089.407,
783.9355,
-651.5414,
604.2634,
-588.434,
585.6526,
1910.789,
3164.695,
1818.019,
2166.702,
1348.055,
-653.3651,
469.6545,
-468.2316,
1868.322,
2240.096,
2189.768,
-642.9221,
414.7948,
-317.7109,
274.1888,
-238.0889,
222.3069,
-200.9163,
193.2512,
-175.5226,
167.1906,
-142.5094,
114.3712,
-34.76134,
-193.161,
3040.389,
1537.59,
-1227.515,
1815.156,
3766.978,
-124.306,
-472.4808,
2069.457,
1662.271,
-502.5447,
194.7004,
32.49603,
-336.9488,
1421.858,
3205.597,
-1042.789,
711.7284,
-573.8992,
514.9343,
-478.9167,
476.2478,
-482.1092,
521.0211,
-581.7563,
716.9044,
-1017.348,
2444.591,
5128.9,
-574.2261,
200.5007,
-8.739615,
-128.9621,
293.1448,
-549.0217,
1463.514,
1212.332,
915.6573,
2481.591,
-887.9127,
579.2474,
-427.1414,
342.7922,
-273.4047,
228.047,
-178.2341,
141.087,
-90.48909,
42.60109,
34.40372,
-143.259,
403.4065,
3002.661,
2632.236,
1484.011,
-713.2847,
460.989,
-243.171,
-155.8932,
8659.703,
2040.132,
-1597.016,
3106.884,
372.3035,
319.7188,
-558.8319,
965.2457,
2838.287,
3381.666,
-175.4572,
357.9104,
-509.7049,
710.8529,
1006.271,
13070.3,
3939.992,
-1503.643,
3499.79,
-449.1815,
482.7389,
-597.6978,
1587.592,
6678.273,
5379.432,
-292.3024,
203.6731,
-174.0427,
179.31,
-189.3025,
227.2592,
-280.2159,
395.4262,
-640.0814,
1646.937,
10035.73,
470.2947,
-412.5577,
3937.869,
1476.071,
-619.1243,
208.9247,
1440.211,
1697.168,
1313.394,
1378.951,
-1342.71,
1574.376,
-2293.481,
8537.059,
3184.942,
-572.3103,
2864.022,
-330.4675,
3164.089,
952.9519,
4846.343,
-1063.623,
2177.678,
456.4404,
-250.5797,
1542.657,
2654.511,
-79.24574,
137.0074,
-150.181,
201.5508,
-345.7324,
1528.078,
993.5292,
-520.5792,
468.4789,
-525.4075,
812.3173,
846.8691,
1490.444,
1534.963,
-503.6349,
267.2601,
-125.0058,
-26.9312,
1344.746,
429.7492,
-234.0586,
2129.691,
-147.4915,
127.0298,
-107.2283,
112.7751,
-157.7245,
1212.367,
2253.359,
108.3398,
97.19127,
-323.0854,
1878.585,
1059.443,
873.9638,
712.866,
-839.1979,
3372.204,
3117.745,
-258.8824,
130.4583,
-69.07768,
45.49773,
-23.22871,
18.47374,
-6.918159,
9.286883,
-3.69901,
13.23404,
-21.11073,
76.83932,
1899.341,
-131.7925,
95.6547,
-79.40642,
82.66755,
-79.17584,
89.46208,
-91.46223,
107.2041,
-115.5171,
139.3933,
-159.0981,
200.179,
-248.318,
342.9905,
-517.9446,
1135.854,
2197.667,
1371.471,
303.2027,
1084.216,
1070.303,
-508.8056,
234.2707,
1529.998,
1190.748,
-1081.099,
2265.855,
2793.003,
1560.029,
-442.7881,
440.1638,
-617.3912,
2071.222,
2388.065,
809.1351,
924.0139,
1124.273,
2787.335,
-900.4511,
1290.989,
1594.917,
-368.5215,
202.2919,
-120.0659,
29.89363,
1995.058,
383.9617,
-290.1483,
282.8309,
-291.8666,
340.4199,
-441.5354,
5238.589,
2834.798,
115.4158,
-162.2106,
236.3425,
-323.5896,
520.9733,
1227.971,
1924.531,
-344.3907,
2034.504,
1182.73,
240.2182,
3205.779,
-897.3067,
694.7568,
1504.781,
763.9298,
701.3217,
1304.607,
1915.407,
-263.9336,
68.76874,
1634.116,
95.35811,
-28.81414,
-0.2765828,
38.72059,
-84.69482,
1825.908,
2108.093,
-96.28094,
12.12988,
52.44328,
-53.77299,
4942.036,
2802.218,
-678.1492,
457.6846,
-372.8936,
349.429,
-354.4853,
2378.751,
-260.1344,
325.3422,
-397.6523,
632.5982,
2028.48,
2567.344,
659.7161,
-93.26591,
-136.4627,
591.7806,
1374.646,
-208.7589,
3489.564,
-194.9259,
123.7696,
-68.8069,
31.45254,
24.17877,
-106.8112,
438.1332,
1177.858,
1542.05,
1489.158,
43.5188,
48.36747,
-63.52695,
82.17611,
-91.58089,
1766.516,
-305.8316,
1348.979,
630.066,
-286.9172,
213.2287,
-179.0958,
177.3608,
-184.3462,
287.1628,
2701.801,
3834.402,
349.1914,
54.01216,
-159.5298,
289.8247,
1161.584,
1515.866,
928.6252,
-412.8138,
512.0506,
3682.574,
2600.505,
-228.8142,
-29.18278,
519.5618,
3157.529,
-335.2995,
4971.69,
685.5922,
-195.1598,
82.03123,
-22.55487,
-11.95073,
69.31897,
-184.0146,
869.9809,
2243.183,
275.5013,
1263.805,
639.0674,
-282.6948,
1295.164,
1240.197,
100.7195,
-163.0988,
509.2401,
1833.255,
-548.7315,
457.8708,
-528.4635,
1703.272,
27.98991,
1799.313,
2019.477,
59.99928,
-348.78,
2528.466,
599.496,
-211.4439,
69.89955,
61.68914,
-262.7666,
2223.337,
2072.213,
-735.7068,
578.8586,
-633.6838,
1962.611,
281.231,
875.7802,
533.9902,
-418.2646,
820.6488,
2164.504,
-520.9824,
377.055,
-396.6219,
1027.933,
592.1379,
1192.685,
972.9821,
-7.44154,
-40.22873,
71.25589,
-88.7522,
122.6709,
-160.1683,
243.1784,
-420.9218,
1330.858,
1572.118,
-559.4991,
381.6881,
-311.7803,
301.9841,
-331.1508,
580.0677,
364.1042,
21.51776,
-97.46364,
163.6013,
-247.913,
2561.127,
2516.508,
-182.221,
16.19492,
288.2104,
913.0175,
1507.915,
73.36676,
-114.2717,
249.1898,
1922.717,
975.0066,
2162.322,
703.5264,
-372.772,
633.5768,
1132.118,
-209.2665,
10.59578,
1062.296,
634.1257,
-499.9315,
1230.528,
157.4646,
45.96532,
-94.26434,
129.8452,
-149.6503,
182.522,
-212.7747,
273.6953,
-381.5392,
879.4279,
1467.975,
734.7495,
1675.188,
834.5377,
-789.0771,
4819.165,
2122.208,
-525.5566,
1304.661,
27.92901,
-84.29126,
1769.21,
363.897,
-90.3765,
-42.34233,
493.1508,
846.3992,
1330.387,
291.618,
-28.77914,
-147.5211,
1858.785,
233.6483,
551.7874,
359.4793,
849.9987,
717.5154,
-431.4778,
352.04,
-307.662,
297.4984,
-299.1132,
365.2234,
741.9844,
1063.534,
179.3674,
-69.75478,
386.1513,
2366.315,
70.57475,
21.30162,
-18.72514,
-17.80796,
322.9633,
573.349,
-351.9326,
1319.11,
785.171,
851.0425,
-66.09137,
139.3822,
-241.4839,
1896.506,
210.6356,
-46.21345,
-4.979673,
52.27741,
-103.8876,
298.412,
538.2952,
-127.4516,
67.07128,
-30.32657,
11.79959,
23.64614,
-87.15249,
617.5828,
1253.183,
64.92799,
53.54832,
-79.01244,
120.4449,
-196.519,
749.0497,
237.2445,
114.7887,
818.6388,
-111.8524,
1857.79,
-469.4491,
480.5756,
256.0628,
1708.068,
770.1715,
-209.3576,
-0.8022549,
627.114,
1823.633,
1272.625,
307.553,
-265.4797,
474.7003,
1073.596,
-169.4004,
76.43187,
-33.69727,
21.94204,
1566.458,
70.36813,
-26.14992,
19.44722,
-7.201838,
7.867292,
1.440455,
0.607994,
8.109239,
-5.986614,
15.02964,
-13.63833,
23.94403,
-24.59244,
38.20318,
-44.56123,
69.28304,
-102.6141,
239.7653,
705.5433,
-94.39149,
-5.346808,
265.0869,
565.5094,
-340.5984,
844.5329,
1018.605,
179.2763,
138.8428,
1562.565,
-215.5635,
151.632,
-133.865,
163.6148,
1108.522,
106.1932,
-223.2096,
839.6722,
722.0293,
301.6337,
285.9431,
-306.1059,
695.2823,
893.0193,
318.7134,
-323.4846,
832.1448,
1091.375,
-288.039,
105.2068,
990.403,
1527.493,
-196.9465,
200.8193,
-238.0744,
461.016,
2058.407,
-326.0155,
240.0733,
-268.6758,
528.5933,
1514.374,
746.0554,
34.20573,
389.7484,
1134.637,
-555.2653,
889.915,
83.03928,
356.0554,
1147.486,
1285.155,
683.4434,
1478,
964.9483,
1375.61,
1544.065,
248.13,
704.3513,
-102.6754,
938.029,
322.4347,
443.5071,
-169.1071,
1227.12,
403.6553,
-11.78967,
-79.04221,
268.4925,
647.6844,
-142.6263,
74.23396,
-29.3604,
-6.943572,
112.1045,
911.5093,
214.2936,
2302.4,
484.6998,
666.0285,
-285.1692,
869.5303,
696.6935,
-116.9354,
82.99792,
-117.1761,
526.4072,
2361.105,
-42.52227,
140.6452,
-195.7885,
473.3015,
1522.326,
-38.68136,
8.538723,
21.25599,
-36.63094,
67.23074,
-107.3146,
286.0089,
449.0205,
-105.4176,
53.50644,
-20.43177,
4.96761,
24.52052,
-64.21859,
271.3334,
486.132,
-233.6737,
369.7468,
791.3212,
-250.8585,
414.2933,
751.9306,
988.7752,
1044.225,
-302.5099,
244.3602,
-280.2563,
894.8669,
202.2228,
-13.76069,
-65.69444,
295.369,
422.4304,
423.527,
118.5515,
-83.85733,
77.19668,
-67.74933,
76.47428,
-86.89353,
156.5434,
1244.144,
-89.31578,
47.95572,
-29.53222,
32.58475,
-31.95786,
52.40949,
-87.93945,
283.082,
1249.353,
476.7022,
82.98165,
-93.57698,
139.1168,
495.4735,
-4.091053,
-21.42899,
41.32211,
-48.21411,
69.25036,
-91.1299,
179.4108,
469.3554,
-8.003383,
-90.10973,
1024.925,
205.8938,
-96.591,
69.22762,
-47.24576,
42.63683,
-30.40179,
30.97565,
-21.87752,
24.54822,
-16.9589,
20.77883,
-14.10279,
18.62442,
-12.08798,
13.74881,
24.27752,
774.1866,
701.8658,
-131.4085,
93.20018,
-97.24989,
718.9514,
29.59918,
10.80137,
-18.08541,
21.96967,
314.4566,
707.0279,
755.9536,
-211.5083,
131.9577,
-94.3844,
84.97176,
-73.95583,
83.36678,
-106.3698,
500.5317,
200.0969,
492.3734,
612.817,
56.49629,
-40.52835,
42.48511,
-35.85947,
41.38419,
-36.95835,
44.40641,
-42.22411,
52.9478,
-56.4722,
79.35519,
-119.2162,
452.3202,
224.0082,
-100.9196,
604.9226,
540.184,
-36.41247,
28.25098,
-20.11835,
25.54057,
-21.05938,
27.98656,
-24.35608,
31.94693,
-28.96996,
37.29224,
-35.21575,
44.70996,
-44.21843,
55.92873,
-58.71445,
75.62283,
-87.46877,
122.8279,
-184.8626,
527.4323,
988.096,
-46.97806,
-27.66959,
201.9447,
596.5726,
-155.9188,
97.7154,
-64.29311,
52.92728,
-35.50663,
31.32647,
-17.15542,
13.59738,
2.975161,
-15.53544,
71.33861,
652.9497,
-79.54119,
49.15144,
-28.25939,
23.00997,
-7.076878,
-2.576151,
48.30866,
1033.733,
-95.67409,
79.13023,
-95.40363,
885.5493,
2014.541,
110.7644,
839.0144,
-155.2713,
250.4232,
376.3815,
569.1925,
63.67689,
-14.90536,
-12.95447,
509.7913,
25.17549,
10.9136,
-26.51146,
54.92357,
-80.43456,
135.6721,
-232.6036,
620.2397,
1479.988,
207.1106,
423.9591,
-252.0624,
197.7225,
-159.3489,
142.7773,
382.1124,
117.0712,
-96.61823,
74.54741,
639.4083,
942.8014,
-57.17186,
37.34737,
277.6621,
1072.839,
-225.5872,
484.0996,
739.2275,
105.4325,
-142.2476,
311.3463,
320.5609,
-42.20248,
3.258134,
15.54962,
3.013756,
836.009,
-108.8793,
92.74329,
511.8517,
141.292,
-137.7025,
157.0928,
-175.8026,
223.0654,
-304.6374,
640.8126,
507.0634,
491.5493,
378.1401,
-106.2567,
-13.53045,
441.1125,
304.0032,
-133.7347,
89.79443,
-57.69735,
45.25808,
-26.20212,
20.39522,
-4.916288,
0.8076814,
14.45449,
-19.84455,
38.4046,
-50.62769,
83.86751,
-134.7386,
356.9685,
590.4103,
-122.5512,
20.13993,
371.5031,
197.1345,
-102.7333,
78.92552,
-57.87596,
656.1793,
-35.81956,
35.196,
-24.04976,
24.079,
-13.15378,
12.97953,
-4.478564,
692.5502,
447.7354,
146.4608,
-65.91119,
50.8062,
-35.40603,
34.76922,
-25.07646,
27.31978,
-19.30793,
22.66581,
-15.48217,
19.52231,
-13.01312,
17.97422,
-13.28081,
24.44295,
472.7097,
-7.308134,
8.026251,
-2.594584,
9.703648,
-7.182342,
17.26646,
-19.50358,
39.59367,
-70.34669,
252.7416,
522.6777,
-261.9637,
576.7282,
396.4198,
-165.1281,
190.9274,
386.6376,
-28.82098,
-0.9209601,
25.88055,
-44.79813,
117.2473,
556.4958,
-67.41624,
27.6855,
4.572971,
-34.05108,
150.6343,
425.4653,
-111.337,
58.18254,
319.8457,
581.9825,
12.00673,
29.72365,
-23.21281,
605.2076,
489.9792,
-42.17275,
16.65194,
-1.616,
3.402252,
2.639114,
5.883633,
-14.47052,
130.075,
745.1089,
225.8787,
-56.81773,
36.18902,
-22.85255,
26.47333,
-22.63959,
32.98494,
-37.23428,
62.33027,
-107.3764,
443.6127,
279.7513,
-111.3159,
70.5855,
382.6323,
97.38941,
-82.39475,
95.58405,
-124.7495,
439.1453,
121.1842,
-22.27031,
-2.241261,
32.3676,
-70.08044,
270.6965,
469.7782,
-221.0042,
370.7062,
232.0025,
-46.70369,
18.64137,
2.566286,
-10.37181,
34.83716,
-75.42657,
464.4443,
231.1189,
-122.2607,
111.2403,
-117.7118,
192.596,
308.459,
243.8455,
304.4412,
-116.9854,
84.45125,
-65.68785,
69.92206,
-81.22936,
475.9387,
24.31654,
13.81331,
-22.81072,
43.47249,
-66.13432,
177.4661,
377.5075,
-89.01625,
55.23953,
-34.15527,
31.22903,
-20.57397,
22.50713,
-14.52911,
18.12936,
-11.30714,
15.76484,
-9.64345,
14.76542,
-9.372936,
15.39565,
-11.27631,
19.37548,
-19.13792,
35.93212,
-63.11513,
383.1534,
152.8923,
-76.81662,
67.12567,
-59.13907,
68.91539,
-74.92001,
104.2013,
-156.5979,
449.994,
422.4045,
-119.6344,
59.58759,
536.4592,
-48.86158,
384.4704,
299.406,
-155.3682,
153.6845,
352.039,
21.60485,
-30.77967,
39.22973,
-34.46017,
40.14573,
-35.10604,
41.53797,
-38.12692,
47.77439,
-51.96889,
90.62202,
508.7402,
-26.74893,
8.354929,
5.158932,
-3.466746,
10.85024,
-6.29781,
11.89222,
-5.834639,
9.736033,
-1.19149,
0.5154321,
18.52132,
-52.85052,
378.8866,
310.6387,
-223.4476,
491.4914,
189.0873,
48.92607,
679.5699,
134.3463,
-36.00527,
30.52658,
-23.54642,
30.044,
-26.86173,
35.61156,
-34.73909,
46.81324,
-51.65379,
606.6611,
-120.301,
432.3782,
234.9075,
-80.74806,
50.29951,
-28.58537,
24.68403,
-13.09968,
14.18043,
-5.39858,
8.186092,
-0.5125124,
4.051092,
3.123463,
0.7214746,
6.277174,
-2.361647,
9.41531,
-5.695679,
13.10245,
-9.941025,
18.24093,
-16.52964,
27.24032,
-29.88287,
49.61467,
-76.06606,
211.923,
441.841,
-118.9285,
81.86961,
-64.21898,
72.24797,
-95.74988,
648.9617,
88.27932,
-31.77617,
23.23412,
-11.83148,
14.30065,
-7.240286,
11.84746,
-6.008149,
11.37579,
-6.042604,
11.79239,
-6.78894,
12.83127,
-8.102874,
14.44926,
-10.0864,
16.87494,
-13.06517,
20.61737,
-17.93313,
27.21066,
-27.44273,
42.42435,
-56.79604,
133.0868,
361.9278,
-60.50085,
31.55119,
-11.2671,
6.938858,
7.257666,
-12.12455,
33.91965,
-67.86408,
459.7476,
145.1612,
-65.42416,
49.60786,
-33.91629,
33.28381,
-23.77591,
26.33571,
-18.70485,
22.46246,
-15.66045,
20.03087,
-13.68688,
18.40248,
-12.34026,
17.30429,
-11.44858,
16.57458,
-10.87252,
16.15255,
-10.58997,
15.99365,
-10.55934,
16.1088,
-10.82192,
16.51949,
-11.406,
17.31699,
-12.449,
18.64671,
-14.14756,
20.83919,
-16.99618,
24.59377,
-22.10322,
31.8559,
-33.09032,
50.24469,
-70.22286,
171.6144,
437.3528,
-88.65311,
52.75957,
-31.26824,
28.23374,
-17.5487,
19.46741,
-11.46417,
15.00624,
-8.075178,
12.35061,
-5.935663,
10.59582,
-4.483214,
9.377518,
-3.440643,
8.478264,
-2.6685,
7.809777,
-2.075527,
7.283812,
-1.617833,
6.880663,
-1.251267,
6.549623,
-0.9620371,
6.294491,
-0.7261677,
6.079151,
-0.5397749,
5.915727,
-0.3871017,
5.775272,
-0.2680545,
5.673388,
-0.1707764,
5.5855,
-0.1009955,
5.529567,
-0.04644918,
5.479186,
-0.01566124,
5.460175,
0.002315044,
5.447867,
-0.0005602837,
5.462944,
-0.01750326,
5.485085,
-0.05524206,
5.535705,
-0.1080766,
5.595696,
-0.1860657,
5.688314,
-0.2834525,
5.795587,
-0.4132013,
5.945234,
-0.5740271,
6.123066,
-0.7805958,
6.358555,
-1.03907,
6.646999,
-1.372956,
7.029718,
-1.801095,
7.518544,
-2.372899,
8.18618,
-3.146677,
9.096159,
-4.244183,
10.4278,
-5.873574,
12.46499,
-8.489316,
15.91647,
-13.20726,
22.72006,
-23.82402,
41.57146,
-67.56609,
344.1428,
117.2298,
-41.14855,
22.65762,
3.628866,
-38.48975,
297.1611,
320.7831,
-210.3036,
386.889,
82.04158,
197.5332,
265.9267,
-85.56661,
54.72781,
-33.49371,
30.25084,
-19.38781,
21.21683,
-13.20162,
16.79081,
-9.952787,
14.3561,
-8.097862,
12.94094,
-7.033997,
12.15979,
-6.47983,
11.80325,
-6.310702,
11.81079,
-6.483467,
12.15705,
-7.028518,
12.92789,
-8.057138,
14.27816,
-9.829475,
16.58862,
-12.73149,
19.42843,
-5.335678,
534.6052,
247.4482,
-45.85749,
25.38866,
-9.954548,
9.878021,
-0.5609794,
2.722665,
6.149799,
-5.097674,
17.95544,
-31.61106,
358.5045,
57.07011,
-24.52909,
21.5406,
-11.90293,
14.82817,
-7.664524,
11.87124,
-5.471514,
10.18122,
-4.122487,
9.069169,
-3.191352,
8.287586,
-2.522551,
7.698846,
-2.004121,
7.248081,
-1.6057,
6.884805,
-1.276328,
6.594326,
-1.015202,
6.350593,
-0.7903457,
6.151197,
-0.6097817,
5.9786,
-0.447206,
5.836617,
-0.3203669,
5.709905,
-0.1995478,
5.604251,
-0.1043329,
5.50862,
-0.0118475,
5.429437,
0.05957699,
5.356177,
0.1309233,
5.295851,
0.1850414,
5.238085,
0.2419472,
5.192016,
0.2825317,
5.1461,
0.329155,
5.108758,
0.3618937,
5.070753,
0.40133,
5.039258,
0.428957,
5.006269,
0.4645538,
4.978155,
0.4892321,
4.945795,
0.5251379,
4.918211,
0.5494175,
4.883987,
0.5876608,
4.850137,
0.6211672,
4.808381,
0.6690645,
4.762883,
0.7159958,
4.705117,
0.7823877,
4.639183,
0.852952,
4.553493,
0.951787,
4.450306,
1.064411,
4.315045,
1.220713,
4.144446,
1.412353,
3.918612,
1.675126,
3.623479,
2.01405,
3.22221,
2.485986,
2.673517,
3.132684,
1.894345,
4.075155,
0.7554665,
5.474346,
-1.003509,
7.715983,
-3.912013,
11.59946,
-9.296984,
19.43392,
-21.50586,
40.69514,
-67.04349,
214.8549,
345.2598,
-110.0646,
77.6433,
-57.78104,
56.7443,
-48.89007,
54.99599,
-53.59768,
68.76256,
-87.2843,
191.0368,
351.9583,
-66.07266,
34.01078,
-13.84266,
11.4323,
-1.032337,
3.027424,
5.051666,
-1.740685,
9.063763,
-5.331825,
12.45934,
-8.735703,
16.07252,
-12.77295,
20.82262,
-18.70159,
28.74726,
-30.23095,
47.74511,
-69.35349,
196.5645,
245.9377,
-67.89931,
42.30695,
-23.71222,
21.81516,
-11.60219,
13.66683,
-5.630344,
9.014034,
-1.832615,
5.784451,
1.022095,
3.179977,
3.464317,
0.8174896,
5.826443,
-1.609833,
8.388058,
-4.40107,
11.54021,
-8.084606,
16.00525,
-13.77054,
23.70178,
-25.05348,
42.37552,
-63.59886,
189.1816,
247.5317,
-71.83037,
46.67857,
-28.28962,
26.52628,
-16.41795,
18.57795,
-10.63551,
14.11787,
-7.044968,
11.11877,
-4.453835,
8.820137,
-2.370125,
6.885429,
-0.5273857,
5.096184,
1.235561,
3.331789,
3.015511,
1.584854,
4.491219,
1.423676,
-3.209488,
266.65,
354.2184,
84.74785,
-25.22231,
17.2384,
-5.432823,
6.795773,
1.90502,
0.5369148,
8.091917,
-6.389101,
16.77698,
-18.61665,
36.72382,
-60.26698,
211.4507,
218.849,
-75.06665,
52.25029,
-34.52123,
33.06845,
-23.16439,
25.49424,
-17.71273,
21.36124,
-14.46487,
18.73325,
-12.28117,
16.88598,
-10.70131,
15.51696,
-9.492987,
14.44063,
-8.538155,
13.58327,
-7.756134,
12.86807,
-7.105537,
12.27281,
-6.550404,
11.75512,
-6.073608,
11.31329,
-5.654602,
10.91718,
-5.28735,
10.57377,
-4.95731,
10.25809,
-4.663628,
9.982185,
-4.396011,
9.724277,
-4.154884,
9.496964,
-3.932602,
9.281143,
-3.730209,
9.089882,
-3.541252,
8.905403,
-3.368675,
8.74292,
-3.205498,
8.580757,
-3.056786,
8.439415,
-2.914986,
8.299774,
-2.784218,
8.176464,
-2.659569,
8.052654,
-2.544388,
7.943626,
-2.433243,
7.832993,
-2.330803,
7.736046,
-2.230827,
7.635605,
-2.138741,
7.548904,
-2.048897,
7.458481,
-1.965782,
7.380508,
-1.884621,
7.298279,
-1.809128,
7.227325,
-1.73439,
7.151794,
-1.665421,
7.087601,
-1.59671,
7.0159,
-1.533859,
6.956924,
-1.470947,
6.892578,
-1.412598,
6.838867,
-1.354584,
6.779327,
-1.300934,
6.729324,
-1.246925,
6.673588,
-1.197578,
6.627911,
-1.14695,
6.574936,
-1.100636,
6.532619,
-1.053589,
6.483627,
-1.010559,
6.444374,
-0.9668579,
6.398621,
-0.9267883,
6.361893,
-0.8852844,
6.31842,
-0.8476563,
6.284302,
-0.8082581,
6.241455,
-0.7730961,
6.209393,
-0.7359467,
6.170639,
-0.7028732,
6.140991,
-0.6685257,
6.104244,
-0.6371078,
6.076172,
-0.6043396,
6.041058,
-0.5747223,
6.015015,
-0.5432281,
5.980713,
-0.5151672,
5.955856,
-0.4857178,
5.924011,
-0.4591064,
5.900879,
-0.4312134,
5.870361,
-0.4058838,
5.848267,
-0.3790283,
5.819122,
-0.3548279,
5.798584,
-0.3287964,
5.768372,
-0.3063812,
5.748749,
-0.2818298,
5.721924,
-0.259613,
5.703278,
-0.2364197,
5.677734,
-0.215683,
5.660065,
-0.1930542,
5.635078,
-0.1733398,
5.618744,
-0.1516113,
5.593643,
-0.1325531,
5.577576,
-0.111908,
5.554504,
-0.09365845,
5.53949,
-0.07402039,
5.517303,
-0.05654907,
5.502716,
-0.03729248,
5.480881,
-0.02035522,
5.46756,
-0.001342773,
5.444458,
0.01454926,
5.431335,
0.03223038,
5.411182,
0.04803848,
5.398584,
0.06489277,
5.379271,
0.07995224,
5.36718,
0.09653592,
5.348071,
0.1107349,
5.336841,
0.126915,
5.317596,
0.141201,
5.30665,
0.1565208,
5.28846,
0.1699295,
5.278316,
0.1848679,
5.260979,
0.1976013,
5.250854,
0.2121582,
5.233765,
0.2250977,
5.224243,
0.239563,
5.205444,
0.2514648,
5.19635,
0.2649994,
5.180176,
0.2771301,
5.171631,
0.2901917,
5.155945,
0.3016357,
5.147217,
0.3148499,
5.131866,
0.3255386,
5.123863,
0.3383398,
5.10773,
0.349165,
5.100107,
0.3613586,
5.085285,
0.3716125,
5.077972,
0.3833771,
5.063446,
0.3932495,
5.056671,
0.405365,
5.041992,
0.4152374,
5.035645,
0.4269714,
5.019577,
0.4363098,
5.013016,
0.4475555,
4.999428,
0.4569397,
4.993134,
0.4674683,
4.980133,
0.4763794,
4.973816,
0.4868774,
4.960571,
0.4958801,
4.955063,
0.5062332,
4.941189,
0.5148392,
4.935612,
0.5249214,
4.922707,
0.5332413,
4.917583,
0.5429993,
4.905296,
0.5511475,
4.900146,
0.5606384,
4.88768,
0.5688248,
4.88298,
0.5784912,
4.868851,
0.5859833,
4.86425,
0.5951824,
4.852222,
0.6030054,
4.847571,
0.6119995,
4.836426,
0.6194153,
4.831635,
0.6282501,
4.820107,
0.6354828,
4.815964,
0.644165,
4.803719,
0.6515808,
4.79977,
0.6601563,
4.788635,
0.6665649,
4.784668,
0.6752319,
4.774109,
0.6818237,
4.769737,
0.6901093,
4.759037,
0.6970215,
4.755447,
0.7051735,
4.742718,
0.7115364,
4.739189,
0.7194366,
4.728584,
0.7261848,
4.725464,
0.7335262,
4.715042,
0.739933,
4.711681,
0.7474213,
4.701393,
0.75354,
4.698273,
0.7612915,
4.687408,
0.7674179,
4.684175,
0.7747822,
4.674221,
0.7808151,
4.671364,
0.7875671,
4.661774,
0.7934914,
4.65855,
0.8006592,
4.648911,
0.8068848,
4.64621,
0.8138885,
4.634537,
0.8194275,
4.631821,
0.8262024,
4.622437,
0.8320313,
4.619812,
0.8385315,
4.610443,
0.8441391,
4.608021,
0.8509483,
4.598488,
0.855896,
4.59639,
0.8629761,
4.586273,
0.8681946,
4.583939,
0.8745728,
4.574753,
0.8798981,
4.572662,
0.8860168,
4.56369,
0.8910522,
4.561646,
0.897583,
4.552429,
0.9026489,
4.550964,
0.9090576,
4.539825,
0.9139328,
4.537632,
0.9200468,
4.52911,
0.9251156,
4.52702,
0.9310074,
4.518566,
0.9356995,
4.516945,
0.9418335,
4.50798,
0.9464111,
4.506775,
0.952507,
4.496811,
0.9572506,
4.495136,
0.9630566,
4.486558,
0.9676285,
4.48513,
0.973423,
4.476799,
0.9777374,
4.475044,
0.9835205,
4.466553,
0.9881706,
4.465328,
0.9939919,
4.455166,
0.99823,
4.453857,
1.003662,
4.445648,
1.008347,
4.444153,
1.013657,
4.43602,
1.0177,
4.434937,
1.023598,
4.426811,
1.027683,
4.4254,
1.033051,
4.416473,
1.03743,
4.415123,
1.042725,
4.407173,
1.046862,
4.406128,
1.052124,
4.398193,
1.056152,
4.397339,
1.06134,
4.389282,
1.065491,
4.388245,
1.070786,
4.378632,
1.074615,
4.377472,
1.079529,
4.369751,
1.083832,
4.36853,
1.08876,
4.361267,
1.092712,
4.360077,
1.097717,
4.352539,
1.101349,
4.351593,
1.106598,
4.343201,
1.110504,
4.34227,
1.115356,
4.334763,
1.119202,
4.334,
1.123718,
4.326782,
1.127625,
4.325745,
1.132256,
4.318123,
1.136154,
4.317635,
1.141235,
4.308411,
1.144608,
4.307617,
1.149284,
4.300278,
1.153225,
4.29953,
1.157742,
4.292278,
1.161495,
4.291565,
1.166029,
4.284256,
1.169523,
4.283783,
1.174194,
4.275757,
1.177734,
4.275116,
1.182344,
4.267988,
1.185898,
4.26741,
1.190147,
4.260475,
1.193719,
4.259776,
1.19812,
4.252647,
1.201904,
4.252319,
1.206207,
4.243378,
1.209511,
4.242752,
1.214012,
4.235931,
1.217636,
4.235168,
1.221771,
4.2285,
1.225098,
4.22821,
1.229458,
4.220966,
1.23263,
4.220689,
1.236984,
4.213051,
1.240631,
4.212616,
1.244659,
4.205704,
1.248199,
4.205536,
1.251915,
4.198761,
1.255356,
4.198322,
1.25951,
4.191479,
1.263058,
4.191061,
1.267119,
4.182726,
1.270142,
4.182297,
1.27417,
4.17569,
1.277878,
4.17527,
1.281643,
4.168747,
1.284973,
4.168701,
1.28894,
4.16156,
1.291885,
4.161453,
1.296097,
4.154114,
1.299377,
4.154053,
1.303169,
4.147175,
1.306282,
4.147079,
1.309753,
4.140564,
1.313538,
4.140503,
1.317329,
4.133713,
1.320618,
4.133644,
1.324158,
4.125488,
1.327492,
4.125198,
1.331219,
4.11874,
1.334515,
4.118584,
1.338188,
4.112236,
1.341385,
4.112083,
1.345123,
4.105621,
1.347923,
4.10556,
1.352112,
4.09845,
1.354946,
4.098137,
1.358673,
4.092041,
1.361755,
4.09198,
1.365021,
4.085724,
1.368042,
4.085815,
1.371918,
4.079224,
1.375221,
4.079308,
1.378632,
4.071304,
1.381714,
4.071198,
1.385147,
4.06485,
1.38826,
4.064999,
1.391983,
4.0588,
1.394859,
4.058662,
1.398518,
4.052322,
1.401321,
4.052551,
1.404831,
4.04541,
1.407944,
4.045532,
1.411469,
4.039398,
1.414215,
4.039406,
1.417599,
4.033464,
1.420483,
4.033362,
1.424015,
4.027046,
1.426964,
4.027245,
1.43055,
4.0194,
1.433266,
4.019485,
1.436798,
4.013275,
1.439827,
4.01339,
1.443016,
4.007545,
1.445908,
4.007584,
1.449509,
4.001526,
1.452209,
4.001892,
1.455622,
3.994957,
1.458567,
3.99503,
1.461688,
3.9889,
1.464605,
3.989118,
1.467865,
3.983448,
1.470539,
3.983338,
1.47385,
3.97739,
1.47707,
3.977545,
1.480198,
3.970062,
1.482735,
3.970009,
1.486021,
3.964111,
1.489067,
3.964302,
1.492168,
3.958508,
1.495216,
3.958511,
1.49826,
3.952637,
1.500854,
3.952927,
1.504089,
3.94635,
1.507011,
3.946346,
1.510162,
3.940674,
1.512878,
3.940826,
1.516083,
3.935364,
1.518639,
3.935287,
1.52182,
3.92923,
1.524872,
3.929688,
1.528061,
3.922333,
1.530655,
3.922363,
1.533539,
3.916748,
1.536549,
3.916779,
1.539529,
3.91113,
1.542412,
3.911423,
1.545319,
3.905624,
1.547966,
3.905807,
1.550926,
3.899689,
1.554033,
3.899866,
1.556812,
3.893894,
1.559525,
3.894257,
1.562439,
3.888855,
1.565018,
3.888885,
1.568352,
3.883156,
1.571228,
3.883591,
1.573959,
3.876175,
1.576538,
3.876343,
1.579559,
3.870789,
1.58218,
3.871054,
1.585423,
3.865643,
1.587897,
3.865783,
1.590963,
3.860061,
1.593323,
3.860596,
1.596534,
3.854104,
1.599207,
3.854277,
1.602234,
3.84906,
1.604698,
3.84922,
1.60746,
3.843552,
1.609924,
3.844017,
1.613323,
3.838226,
1.61615,
3.838768,
1.618713,
3.831665,
1.621267,
3.831779,
1.624136,
3.826263,
1.627075,
3.826492,
1.629791,
3.821228,
1.63216,
3.821547,
1.635096,
3.815874,
1.637699,
3.816397,
1.640533,
3.810211,
1.643273,
3.810424,
1.646061,
3.804927,
1.648573,
3.805485,
1.651138,
3.800049,
1.653778,
3.800354,
1.656662,
3.794579,
1.65934,
3.795177,
1.662151,
3.788071,
1.664551,
3.788696,
1.667312,
3.782983,
1.670181,
3.783321,
1.672699,
3.778442,
1.675461,
3.778259,
1.678055,
3.772934,
1.680687,
3.773533,
1.68344,
3.767212,
1.686188,
3.767632,
1.688843,
3.762451,
1.691063,
3.762709,
1.693929,
3.757379,
1.696609,
3.757605,
1.699081,
3.752182,
1.70195,
3.752686,
1.704475,
3.745827,
1.707001,
3.746338,
1.709555,
3.740896,
1.71241,
3.741188,
1.714897,
3.735916,
1.717361,
3.736359,
1.719947,
3.730984,
1.72269,
3.731584,
1.725159,
3.725677,
1.727894,
3.725811,
1.730402,
3.720411,
1.732841,
3.721107,
1.73555,
3.715851,
1.738174,
3.716019,
1.740753,
3.711006,
1.743423,
3.711304,
1.74575,
3.704498,
1.748322,
3.704987,
1.750847,
3.699478,
1.753433,
3.700134,
1.756119,
3.695007,
1.758527,
3.695229,
1.761162,
3.69004,
1.763529,
3.690596,
1.766235,
3.68465,
1.768768,
3.685089,
1.771126,
3.67981,
1.773689,
3.680275,
1.776047,
3.675186,
1.778632,
3.675577,
1.781229,
3.670097,
1.783859,
3.671112,
1.786247,
3.664295,
1.788673,
3.664461,
1.790955,
3.659225,
1.793867,
3.659758,
1.796196,
3.654823,
1.798737,
3.655228,
1.801201,
3.649872,
1.80365,
3.650833,
1.806081,
3.644519,
1.808853,
3.644974,
1.811157,
3.639931,
1.813688,
3.640377,
1.816128,
3.635513,
1.818356,
3.635864,
1.821072,
3.630527,
1.823792,
3.631035,
1.825897,
3.624542,
1.82843,
3.625076,
1.830307,
3.619781,
1.833481,
3.620239,
1.835878,
3.615472,
1.83803,
3.615643,
1.840813,
3.610426,
1.842898,
3.611109,
1.845322,
3.605377,
1.848123,
3.605708,
1.850292,
3.600597,
1.852985,
3.601135,
1.855118,
3.59613,
1.857605,
3.596359,
1.860039,
3.591408,
1.862846,
3.592018,
1.864784,
3.585487,
1.867264,
3.585972,
1.869432,
3.580755,
1.872373,
3.581186,
1.874548,
3.576403,
1.877086,
3.576817,
1.879456,
3.5718,
1.881805,
3.572311,
1.884029,
3.566688,
1.886642,
3.567043,
1.889015,
3.562061,
1.891468,
3.562521,
1.893527,
3.557624,
1.896126,
3.558136,
1.898405,
3.552944,
1.901202,
3.553786,
1.903254,
3.547174,
1.905655,
3.547607,
1.907756,
3.542784,
1.910635,
3.542942,
1.912701,
3.538322,
1.915071,
3.538721,
1.917425,
3.533747,
1.919815,
3.534279,
1.922016,
3.528755,
1.924667,
3.529175,
1.926973,
3.524117,
1.929337,
3.524734,
1.931381,
3.519989,
1.934013,
3.52018,
1.93626,
3.515331,
1.938811,
3.516019,
1.940704,
3.50956,
1.943061,
3.509942,
1.945487,
3.504984,
1.948209,
3.505495,
1.950373,
3.500788,
1.952781,
3.501296,
1.954948,
3.496147,
1.95731,
3.496991,
1.959526,
3.49133,
1.962122,
3.491703,
1.964279,
3.486723,
1.966915,
3.487369,
1.968781,
3.482689,
1.971191,
3.48317,
1.973576,
3.478138,
1.976234,
3.478752,
1.978136,
3.472301,
1.980404,
3.473026,
1.982496,
3.467979,
1.98526,
3.468384,
1.987427,
3.463844,
1.989906,
3.464043,
1.99205,
3.459183,
1.994514,
3.459763,
1.996483,
3.454262,
1.999125,
3.454754,
2.001072,
3.450012,
2.003769,
3.450401,
2.005608,
3.445862,
2.008171,
3.446201,
2.010201,
3.441208,
2.012878,
3.441971,
2.014718,
3.435758,
2.017197,
3.436203,
2.019165,
3.43137,
2.021965,
3.431885,
2.023926,
3.427139,
2.026535,
3.427582,
2.028473,
3.422699,
2.030918,
3.423317,
2.032919,
3.417923,
2.035561,
3.41832,
2.037384,
3.413536,
2.040017,
3.41407,
2.041883,
3.409477,
2.044537,
3.409863,
2.046587,
3.404999,
2.049406,
3.405507,
2.051022,
3.39941,
2.05352,
3.400032,
2.055443,
3.395195,
2.058075,
3.395325,
2.060026,
3.391045,
2.062696,
3.391376,
2.064708,
3.386744,
2.066883,
3.387232,
2.068901,
3.38179,
2.071655,
3.382233,
2.073571,
3.377526,
2.076102,
3.377969,
2.078064,
3.373398,
2.080407,
3.373902,
2.082562,
3.36899,
2.085239,
3.369503,
2.086739,
3.363541,
2.089287,
3.363995,
2.091553,
3.359501,
2.093872,
3.359756,
2.09581,
3.35524,
2.098209,
3.355759,
2.100494,
3.350838,
2.102661,
3.351509,
2.10462,
3.346237,
2.107353,
3.346687,
2.109144,
3.341892,
2.111752,
3.342507,
2.113661,
3.337853,
2.11594,
3.338409,
2.118131,
3.333591,
2.120862,
3.334094,
2.122272,
3.328084,
2.124731,
3.32859,
2.126793,
3.324127,
2.129423,
3.324345,
2.131207,
3.320143,
2.133774,
3.320327,
2.135805,
3.315432,
2.138213,
3.316193,
2.139851,
3.310959,
2.14256,
3.311242,
2.144436,
3.306652,
2.147055,
3.30714,
2.148973,
3.302742,
2.151181,
3.303109,
2.15306,
3.298342,
2.156,
3.299143,
2.157563,
3.292957,
2.160018,
3.293499,
2.161648,
3.288887,
2.164591,
3.289209,
2.166357,
3.284731,
2.16884,
3.285138,
2.170828,
3.280416,
2.173175,
3.281136,
2.174896,
3.276077,
2.177603,
3.276302,
2.17944,
3.271748,
2.182072,
3.272259,
2.18387,
3.267719,
2.186253,
3.268181,
2.188222,
3.263764,
2.190892,
3.263935,
2.19225,
3.258086,
2.194793,
3.258652,
2.196557,
3.254125,
2.199257,
3.254502,
2.201115,
3.250023,
2.203533,
3.25046,
2.205658,
3.245804,
2.207977,
3.24627,
2.209525,
3.241193,
2.212359,
3.241599,
2.214114,
3.237051,
2.216847,
3.23759,
2.218314,
3.233049,
2.220882,
3.233645,
2.223055,
3.228902,
2.225481,
3.229403,
2.226868,
3.223686,
2.229421,
3.224029,
2.231284,
3.219543,
2.233959,
3.219807,
2.235733,
3.215627,
2.238151,
3.216054,
2.240045,
3.211365,
2.24271,
3.211871,
2.244074,
3.206743,
2.246828,
3.207254,
2.248409,
3.202529,
2.251222,
3.203275,
2.25288,
3.198911,
2.255323,
3.199232,
2.257055,
3.194541,
2.259735,
3.195145,
2.261093,
3.189442,
2.263756,
3.189865,
2.265472,
3.18531,
2.268176,
3.185643,
2.269676,
3.181653,
2.272431,
3.18173,
2.27427,
3.177145,
2.276846,
3.177696,
2.278294,
3.172508,
2.281113,
3.173134,
2.282707,
3.168636,
2.285179,
3.169136,
2.286976,
3.164562,
2.289551,
3.165024,
2.291188,
3.160451,
2.29398,
3.16104,
2.295191,
3.155142,
2.297871,
3.155849,
2.299446,
3.151245,
2.302252,
3.151468,
2.303833,
3.147232,
2.306399,
3.147592,
2.308223,
3.143208,
2.310696,
3.14366,
2.312395,
3.138767,
2.314995,
3.139078,
2.316612,
3.134586,
2.319225,
3.135021,
2.320656,
3.13089,
2.323448,
3.131233,
2.325033,
3.126696,
2.327972,
3.127014,
2.329123,
3.121325,
2.33175,
3.121788,
2.333307,
3.117352,
2.335974,
3.117772,
2.33766,
3.113463,
2.340272,
3.113756,
2.341995,
3.109304,
2.344582,
3.109901,
2.346014,
3.104802,
2.348747,
3.105305,
2.350296,
3.100834,
2.352987,
3.101284,
2.354565,
3.097046,
2.356903,
3.097497,
2.358865,
3.092909,
2.361382,
3.093588,
2.362595,
3.088055,
2.365339,
3.088046,
2.366912,
3.083939,
2.3698,
3.084111,
2.371339,
3.080024,
2.37381,
3.080605,
2.375602,
3.075931,
2.378127,
3.076595,
2.379558,
3.071308,
2.382307,
3.071858,
2.383862,
3.067356,
2.386673,
3.068045,
2.38805,
3.063865,
2.390591,
3.063831,
2.392334,
3.059414,
2.395031,
3.05994,
2.396221,
3.054256,
2.39884,
3.05474,
2.400188,
3.050308,
2.403231,
3.050665,
2.404675,
3.04654,
2.407453,
3.046917,
2.408985,
3.042488,
2.411453,
3.042913,
2.412971,
3.03791,
2.41574,
3.038249,
2.417151,
3.03388,
2.420098,
3.034421,
2.421425,
3.030113,
2.424106,
3.030595,
2.425617,
3.026058,
2.42837,
3.026546,
2.429627,
3.02101,
2.432222,
3.021437,
2.433846,
3.017192,
2.43646,
3.01736,
2.437942,
3.013101,
2.44062,
3.013557,
2.442218,
3.009245,
2.444878,
3.009577,
2.446196,
3.004711,
2.448902,
3.00503,
2.450336,
3.000757,
2.453309,
3.00115,
2.454557,
2.997036,
2.457539,
2.997471,
2.458851,
2.992908,
2.461618,
2.993279,
2.462784,
2.987881,
2.46539,
2.988193,
2.466782,
2.983898,
2.469698,
2.984022,
2.47102,
2.980137,
2.473801,
2.980396,
2.475424,
2.975952,
2.477914,
2.976535,
2.479474,
2.971648,
2.482093,
2.971986,
2.483588,
2.967625,
2.486254,
2.967917,
2.487728,
2.963882,
2.490303,
2.964177,
2.491902,
2.959943,
2.494788,
2.960102,
2.495868,
2.954834,
2.498407,
2.955112,
2.499933,
2.950829,
2.502717,
2.950985,
2.504195,
2.946936,
2.506839,
2.947534,
2.508318,
2.943062,
2.510993,
2.943405,
2.512329,
2.938515,
2.515155,
2.938966,
2.516508,
2.934685,
2.519447,
2.935066,
2.520761,
2.930914,
2.523376,
2.93126,
2.524902,
2.926964,
2.527748,
2.927315,
2.528701,
2.921785,
2.531282,
2.922304,
2.532683,
2.91792,
2.535598,
2.91825,
2.537073,
2.914047,
2.539831,
2.914552,
2.541208,
2.910179,
2.543997,
2.910576,
2.545133,
2.905718,
2.548038,
2.906036,
2.549327,
2.901698,
2.552134,
2.902114,
2.553507,
2.898291,
2.556313,
2.898338,
2.557819,
2.893967,
2.560629,
2.89438,
2.56148,
2.889286,
2.564205,
2.889415,
2.565434,
2.885172,
2.568688,
2.885228,
2.569758,
2.881338,
2.572596,
2.881598,
2.574001,
2.877365,
2.576775,
2.877619,
2.57797,
2.873024,
2.580761,
2.873229,
2.582152,
2.869022,
2.584935,
2.869392,
2.586308,
2.865336,
2.58901,
2.865988,
2.590515,
2.861353,
2.593486,
2.861561,
2.594339,
2.856203,
2.597113,
2.856654,
2.598306,
2.852407,
2.601192,
2.852201,
2.602802,
2.848478,
2.605392,
2.848714,
2.60674,
2.844535,
2.609402,
2.845011,
2.610702,
2.84023,
2.613545,
2.840497,
2.614889,
2.836289,
2.617766,
2.836726,
2.619053,
2.832593,
2.621694,
2.832901,
2.623182,
2.828643,
2.626128,
2.828896,
2.626994,
2.823726,
2.62965,
2.823842,
2.630933,
2.819786,
2.633991,
2.819851,
2.63529,
2.815906,
2.637989,
2.816294,
2.639479,
2.811947,
2.642102,
2.812456,
2.643337,
2.807616,
2.646304,
2.807909,
2.647518,
2.8037,
2.650298,
2.803901,
2.65151,
2.800072,
2.654622,
2.800171,
2.655904,
2.796041,
2.658792,
2.796419,
2.659577,
2.790969,
2.662222,
2.791389,
2.663586,
2.787189,
2.6666,
2.787176,
2.667687,
2.783321,
2.670796,
2.783538,
2.672079,
2.779259,
2.674651,
2.77984,
2.675912,
2.775152,
2.678771,
2.775226,
2.68008,
2.771228,
2.682924,
2.771483,
2.684261,
2.76754,
2.687078,
2.767681,
2.688293,
2.76342,
2.691243,
2.763908,
2.692237,
2.758506,
2.694969,
2.758782,
2.696047,
2.754686,
2.699066,
2.754711,
2.700338,
2.750785,
2.703344,
2.75106,
2.70453,
2.746922,
2.707233,
2.747168,
2.708394,
2.742782,
2.711399,
2.742725,
2.712631,
2.738535,
2.715524,
2.738865,
2.716768,
2.734981,
2.719509,
2.735134,
2.721021,
2.731199,
2.723919,
2.731215,
2.72468,
2.726018,
2.727385,
2.726238,
2.728506,
2.722253,
2.731744,
2.722313,
2.73304,
2.718262,
2.735723,
2.7187,
2.737185,
2.714258,
2.739627,
2.714796,
2.740929,
2.709941,
2.74391,
2.710208,
2.745289,
2.706352,
2.748027,
2.706409,
2.749285,
2.702391,
2.752005,
2.702763,
2.753347,
2.698414,
2.756586,
2.698585,
2.75717,
2.693515,
2.759997,
2.693664,
2.761048,
2.689613,
2.764244,
2.689624,
2.765636,
2.685739,
2.768275,
2.68607,
2.76952,
2.681878,
2.772537,
2.682293,
2.773466,
2.677509,
2.776361,
2.677711,
2.777683,
2.673611,
2.78055,
2.673883,
2.781723,
2.670044,
2.78476,
2.670053,
2.785824,
2.666004,
2.788849,
2.666208,
2.789625,
2.660819,
2.792529,
2.661322,
2.793739,
2.657235,
2.796625,
2.657007,
2.797877,
2.653393,
2.800892,
2.653544,
2.802048,
2.649511,
2.804831,
2.649549,
2.805897,
2.64505,
2.808958,
2.645181,
2.810427,
2.641284,
2.812916,
2.641315,
2.814074,
2.637487,
2.817064,
2.637436,
2.818325,
2.633553,
2.821484,
2.633674,
2.822159,
2.628573,
2.824972,
2.628738,
2.825998,
2.624627,
2.829321,
2.624681,
2.830288,
2.62064,
2.833382,
2.621033,
2.834435,
2.616951,
2.837402,
2.617311,
2.838377,
2.61264,
2.841488,
2.612656,
2.842617,
2.608632,
2.845568,
2.608843,
2.846581,
2.604918,
2.849712,
2.604988,
2.850864,
2.600998,
2.854073,
2.601093,
2.854567,
2.595917,
2.85763,
2.596189,
2.85866,
2.592041,
2.861771,
2.592382,
2.862988,
2.588371,
2.865917,
2.588352,
2.867035,
2.584484,
2.869795,
2.584682,
2.871033,
2.580048,
2.873997,
2.580153,
2.875042,
2.576073,
2.878166,
2.576328,
2.879112,
2.572445,
2.882233,
2.572605,
2.883497,
2.568441,
2.886538,
2.568832,
2.887085,
2.56377,
2.890059,
2.56366,
2.89127,
2.559786,
2.894238,
2.559591,
2.895351,
2.555851,
2.898319,
2.55617,
2.899536,
2.551975,
2.90243,
2.552094,
2.9034,
2.547533,
2.906544,
2.547623,
2.907541,
2.543583,
2.910767,
2.543749,
2.911777,
2.539976,
2.914608,
2.540012,
2.915985,
2.535946,
2.919044,
2.536198,
2.919743,
2.531002,
2.922684,
2.531281,
2.923603,
2.527336,
2.926937,
2.527121,
2.927977,
2.523289,
2.930744,
2.523642,
2.932295,
2.519302,
2.935108,
2.519438,
2.935883,
2.514969,
2.939053,
2.51502,
2.940079,
2.510984,
2.94326,
2.511204,
2.944229,
2.507439,
2.947258,
2.5075,
2.948383,
2.503368,
2.951637,
2.503387,
2.952156,
2.498341,
2.95517,
2.498444,
2.956184,
2.49464,
2.959335,
2.494423,
2.960415,
2.49061,
2.963474,
2.490677,
2.964596,
2.48674,
2.967606,
2.486835,
2.968475,
2.482353,
2.971634,
2.48238,
2.972752,
2.478542,
2.975754,
2.478615,
2.976906,
2.474876,
2.980019,
2.474777,
2.98111,
2.470676,
2.98431,
2.470787,
2.98481,
2.465721,
2.987743,
2.465912,
2.988701,
2.461777,
2.992088,
2.461987,
2.993141,
2.458122,
2.996185,
2.458,
2.997318,
2.45401,
3.000225,
2.454205,
3.00119,
2.449707,
3.004364,
2.449783,
3.005386,
2.445816,
3.008568,
2.445717,
3.009449,
2.442078,
3.012611,
2.442123,
3.013733,
2.43795,
3.017113,
2.438171,
3.01741,
2.433151,
3.020462,
2.433174,
3.021404,
2.429184,
3.024742,
2.429085,
3.025753,
2.425388,
3.028946,
2.425308,
3.029842,
2.421303,
3.032974,
2.421371,
3.033928,
2.417023,
3.037102,
2.416927,
3.038082,
2.413074,
3.041145,
2.413261,
3.042263,
2.409298,
3.04538,
2.40929,
3.046379,
2.40519,
3.049789,
2.405243,
3.050163,
2.400391,
3.053185,
2.400429,
3.054207,
2.396591,
3.057449,
2.396339,
3.058563,
2.392761,
3.06179,
2.392532,
3.062744,
2.388672,
3.065842,
2.388893,
3.066673,
2.384232,
3.06987,
2.384216,
3.070915,
2.380234,
3.073944,
2.380234,
3.075012,
2.376282,
3.078217,
2.376549,
3.079399,
2.372543,
3.082596,
2.372444,
3.082909,
2.3675,
3.086029,
2.367615,
3.087082,
2.363663,
3.090508,
2.363701,
3.091293,
2.35965,
3.094528,
2.35965,
3.095566,
2.355698,
3.098663,
2.355789,
3.099579,
2.351471,
3.102783,
2.351303,
3.103821,
2.347412,
3.106995,
2.347275,
3.10791,
2.343689,
3.110947,
2.343597,
3.112213,
2.3396,
3.11554,
2.339539,
3.115845,
2.334595,
3.118896,
2.334656,
3.120117,
2.330811,
3.123291,
2.330078,
3.124268,
2.32666,
3.127533,
2.326691,
3.128677,
2.322815,
3.131618,
2.322823,
3.132599,
2.318398,
3.13575,
2.31839,
3.136765,
2.314377,
3.139984,
2.314301,
3.14093,
2.310608,
3.144165,
2.310425,
3.145325,
2.306519,
3.148438,
2.306641,
3.14917,
2.301697,
3.1521,
2.301579,
3.15332,
2.297729,
3.15625,
2.297592,
3.157394,
2.293663,
3.160625,
2.29356,
3.16156,
2.289749,
3.164673,
2.289658,
3.165588,
2.2854,
3.168884,
2.285217,
3.169861,
2.281372,
3.17334,
2.281128,
3.174072,
2.277344,
3.177246,
2.277344,
3.178406,
2.273499,
3.181763,
2.273376,
3.182068,
2.268555,
3.185242,
2.268433,
3.186157,
2.264618,
3.189545,
2.264404,
3.190552,
2.260742,
3.193665,
2.260376,
3.194809,
2.256531,
3.198242,
2.25647,
3.198608,
2.252167,
3.201965,
2.251984,
3.203064,
2.248199,
3.206299,
2.248169,
3.207153,
2.244476,
3.210693,
2.24408,
3.211487,
2.240173,
3.214966,
2.240234,
3.215576,
2.235229,
3.218506,
2.235214,
3.219391,
2.23143,
3.222809,
2.230917,
3.223804,
2.227358,
3.227055,
2.227089,
3.227973,
2.223274,
3.231384,
2.223289,
3.232185,
2.219009,
3.235413,
2.218563,
3.23642,
2.214867,
3.239525,
2.21463,
3.24054,
2.210968,
3.243896,
2.210754,
3.245361,
2.207031,
3.248413,
2.206787,
3.248535,
2.201904,
3.251831,
2.201782,
3.252869,
2.197937,
3.256287,
2.197693,
3.257324,
2.193909,
3.26062,
2.193848,
3.261597,
2.189819,
3.26474,
2.189804,
3.265579,
2.185399,
3.268875,
2.18512,
3.269913,
2.181396,
3.273117,
2.181213,
3.274078,
2.17749,
3.277405,
2.177246,
3.27832,
2.173218,
3.281982,
2.173096,
3.282288,
2.168335,
3.285385,
2.168228,
3.286346,
2.164413,
3.289825,
2.164124,
3.290955,
2.1604,
3.294189,
2.159943,
3.295135,
2.156189,
3.29834,
2.156097,
3.299133,
2.151787,
3.302582,
2.151489,
3.303505,
2.147751,
3.306778,
2.147491,
3.307785,
2.143921,
3.311157,
2.143555,
3.312134,
2.139587,
3.315521,
2.139618,
3.31575,
2.134666,
3.319069,
2.134583,
3.320026,
2.13084,
3.32358,
2.130264,
3.324493,
2.126465,
3.32785,
2.126373,
3.328873,
2.122528,
3.332184,
2.122406,
3.332855,
2.118057,
3.336296,
2.117725,
3.337463,
2.114258,
3.340576,
2.114014,
3.341797,
2.110107,
3.34491,
2.109589,
3.345924,
2.105854,
3.349442,
2.105667,
3.349674,
2.100899,
3.352974,
2.100639,
3.353867,
2.096909,
3.357178,
2.096287,
3.35844,
2.092728,
3.361832,
2.092361,
3.362839,
2.088593,
3.366028,
2.088501,
3.366699,
2.084076,
3.370239,
2.083809,
3.371172,
2.080017,
3.374542,
2.079773,
3.37561,
2.076172,
3.378906,
2.075653,
3.379837,
2.071899,
3.383423,
2.071716,
3.383789,
2.066772,
3.387085,
2.066559,
3.388,
2.062683,
3.391541,
2.062744,
3.392456,
2.058624,
3.395813,
2.058243,
3.396866,
2.054474,
3.400146,
2.054565,
3.401001,
2.049988,
3.404541,
2.049713,
3.405334,
2.045837,
3.408722,
2.045563,
3.409546,
2.041809,
3.413086,
2.041626,
3.41394,
2.037598,
3.417419,
2.037628,
3.417969,
2.032959,
3.421234,
2.032372,
3.422318,
2.028517,
3.425764,
2.027998,
3.42659,
2.024487,
3.430115,
2.023926,
3.431091,
2.020386,
3.43457,
2.020142,
3.435181,
2.015686,
3.438698,
2.015375,
3.439597,
2.011559,
3.443054,
2.011475,
3.444092,
2.007576,
3.447662,
2.007263,
3.448242,
2.003235,
3.452072,
2.002983,
3.452362,
1.998322,
3.455933,
1.997925,
3.456482,
1.994263,
3.460083,
1.9935,
3.46106,
1.990173,
3.464478,
1.989746,
3.465576,
1.985657,
3.469204,
1.985718,
3.469727,
1.981171,
3.473175,
1.980728,
3.474152,
1.97702,
3.477661,
1.976685,
3.478516,
1.973022,
3.482178,
1.972656,
3.48291,
1.968628,
3.486755,
1.968323,
3.486786,
1.963531,
3.490234,
1.963379,
3.491089,
1.959595,
3.494751,
1.958984,
3.495728,
1.955322,
3.49939,
1.954834,
3.500244,
1.950928,
3.503784,
1.950684,
3.504517,
1.946533,
3.507996,
1.946014,
3.509033,
1.94223,
3.512512,
1.941895,
3.513428,
1.938171,
3.516968,
1.937866,
3.517822,
1.933838,
3.52153,
1.933472,
3.521729,
1.928711,
3.525146,
1.928452,
3.526123,
1.924591,
3.529602,
1.923996,
3.530792,
1.920349,
3.534134,
1.920029,
3.535194,
1.916077,
3.5387,
1.915756,
3.539185,
1.911438,
3.542969,
1.911133,
3.543701,
1.907135,
3.54744,
1.906982,
3.548279,
1.903137,
3.55188,
1.902778,
3.552887,
1.898926,
3.556519,
1.89856,
3.556702,
1.893616,
3.560303,
1.893311,
3.561188,
1.889481,
3.564941,
1.888977,
3.565796,
1.885223,
3.569214,
1.885254,
3.570251,
1.880951,
3.573886,
1.880486,
3.574402,
1.876343,
3.578186,
1.875854,
3.578949,
1.871948,
3.582703,
1.871582,
3.583588,
1.867981,
3.587204,
1.867531,
3.588127,
1.863594,
3.591892,
1.863171,
3.592066,
1.858421,
3.595596,
1.858154,
3.596436,
1.854248,
3.600342,
1.853424,
3.601173,
1.84993,
3.605469,
1.849426,
3.60553,
1.845703,
3.609375,
1.845306,
3.610016,
1.840942,
3.61377,
1.840576,
3.614441,
1.836609,
3.618378,
1.83609,
3.61908,
1.83252,
3.622925,
1.831909,
3.623657,
1.827972,
3.627548,
1.827393,
3.627625,
1.822998,
3.631592,
1.822525,
3.632072,
1.818573,
3.635757,
1.81778,
3.636841,
1.81424,
3.640366,
1.813629,
3.641479,
1.80957,
3.645004,
1.809509,
3.645752,
1.805115,
3.64917,
1.804695,
3.650391,
1.800903,
3.654175,
1.800415,
3.654968,
1.796875,
3.658447,
1.796875,
3.659668,
1.792084,
3.663452,
1.791687,
3.663574,
1.787079,
3.666748,
1.786499,
3.667847,
1.78273,
3.671906,
1.781616,
3.672729,
1.77829,
3.676231,
1.777786,
3.677361,
1.773895,
3.681091,
1.773468,
3.681702,
1.76915,
3.685425,
1.768646,
3.68634,
1.764832,
3.690063,
1.764343,
3.690933,
1.760609,
3.694529,
1.760071,
3.695541,
1.755989,
3.699707,
1.755409,
3.699608,
1.750847,
3.703152,
1.75045,
3.704224,
1.746826,
3.70789,
1.745754,
3.708862,
1.742249,
3.712585,
1.741638,
3.71344,
1.737671,
3.717163,
1.737427,
3.717911,
1.732819,
3.721649,
1.732256,
3.722576,
1.728483,
3.726275,
1.728147,
3.727495,
1.724208,
3.731086,
1.723721,
3.731995,
1.719742,
3.735909,
1.718998,
3.735947,
1.714497,
3.739754,
1.713921,
3.740555,
1.710197,
3.744461,
1.709404,
3.745438,
1.705719,
3.749008,
1.705109,
3.750122,
1.701294,
3.753845,
1.700577,
3.754456,
1.696472,
3.758179,
1.69574,
3.759216,
1.691833,
3.762939,
1.691162,
3.764038,
1.687805,
3.7677,
1.686996,
3.768616,
1.682983,
3.772705,
1.682495,
3.772736,
1.677673,
3.776367,
1.677063,
3.777283,
1.673401,
3.781281,
1.672363,
3.782177,
1.668855,
3.786133,
1.668198,
3.786942,
1.664276,
3.790604,
1.663727,
3.79129,
1.659424,
3.79541,
1.658752,
3.796104,
1.654961,
3.800003,
1.654175,
3.800903,
1.650696,
3.804672,
1.649963,
3.806152,
1.646271,
3.80957,
1.645203,
3.809814,
1.640869,
3.813568,
1.640167,
3.814453,
1.636292,
3.818329,
1.63525,
3.819458,
1.631813,
3.823101,
1.631295,
3.824165,
1.627136,
3.827942,
1.626587,
3.828506,
1.622194,
3.832407,
1.621561,
3.83374,
1.61792,
3.837189,
1.617004,
3.83815,
1.613251,
3.84201,
1.612549,
3.843063,
1.608597,
3.847046,
1.607971,
3.847107,
1.603394,
3.850983,
1.602619,
3.851768,
1.598999,
3.855774,
1.597794,
3.857056,
1.594223,
3.860569,
1.593502,
3.861666,
1.58951,
3.865429,
1.588943,
3.866028,
1.584717,
3.870056,
1.583965,
3.871048,
1.579927,
3.874992,
1.579277,
3.875854,
1.575684,
3.879639,
1.574921,
3.880554,
1.571053,
3.88472,
1.57019,
3.884857,
1.565536,
3.888916,
1.565063,
3.889709,
1.561035,
3.893616,
1.560135,
3.894714,
1.55658,
3.89856,
1.555573,
3.899582,
1.551758,
3.903809,
1.551094,
3.903967,
1.546722,
3.908203,
1.545868,
3.90918,
1.542236,
3.912994,
1.541294,
3.913899,
1.537502,
3.917782,
1.536758,
3.918762,
1.532959,
3.923065,
1.532166,
3.923004,
1.527435,
3.926758,
1.526794,
3.927818,
1.522919,
3.931854,
1.52179,
3.932739,
1.518173,
3.936676,
1.517395,
3.937844,
1.51355,
3.941772,
1.512741,
3.942505,
1.508423,
3.946381,
1.507629,
3.94733,
1.503729,
3.951294,
1.502808,
3.952393,
1.499359,
3.956268,
1.498291,
3.957275,
1.494476,
3.961578,
1.493469,
3.961487,
1.488983,
3.965576,
1.488068,
3.966263,
1.484222,
3.970764,
1.483337,
3.971497,
1.479645,
3.975497,
1.478611,
3.976452,
1.474834,
3.980484,
1.474007,
3.981064,
1.46962,
3.985229,
1.468872,
3.986145,
1.464859,
3.99028,
1.463989,
3.991058,
1.460327,
3.995209,
1.459597,
3.996078,
1.455383,
4.000328,
1.45459,
4.00061,
1.450111,
4.004256,
1.449203,
4.005432,
1.445374,
4.009609,
1.444069,
4.01062,
1.44043,
4.014557,
1.439697,
4.015656,
1.435654,
4.019531,
1.434753,
4.020096,
1.430622,
4.024353,
1.429626,
4.025208,
1.425842,
4.029442,
1.424971,
4.030415,
1.421165,
4.034378,
1.420235,
4.03537,
1.416138,
4.039688,
1.415192,
4.039795,
1.410614,
4.043884,
1.409943,
4.044403,
1.40625,
4.04895,
1.404846,
4.049744,
1.401189,
4.053925,
1.400269,
4.055252,
1.396057,
4.059118,
1.39537,
4.059662,
1.390991,
4.063828,
1.390088,
4.064926,
1.386108,
4.069038,
1.385071,
4.069992,
1.3815,
4.074097,
1.380539,
4.07518,
1.376419,
4.079391,
1.375504,
4.079468,
1.37088,
4.083496,
1.370033,
4.084579,
1.366058,
4.088623,
1.364906,
4.089657,
1.36117,
4.093932,
1.360107,
4.094971,
1.356125,
4.099121,
1.355225,
4.09967,
1.351055,
4.103928,
1.349976,
4.10498,
1.346031,
4.109074,
1.344954,
4.110043,
1.34124,
4.114258,
1.340546,
4.115288,
1.336235,
4.119657,
1.335308,
4.119589,
1.330605,
4.123779,
1.329712,
4.124855,
1.325813,
4.129101,
1.324635,
4.130058,
1.320831,
4.134201,
1.319717,
4.135254,
1.315712,
4.139526,
1.31485,
4.140015,
1.310562,
4.14447,
1.309479,
4.145355,
1.305459,
4.149719,
1.304382,
4.150635,
1.300751,
4.154861,
1.299698,
4.155945,
1.295395,
4.160355,
1.294632,
4.160405,
1.289856,
4.16457,
1.28894,
4.165584,
1.285013,
4.169852,
1.283765,
4.170914,
1.280082,
4.175213,
1.278926,
4.176326,
1.274755,
4.180394,
1.273886,
4.181087,
1.269615,
4.185436,
1.268509,
4.186401,
1.264462,
4.190819,
1.263382,
4.191742,
1.259811,
4.196106,
1.258759,
4.197083,
1.254486,
4.201599,
1.25325,
4.201569,
1.248711,
4.205795,
1.247742,
4.206867,
1.243591,
4.211273,
1.242401,
4.212341,
1.238739,
4.216522,
1.237457,
4.21759,
1.233383,
4.221985,
1.232605,
4.222595,
1.22818,
4.226913,
1.22702,
4.227844,
1.222969,
4.232323,
1.221779,
4.233231,
1.217896,
4.237671,
1.216888,
4.238708,
1.21283,
4.243164,
1.211609,
4.243209,
1.207031,
4.247559,
1.20575,
4.248566,
1.201939,
4.253052,
1.2005,
4.254028,
1.196747,
4.258423,
1.195618,
4.259644,
1.19165,
4.263855,
1.190369,
4.264595,
1.186096,
4.268951,
1.184967,
4.27002,
1.180786,
4.274521,
1.17965,
4.275356,
1.176102,
4.279846,
1.174622,
4.280918,
1.170578,
4.285491,
1.169411,
4.285492,
1.164719,
4.289795,
1.163574,
4.290833,
1.159393,
4.295166,
1.157654,
4.296349,
1.154392,
4.300808,
1.15332,
4.302124,
1.148945,
4.306381,
1.147919,
4.307098,
1.143555,
4.31144,
1.142387,
4.312577,
1.138254,
4.317135,
1.137115,
4.3181,
1.133286,
4.322529,
1.131912,
4.323677,
1.127788,
4.328358,
1.126549,
4.328156,
1.121979,
4.332779,
1.120697,
4.334229,
1.116486,
4.338211,
1.115295,
4.339539,
1.11145,
4.343857,
1.110222,
4.345093,
1.106018,
4.349503,
1.10472,
4.350115,
1.100555,
4.354614,
1.099197,
4.355705,
1.095001,
4.360451,
1.093628,
4.361351,
1.089943,
4.366104,
1.088745,
4.366989,
1.084499,
4.371573,
1.083281,
4.371648,
1.078518,
4.376244,
1.077286,
4.377136,
1.073212,
4.381844,
1.071636,
4.382935,
1.067963,
4.387516,
1.066671,
4.388573,
1.062408,
4.393257,
1.061081,
4.393867,
1.056808,
4.398357,
1.05545,
4.399353,
1.051437,
4.404251,
1.050224,
4.405247,
1.04616,
4.409709,
1.044718,
4.410891,
1.040632,
4.41569,
1.039289,
4.415662,
1.034381,
4.420144,
1.033198,
4.42128,
1.029266,
4.425873,
1.027489,
4.427063,
1.023727,
4.431671,
1.02233,
4.432837,
1.018219,
4.437385,
1.016998,
4.43811,
1.012573,
4.442772,
1.011093,
4.443844,
1.006882,
4.448627,
1.005436,
4.449688,
1.001648,
4.454285,
1.000168,
4.455688,
0.9962654,
4.460262,
0.9946575,
4.460332,
0.9899845,
4.465008,
0.9886112,
4.465958,
0.9845142,
4.470739,
0.9828339,
4.471844,
0.9789429,
4.476501,
0.9775696,
4.477814,
0.9731445,
4.482404,
0.971961,
4.483093,
0.9674864,
4.487751,
0.9659853,
4.488928,
0.9619179,
4.493773,
0.9604073,
4.494832,
0.9565887,
4.499584,
0.9550896,
4.500711,
0.9507523,
4.505547,
0.9491463,
4.505638,
0.9446106,
4.510254,
0.9431801,
4.511506,
0.9391556,
4.516113,
0.9374084,
4.517418,
0.9333649,
4.522003,
0.9319248,
4.523206,
0.9277935,
4.528181,
0.9262061,
4.528845,
0.9218483,
4.533508,
0.9202347,
4.53458,
0.9161253,
4.539487,
0.9146461,
4.540729,
0.9108887,
4.545532,
0.909256,
4.546543,
0.9049149,
4.551422,
0.9034424,
4.551476,
0.8986816,
4.556305,
0.8972397,
4.557388,
0.8930664,
4.562225,
0.8912096,
4.5636,
0.8873749,
4.568441,
0.8855791,
4.569528,
0.8814678,
4.57431,
0.8800201,
4.574944,
0.8754883,
4.579956,
0.8738403,
4.581345,
0.869812,
4.585953,
0.8682098,
4.587311,
0.8641968,
4.591942,
0.8624802,
4.592995,
0.8583374,
4.598145,
0.8567047,
4.598196,
0.8518982,
4.603027,
0.8503265,
4.604126,
0.8461304,
4.6091,
0.8443146,
4.610382,
0.8403931,
4.615303,
0.8387666,
4.616469,
0.834533,
4.621338,
0.8329201,
4.622192,
0.8283539,
4.627098,
0.8267975,
4.628128,
0.8225479,
4.633133,
0.8209381,
4.634399,
0.8171692,
4.639297,
0.8152313,
4.640388,
0.8109899,
4.64563,
0.8092651,
4.645615,
0.8043823,
4.650614,
0.8028908,
4.651633,
0.7985668,
4.656798,
0.796719,
4.657948,
0.7927799,
4.662836,
0.7910347,
4.664169,
0.7867355,
4.669067,
0.7851257,
4.669868,
0.7805462,
4.674973,
0.7789078,
4.676033,
0.7746277,
4.681063,
0.7727966,
4.682261,
0.7689362,
4.687457,
0.7671328,
4.688628,
0.7629027,
4.693851,
0.7612915,
4.693893,
0.756691,
4.698753,
0.7545242,
4.699912,
0.7502766,
4.705058,
0.7483988,
4.706144,
0.7443695,
4.711487,
0.7426319,
4.712628,
0.7384529,
4.717824,
0.7366171,
4.718399,
0.7320762,
4.723558,
0.7301289,
4.724655,
0.7260089,
4.730062,
0.7244091,
4.731285,
0.7200851,
4.736023,
0.7182922,
4.737427,
0.7139282,
4.742615,
0.7120972,
4.742783,
0.7072296,
4.747861,
0.7055057,
4.748977,
0.7013493,
4.754311,
0.6990967,
4.755419,
0.6951284,
4.760494,
0.6933517,
4.761963,
0.6888428,
4.767059,
0.6872101,
4.767792,
0.6824646,
4.772933,
0.6806498,
4.774179,
0.6763306,
4.779449,
0.6746368,
4.780799,
0.6704434,
4.785736,
0.6685026,
4.787022,
0.6641254,
4.792439,
0.6622314,
4.792473,
0.6574478,
4.797735,
0.6556206,
4.79889,
0.6513042,
4.804058,
0.6492538,
4.805523,
0.644989,
4.810608,
0.6430969,
4.812023,
0.6387863,
4.817322,
0.6369858,
4.818077,
0.6321869,
4.823307,
0.6303558,
4.8246,
0.6260786,
4.829839,
0.6240063,
4.831177,
0.619812,
4.836517,
0.6179352,
4.837585,
0.6134796,
4.843086,
0.6114655,
4.843321,
0.6067319,
4.848479,
0.604763,
4.849792,
0.6005554,
4.855141,
0.5982704,
4.856468,
0.594101,
4.861725,
0.5921326,
4.863068,
0.5875969,
4.868374,
0.5857658,
4.869267,
0.5811691,
4.874496,
0.5791206,
4.875839,
0.5747995,
4.881243,
0.5727654,
4.882492,
0.5685883,
4.887867,
0.5664635,
4.889161,
0.5620317,
4.894738,
0.5596724,
4.894914,
0.5551825,
4.90008,
0.5531182,
4.901439,
0.548615,
4.906857,
0.5463142,
4.908252,
0.5421829,
4.913552,
0.5403557,
4.915007,
0.5357056,
4.92041,
0.5337715,
4.921204,
0.5290794,
4.92683,
0.5268478,
4.928013,
0.5224152,
4.933472,
0.5204468,
4.934925,
0.5161438,
4.940277,
0.5141335,
4.941559,
0.5095825,
4.947159,
0.507431,
4.947433,
0.5024767,
4.952775,
0.5005302,
4.95419,
0.496151,
4.959619,
0.4935951,
4.961037,
0.4894371,
4.966539,
0.4872322,
4.967896,
0.4829044,
4.973287,
0.4807153,
4.974254,
0.4759793,
4.979817,
0.4738083,
4.981196,
0.4693069,
4.986733,
0.4670885,
4.988076,
0.4629345,
4.993591,
0.460556,
4.99511,
0.456131,
5.000717,
0.4538364,
5.000977,
0.4490051,
5.006448,
0.4467945,
5.007755,
0.4423304,
5.013264,
0.4398384,
5.014892,
0.4355164,
5.020239,
0.4333496,
5.021755,
0.4289551,
5.027283,
0.42659,
5.028341,
0.4219131,
5.033839,
0.4196014,
5.035362,
0.4150894,
5.040989,
0.4127805,
5.042353,
0.4086711,
5.048058,
0.4062967,
5.049605,
0.4016294,
5.055307,
0.3993392,
5.055482,
0.394289,
5.061196,
0.3920612,
5.062505,
0.3876133,
5.068348,
0.3850861,
5.069794,
0.3807335,
5.075222,
0.3783379,
5.076797,
0.3738899,
5.082458,
0.371666,
5.083316,
0.3666887,
5.089203,
0.3643918,
5.090674,
0.3597875,
5.096391,
0.3574204,
5.097723,
0.353126,
5.103526,
0.350667,
5.1049,
0.3459563,
5.111026,
0.343545,
5.111144,
0.3385897,
5.11675,
0.3363895,
5.118335,
0.3318424,
5.123936,
0.3291168,
5.125702,
0.3248844,
5.131432,
0.3224616,
5.132874,
0.3177121,
5.138838,
0.3154602,
5.139542,
0.3105927,
5.145447,
0.3080482,
5.146807,
0.3035088,
5.152751,
0.3011189,
5.154276,
0.2966919,
5.159986,
0.2940288,
5.161552,
0.2893081,
5.167461,
0.2869778,
5.167845,
0.281919,
5.17377,
0.2795734,
5.175104,
0.2749643,
5.180954,
0.2721047,
5.182789,
0.2677889,
5.188277,
0.2653246,
5.190027,
0.2605553,
5.196061,
0.2582426,
5.197064,
0.2531652,
5.202752,
0.2506628,
5.2044,
0.2458973,
5.210262,
0.2434616,
5.211937,
0.2389832,
5.217682,
0.2363758,
5.21934,
0.2318468,
5.225525,
0.2292109,
5.225829,
0.2239866,
5.231582,
0.2212996,
5.233119,
0.2167969,
5.23917,
0.2138209,
5.240736,
0.2095504,
5.246695,
0.2068083,
5.248436,
0.202126,
5.254438,
0.1996737,
5.255525,
0.1946921,
5.261316,
0.1919699,
5.262979,
0.1872783,
5.269054,
0.1845908,
5.270831,
0.180263,
5.276608,
0.1775246,
5.278596,
0.1726165,
5.284316,
0.1699104,
5.284914,
0.1648254,
5.290961,
0.1621389,
5.292516,
0.1574478,
5.298433,
0.1545725,
5.300398,
0.1499748,
5.306309,
0.1474199,
5.307944,
0.1424441,
5.314057,
0.1400237,
5.315169,
0.1348128,
5.321302,
0.13204,
5.323174,
0.1271162,
5.329021,
0.124598,
5.330796,
0.1200666,
5.336847,
0.1172843,
5.33861,
0.1121311,
5.344907,
0.1094885,
5.345378,
0.1043711,
5.351424,
0.1015205,
5.35311,
0.09688473,
5.35916,
0.09377146,
5.361209,
0.08911991,
5.367128,
0.08641052,
5.3689,
0.081604,
5.375076,
0.07872391,
5.376289,
0.07380056,
5.382502,
0.07073975,
5.384155,
0.06600952,
5.390488,
0.06315613,
5.392235,
0.05844116,
5.398552,
0.05557251,
5.400033,
0.05070972,
5.406469,
0.04785824,
5.406932,
0.04241085,
5.413361,
0.03964806,
5.414985,
0.03501415,
5.421076,
0.03164053,
5.423313,
0.02728844,
5.429226,
0.02413416,
5.431269,
0.01932764,
5.437402,
0.01626921,
5.43866,
0.01122999,
5.445101,
0.008273125,
5.447141,
0.003317833,
5.45331,
0.0008239746,
5.454979,
-0.004371643,
5.461186,
-0.007397652,
5.463166,
-0.01223326,
5.469624,
-0.01529455,
5.470101,
-0.02062511,
5.476576,
-0.02351379,
5.478336,
-0.02837849,
5.484657,
-0.0318079,
5.48645,
-0.03645086,
5.492838,
-0.03947353,
5.494871,
-0.0444684,
5.501204,
-0.04718733,
5.502553,
-0.05267572,
5.508857,
-0.05586958,
5.510839,
-0.0607748,
5.517387,
-0.06378031,
5.51952,
-0.06860018,
5.525598,
-0.07150221,
5.527671,
-0.0767808,
5.534157,
-0.08018446,
5.534616,
-0.08525181,
5.541196,
-0.08826542,
5.543143,
-0.09319401,
5.54964,
-0.09630871,
5.551583,
-0.1013727,
5.557931,
-0.1047201,
5.559875,
-0.1097546,
5.566435,
-0.1126919,
5.567908,
-0.1180248,
5.574574,
-0.1211185,
5.576264,
-0.1262999,
5.582813,
-0.1294355,
5.584912,
-0.1344185,
5.591393,
-0.1374378,
5.593512,
-0.1427927,
5.600327,
-0.1457987,
5.600922,
-0.1511574,
5.607193,
-0.1545382,
5.609506,
-0.1594839,
5.61601,
-0.163064,
5.617993,
-0.1679974,
5.624917,
-0.1711226,
5.62681,
-0.1765013,
5.63352,
-0.1795568,
5.634764,
-0.1849098,
5.641515,
-0.1882591,
5.643405,
-0.1933603,
5.650302,
-0.1964483,
5.652654,
-0.2015743,
5.658823,
-0.2050619,
5.660976,
-0.2104139,
5.66776,
-0.2136612,
5.668409,
-0.2192059,
5.675355,
-0.222333,
5.677365,
-0.2273159,
5.684078,
-0.2311659,
5.686172,
-0.2360077,
5.692936,
-0.2395248,
5.695038,
-0.244812,
5.701775,
-0.2481327,
5.703255,
-0.2536087,
5.710131,
-0.257,
5.712204,
-0.2622681,
5.719086,
-0.2656555,
5.721252,
-0.2705612,
5.727959,
-0.274086,
5.730068,
-0.2794456,
5.736938,
-0.2828751,
5.737881,
-0.2886505,
5.744644,
-0.2919769,
5.746696,
-0.2971916,
5.753647,
-0.3010178,
5.755939,
-0.3059845,
5.762753,
-0.3096237,
5.765022,
-0.3149643,
5.771908,
-0.3183136,
5.773483,
-0.3237686,
5.780365,
-0.3274193,
5.78265,
-0.332737,
5.789608,
-0.3362389,
5.791962,
-0.3413696,
5.798973,
-0.345108,
5.801029,
-0.3503418,
5.808071,
-0.35392,
5.808941,
-0.3597679,
5.815842,
-0.3632927,
5.818206,
-0.368515,
5.825085,
-0.3724842,
5.827484,
-0.377533,
5.834408,
-0.3812904,
5.836864,
-0.3867035,
5.843891,
-0.3901863,
5.845579,
-0.3959961,
5.852554,
-0.3996887,
5.85482,
-0.4048843,
5.862083,
-0.4086075,
5.864353,
-0.4139175,
5.871372,
-0.4176426,
5.873726,
-0.4231567,
5.880943,
-0.4270172,
5.881805,
-0.4327393,
5.889069,
-0.4363861,
5.891296,
-0.4418449,
5.898411,
-0.445919,
5.900942,
-0.4509392,
5.908175,
-0.4548321,
5.910294,
-0.4604092,
5.917686,
-0.464119,
5.919388,
-0.4698563,
5.926609,
-0.473732,
5.928967,
-0.4793892,
5.936405,
-0.4829979,
5.938805,
-0.4883728,
5.946041,
-0.4922485,
5.948486,
-0.4979572,
5.955624,
-0.5019016,
5.956785,
-0.5077591,
5.964149,
-0.5115891,
5.966415,
-0.5169487,
5.973701,
-0.5211906,
5.976368,
-0.5263405,
5.983704,
-0.5303574,
5.986084,
-0.5361328,
5.993549,
-0.5399666,
5.995274,
-0.545784,
6.002678,
-0.5498886,
6.005142,
-0.5552788,
6.012543,
-0.5593338,
6.014908,
-0.5649567,
6.022507,
-0.5689926,
6.02494,
-0.5746078,
6.032509,
-0.5787201,
6.033501,
-0.5846329,
6.041237,
-0.5885849,
6.043526,
-0.5941925,
6.050987,
-0.5984764,
6.053734,
-0.6039848,
6.061203,
-0.6081772,
6.063644,
-0.6138458,
6.071205,
-0.617775,
6.07325,
-0.6238708,
6.080711,
-0.6280518,
6.083336,
-0.6336212,
6.091011,
-0.6378479,
6.093681,
-0.64328,
6.10112,
-0.647583,
6.103714,
-0.6535034,
6.111588,
-0.6576691,
6.112549,
-0.6637573,
6.120377,
-0.6677399,
6.122803,
-0.673584,
6.130371,
-0.6777344,
6.133392,
-0.6835632,
6.140869,
-0.687851,
6.143547,
-0.6937523,
6.151131,
-0.6978874,
6.153297,
-0.7039948,
6.161091,
-0.7082405,
6.163727,
-0.7141571,
6.171478,
-0.7184372,
6.174255,
-0.7241211,
6.182037,
-0.7284088,
6.184784,
-0.734436,
6.192871,
-0.7388916,
6.193878,
-0.7449951,
6.201624,
-0.7492867,
6.204697,
-0.7551422,
6.21212,
-0.7597656,
6.215187,
-0.7655296,
6.223091,
-0.7699356,
6.225746,
-0.7758598,
6.233658,
-0.7802277,
6.235733,
-0.7864685,
6.243744,
-0.7910614,
6.24646,
-0.796936,
6.254517,
-0.8012695,
6.257263,
-0.807373,
6.265259,
-0.8115234,
6.268066,
-0.8178406,
6.276093,
-0.8223877,
6.277588,
-0.8286743,
6.285507,
-0.8332825,
6.2883,
-0.8391418,
6.296356,
-0.8439026,
6.299225,
-0.8496094,
6.307327,
-0.8545532,
6.310272,
-0.8605728,
6.318359,
-0.8651428,
6.320618,
-0.8712616,
6.328751,
-0.8761292,
6.331543,
-0.8821411,
6.339722,
-0.8866882,
6.342697,
-0.8926697,
6.350891,
-0.8974915,
6.353699,
-0.9036713,
6.362457,
-0.9082336,
6.363525,
-0.9147949,
6.371681,
-0.9195251,
6.374737,
-0.9256554,
6.382725,
-0.9306469,
6.386064,
-0.9365101,
6.394199,
-0.941391,
6.39727,
-0.9477217,
6.405409,
-0.9522371,
6.408043,
-0.9586792,
6.416187,
-0.9638729,
6.419247,
-0.9698715,
6.427528,
-0.9746666,
6.430779,
-0.9808884,
6.438934,
-0.9857178,
6.442627,
-0.9920654,
6.450439,
-0.9969482,
6.452209,
-1.003418,
6.46051,
-1.008301,
6.463791,
-1.014648,
6.472076,
-1.019775,
6.475372,
-1.02594,
6.483765,
-1.031006,
6.486908,
-1.037567,
6.495445,
-1.042397,
6.49791,
-1.048848,
6.506514,
-1.053873,
6.509583,
-1.06023,
6.518158,
-1.065308,
6.521561,
-1.071503,
6.529968,
-1.076447,
6.533112,
-1.083252,
6.542038,
-1.088379,
6.543549,
-1.095108,
6.552139,
-1.100235,
6.555313,
-1.106239,
6.563965,
-1.111908,
6.567566,
-1.118073,
6.576111,
-1.123413,
6.579346,
-1.129883,
6.588348,
-1.135269,
6.590752,
-1.141773,
6.599503,
-1.147129,
6.602726,
-1.153618,
6.611565,
-1.159039,
6.614929,
-1.165215,
6.623657,
-1.17041,
6.627045,
-1.1772,
6.635933,
-1.18251,
6.637909,
-1.189331,
6.646683,
-1.194664,
6.650156,
-1.201168,
6.658975,
-1.206763,
6.662537,
-1.213135,
6.671417,
-1.218811,
6.674759,
-1.225304,
6.683868,
-1.230743,
6.686554,
-1.237495,
6.69548,
-1.243443,
6.698975,
-1.249817,
6.708069,
-1.255127,
6.711731,
-1.262024,
6.72052,
-1.267494,
6.723969,
-1.274319,
6.733154,
-1.279922,
6.735126,
-1.286877,
6.744289,
-1.292458,
6.747879,
-1.298988,
6.756969,
-1.305298,
6.760656,
-1.311516,
6.769688,
-1.317257,
6.773422,
-1.324013,
6.782532,
-1.329559,
6.785583,
-1.336761,
6.794579,
-1.34239,
6.798311,
-1.349293,
6.807732,
-1.354897,
6.811493,
-1.361481,
6.820461,
-1.367573,
6.824097,
-1.374619,
6.833618,
-1.380402,
6.835892,
-1.387558,
6.845032,
-1.393356,
6.848846,
-1.400116,
6.858398,
-1.406433,
6.861969,
-1.413055,
6.871277,
-1.418911,
6.875164,
-1.426048,
6.884827,
-1.431595,
6.887756,
-1.43924,
6.897186,
-1.445114,
6.90094,
-1.452103,
6.910477,
-1.458038,
6.91452,
-1.465057,
6.923889,
-1.471069,
6.927856,
-1.47821,
6.937561,
-1.484375,
6.940063,
-1.491486,
6.949257,
-1.497646,
6.953179,
-1.504898,
6.962791,
-1.511124,
6.966843,
-1.517895,
6.976715,
-1.524025,
6.98053,
-1.531418,
6.990601,
-1.537659,
6.993416,
-1.544907,
7.003191,
-1.55138,
7.00709,
-1.55842,
7.017189,
-1.56472,
7.02145,
-1.571541,
7.030807,
-1.57795,
7.03479,
-1.585449,
7.04488,
-1.591908,
7.047459,
-1.599209,
7.057312,
-1.605469,
7.061401,
-1.61264,
7.071152,
-1.619598,
7.075424,
-1.626602,
7.085327,
-1.632935,
7.089439,
-1.640816,
7.0994,
-1.646896,
7.102936,
-1.654572,
7.112778,
-1.66114,
7.117111,
-1.668663,
7.127184,
-1.674927,
7.131714,
-1.682129,
7.141602,
-1.688843,
7.145813,
-1.696533,
7.156067,
-1.703125,
7.158737,
-1.710785,
7.168854,
-1.717194,
7.173157,
-1.724976,
7.183441,
-1.731812,
7.187881,
-1.739197,
7.197937,
-1.746124,
7.202332,
-1.753418,
7.21286,
-1.760223,
7.216278,
-1.767883,
7.226532,
-1.774979,
7.231049,
-1.782578,
7.241394,
-1.7892,
7.246033,
-1.796875,
7.256409,
-1.803772,
7.260872,
-1.811668,
7.271347,
-1.81855,
7.274292,
-1.826477,
7.284561,
-1.833252,
7.289207,
-1.840942,
7.299473,
-1.848244,
7.304302,
-1.855816,
7.314884,
-1.862946,
7.319262,
-1.870995,
7.330053,
-1.877708,
7.334106,
-1.88562,
7.344482,
-1.892792,
7.349394,
-1.900835,
7.359848,
-1.907913,
7.364784,
-1.915672,
7.375312,
-1.922963,
7.380066,
-1.930931,
7.390869,
-1.938354,
7.394073,
-1.946381,
7.404686,
-1.953583,
7.40966,
-1.961533,
7.420242,
-1.969086,
7.425323,
-1.977066,
7.436279,
-1.983826,
7.4408,
-1.992565,
7.451723,
-1.999661,
7.45607,
-2.007973,
7.466949,
-2.015533,
7.471954,
-2.023575,
7.48291,
-2.03125,
7.488182,
-2.038925,
7.498993,
-2.046551,
7.503628,
-2.055019,
7.515034,
-2.062605,
7.518477,
-2.07094,
7.529663,
-2.078293,
7.534668,
-2.086517,
7.545517,
-2.094566,
7.550877,
-2.102524,
7.562195,
-2.110596,
7.567017,
-2.118835,
7.578506,
-2.126358,
7.582779,
-2.134827,
7.594177,
-2.142822,
7.599236,
-2.151142,
7.610481,
-2.158951,
7.616394,
-2.166931,
7.627258,
-2.175171,
7.632378,
-2.183914,
7.644012,
-2.191811,
7.647888,
-2.200439,
7.659081,
-2.208298,
7.66431,
-2.216549,
7.675892,
-2.225021,
7.681328,
-2.233391,
7.692764,
-2.241447,
7.698151,
-2.250153,
7.709908,
-2.257904,
7.714661,
-2.266785,
7.7262,
-2.275002,
7.731659,
-2.283691,
7.74353,
-2.29187,
7.749115,
-2.300446,
7.76062,
-2.308472,
7.766266,
-2.317749,
7.778343,
-2.326088,
7.782257,
-2.335068,
7.793823,
-2.343353,
7.799545,
-2.351898,
7.811478,
-2.360165,
7.817245,
-2.369423,
7.828987,
-2.377754,
7.834782,
-2.386841,
7.846848,
-2.395142,
7.851791,
-2.404205,
7.863846,
-2.412781,
7.86972,
-2.421722,
7.881805,
-2.430443,
7.887821,
-2.439222,
7.899792,
-2.447791,
7.905529,
-2.457115,
7.917885,
-2.465675,
7.922073,
-2.475027,
7.934265,
-2.483765,
7.940338,
-2.492767,
7.952168,
-2.50174,
7.958702,
-2.510841,
7.970963,
-2.51976,
7.977005,
-2.529144,
7.989563,
-2.537903,
7.994665,
-2.54731,
8.007071,
-2.556319,
8.013136,
-2.565547,
8.025986,
-2.574708,
8.032156,
-2.583915,
8.044479,
-2.592896,
8.050808,
-2.602566,
8.063534,
-2.61154,
8.068027,
-2.621185,
8.080536,
-2.630257,
8.086992,
-2.639462,
8.099464,
-2.6493,
8.105946,
-2.658436,
8.118813,
-2.667862,
8.125214,
-2.677734,
8.138123,
-2.686844,
8.143738,
-2.696472,
8.156548,
-2.705814,
8.163177,
-2.715698,
8.176086,
-2.724884,
8.182648,
-2.734802,
8.195549,
-2.744049,
8.201996,
-2.753937,
8.215729,
-2.763672,
8.2202,
-2.773773,
8.233383,
-2.783325,
8.240021,
-2.792725,
8.252834,
-2.802826,
8.259917,
-2.812685,
8.273079,
-2.822525,
8.279785,
-2.832535,
8.293282,
-2.842026,
8.299461,
-2.852081,
8.312666,
-2.862341,
8.319492,
-2.872234,
8.332962,
-2.882233,
8.340149,
-2.892212,
8.353531,
-2.902191,
8.360664,
-2.91256,
8.374084,
-2.922562,
8.379379,
-2.932816,
8.392883,
-2.942749,
8.400055,
-2.952942,
8.413319,
-2.963419,
8.420864,
-2.973774,
8.43458,
-2.983742,
8.441519,
-2.994564,
8.455627,
-3.004395,
8.461892,
-3.015216,
8.475756,
-3.02553,
8.483215,
-3.036194,
8.496925,
-3.046501,
8.504555,
-3.056808,
8.518616,
-3.067162,
8.525631,
-3.078339,
8.539917,
-3.088768,
8.545715,
-3.099487,
8.559641,
-3.109932,
8.567251,
-3.120605,
8.581055,
-3.131699,
8.589203,
-3.142273,
8.603146,
-3.152842,
8.610762,
-3.163942,
8.625431,
-3.174643,
8.632233,
-3.185516,
8.646522,
-3.196534,
8.654057,
-3.207442,
8.668577,
-3.21846,
8.676804,
-3.229248,
8.691254,
-3.240234,
8.698746,
-3.251472,
8.713684,
-3.262623,
8.719738,
-3.273697,
8.734619,
-3.28479,
8.742234,
-3.295859,
8.75676,
-3.307384,
8.765472,
-3.318604,
8.779953,
-3.330017,
8.78804,
-3.341293,
8.803078,
-3.352566,
8.810209,
-3.363861,
8.825287,
-3.375679,
8.833618,
-3.387207,
8.848648,
-3.398272,
8.856904,
-3.410048,
8.872017,
-3.421545,
8.880234,
-3.43309,
8.895737,
-3.444946,
8.902153,
-3.456627,
8.917572,
-3.468201,
8.925909,
-3.479879,
8.941292,
-3.492226,
8.949837,
-3.503647,
8.965225,
-3.515289,
8.973975,
-3.52737,
8.989713,
-3.539107,
8.997375,
-3.551483,
9.012829,
-3.563435,
9.021444,
-3.57542,
9.037407,
-3.587563,
9.046555,
-3.599213,
9.061935,
-3.61171,
9.07077,
-3.624138,
9.086777,
-3.636597,
9.093834,
-3.648468,
9.109711,
-3.660858,
9.118675,
-3.672775,
9.13475,
-3.685486,
9.143906,
-3.697876,
9.159847,
-3.710385,
9.168915,
-3.723018,
9.185328,
-3.735182,
9.193573,
-3.748142,
9.20993,
-3.760773,
9.219139,
-3.773346,
9.235786,
-3.786064,
9.245041,
-3.798599,
9.261698,
-3.811438,
9.270784,
-3.824326,
9.287766,
-3.837128,
9.295418,
-3.850109,
9.311775,
-3.862948,
9.321472,
-3.875656,
9.337793,
-3.889387,
9.347771,
-3.902077,
9.364655,
-3.915115,
9.374275,
-3.928497,
9.391541,
-3.941605,
9.400195,
-3.954854,
9.417221,
-3.96843,
9.427063,
-3.981606,
9.444658,
-3.99509,
9.454624,
-4.008392,
9.471409,
-4.021667,
9.481594,
-4.035374,
9.498749,
-4.049065,
9.507111,
-4.062408,
9.52478,
-4.075974,
9.534897,
-4.08902,
9.552017,
-4.10376,
9.56262,
-4.117316,
9.580339,
-4.130901,
9.590462,
-4.145235,
9.60831,
-4.158823,
9.617844,
-4.17276,
9.635413,
-4.186956,
9.646008,
-4.200878,
9.66399,
-4.215118,
9.67482,
-4.228851,
9.692657,
-4.243454,
9.703209,
-4.257652,
9.721703,
-4.272118,
9.730324,
-4.286324,
9.748703,
-4.300503,
9.759508,
-4.314657,
9.777652,
-4.329824,
9.788927,
-4.344116,
9.80714,
-4.35883,
9.818237,
-4.373604,
9.837006,
-4.387955,
9.847263,
-4.402703,
9.865837,
-4.417782,
9.877159,
-4.432507,
9.896013,
-4.44747,
9.907592,
-4.46197,
9.926216,
-4.477295,
9.937578,
-4.492401,
9.95682,
-4.507872,
9.966276,
-4.522444,
9.985489,
-4.537781,
9.997169,
-4.552746,
10.01592,
-4.568623,
10.02809,
-4.583611,
10.04732,
-4.599325,
10.05911,
-4.61463,
10.07878,
-4.630211,
10.08972,
-4.645714,
10.10933,
-4.661621,
10.12131,
-4.677223,
10.14119,
-4.693069,
10.15352,
-4.708527,
10.17316,
-4.724556,
10.18514,
-4.740406,
10.20545,
-4.756819,
10.21585,
-4.772316,
10.23566,
-4.788602,
10.24822,
-4.804346,
10.26827,
-4.821435,
10.28117,
-4.837114,
10.30119,
-4.85362,
10.31396,
-4.870009,
10.33462,
-4.886557,
10.34647,
-4.902677,
10.36685,
-4.919743,
10.37984,
-4.936007,
10.40062,
-4.953205,
10.41397,
-4.969398,
10.43463,
-4.986465,
10.44759,
-5.003277,
10.46896,
-5.020821,
10.47992,
-5.037006,
10.50103,
-5.054142,
10.5143,
-5.070953,
10.53552,
-5.089233,
10.54945,
-5.105659,
10.57056,
-5.123466,
10.58418,
-5.140579,
10.60587,
-5.158035,
10.61863,
-5.175377,
10.64021,
-5.193218,
10.65408,
-5.210754,
10.67584,
-5.228859,
10.6903,
-5.245911,
10.71191,
-5.264111,
10.72587,
-5.282059,
10.74817,
-5.300644,
10.76028,
-5.317883,
10.78261,
-5.33638,
10.79684,
-5.354031,
10.81921,
-5.372925,
10.83392,
-5.391037,
10.8564,
-5.409637,
10.87094,
-5.427826,
10.89374,
-5.446602,
10.90764,
-5.464951,
10.93035,
-5.484146,
10.94522,
-5.502525,
10.96833,
-5.521873,
10.98369,
-5.53997,
11.00658,
-5.559498,
11.02164,
-5.578493,
11.04535,
-5.598268,
11.05835,
-5.616673,
11.0821,
-5.636345,
11.09739,
-5.654945,
11.12091,
-5.675262,
11.13669,
-5.694416,
11.16047,
-5.714314,
11.17626,
-5.733739,
11.20039,
-5.753626,
11.21526,
-5.773087,
11.23921,
-5.793552,
11.25536,
-5.81312,
11.27981,
-5.833623,
11.29613,
-5.853317,
11.32061,
-5.873885,
11.33669,
-5.894197,
11.36178,
-5.915159,
11.37595,
-5.934723,
11.40076,
-5.955532,
11.41754,
-5.97607,
11.44232,
-5.997452,
11.45958,
-6.017838,
11.48468,
-6.038925,
11.50143,
-6.059792,
11.52734,
-6.081032,
11.54314,
-6.101807,
11.56869,
-6.123787,
11.58611,
-6.144753,
11.61237,
-6.166667,
11.62969,
-6.187589,
11.65555,
-6.209503,
11.67294,
-6.230927,
11.69939,
-6.253708,
11.71491,
-6.274523,
11.74157,
-6.296761,
11.75944,
-6.318207,
11.78565,
-6.341408,
11.80453,
-6.36305,
11.83081,
-6.386109,
11.8492,
-6.408237,
11.87638,
-6.430912,
11.89388,
-6.45311,
11.92081,
-6.476483,
11.93973,
-6.498859,
11.967,
-6.522423,
11.98628,
-6.544744,
12.01369,
-6.568503,
12.03253,
-6.591355,
12.06104,
-6.615304,
12.07767,
-6.638064,
12.10572,
-6.661998,
12.12539,
-6.685035,
12.15298,
-6.709906,
12.17314,
-6.733164,
12.20149,
-6.757586,
12.22146,
-6.781376,
12.25028,
-6.805855,
12.2695,
-6.829453,
12.29814,
-6.854816,
12.31838,
-6.878689,
12.34774,
-6.903957,
12.36856,
-6.927998,
12.39765,
-6.953453,
12.41874,
-6.977996,
12.44824,
-7.003893,
12.46684,
-7.02789,
12.49661,
-7.053694,
12.51795,
-7.078311,
12.54738,
-7.1051,
12.56945,
-7.12986,
12.59982,
-7.156286,
12.62122,
-7.182175,
12.65199,
-7.208251,
12.67258,
-7.233909,
12.7034,
-7.260869,
12.72561,
-7.286701,
12.75652,
-7.3136,
12.77921,
-7.339477,
12.81076,
-7.366975,
12.83248,
-7.393601,
12.86466,
-7.421507,
12.88522,
-7.447319,
12.91694,
-7.47519,
12.93992,
-7.501663,
12.97176,
-7.53059,
12.99587,
-7.557548,
13.0279,
-7.58544,
13.0514,
-7.613069,
13.08436,
-7.641802,
13.10693,
-7.66905,
13.13989,
-7.698446,
13.16376,
-7.726067,
13.19734,
-7.755567,
13.2218,
-7.783145,
13.25557,
-7.812822,
13.27946,
-7.841273,
13.31381,
-7.871414,
13.33626,
-7.899372,
13.37054,
-7.929352,
13.39548,
-7.958015,
13.42958,
-7.989177,
13.45591,
-8.017987,
13.49011,
-8.049114,
13.51585,
-8.078526,
13.55101,
-8.109634,
13.57569,
-8.138969,
13.6111,
-8.170738,
13.63744,
-8.200626,
13.6732,
-8.232193,
13.69997,
-8.262615,
13.73582,
-8.29459,
13.76253,
-8.325398,
13.79937,
-8.358125,
13.82386,
-8.388342,
13.86076,
-8.420994,
13.88795,
-8.451782,
13.92467,
-8.485941,
13.95302,
-8.51712,
13.99013,
-8.55037,
14.01842,
-8.582409,
14.05652,
-8.615953,
14.0836,
-8.64838,
14.12163,
-8.682344,
14.15033,
-8.71497,
14.18898,
-8.749508,
14.21844,
-8.782013,
14.25695,
-8.81707,
14.28617,
-8.850351,
14.32573,
-8.886063,
14.35295,
-8.918745,
14.3926,
-8.954245,
14.42247,
-8.987956,
14.4624,
-9.024662,
14.49317,
-9.058639,
14.53341,
-9.094986,
14.56421,
-9.129728,
14.60538,
-9.166023,
14.63506,
-9.201542,
14.67625,
-9.238537,
14.70779,
-9.274002,
14.7495,
-9.311428,
14.78169,
-9.347258,
14.82376,
-9.385155,
14.85567,
-9.421766,
14.89904,
-9.460135,
14.92897,
-9.495914,
14.97151,
-9.534793,
15.00487,
-9.571619,
15.04748,
-9.61123,
15.08162,
-9.648781,
15.12553,
-9.688324,
15.15911,
-9.726351,
15.20415,
-9.76617,
15.23665,
-9.804317,
15.28121,
-9.845115,
15.31593,
-9.88398,
15.36156,
-9.924857,
15.3971,
-9.964403,
15.44212,
-10.00545,
15.47775,
-10.04535,
15.52416,
-10.08728,
15.55757,
-10.12678,
15.6047,
-10.16924,
15.64106,
-10.20893,
15.68726,
-10.25266,
15.72502,
-10.29381,
15.77269,
-10.33714,
15.80986,
-10.37907,
15.85836,
-10.42268,
15.89481,
-10.46455,
15.9433,
-10.50922,
15.98176,
-10.55167,
16.03132,
-10.59661,
16.07052,
-10.63961,
16.12033,
-10.68514,
16.15934,
-10.72882,
16.20977,
-10.77499,
16.24715,
-10.81835,
16.29819,
-10.86479,
16.33874,
-10.90928,
16.38941,
-10.957,
16.43113,
-11.00212,
16.48296,
-11.05003,
16.52453,
-11.09571,
16.57745,
-11.14376,
16.61815,
-11.19009,
16.67121,
-11.23913,
16.71392,
-11.28607,
16.76796,
-11.33547,
16.8118,
-11.38285,
16.86581,
-11.43321,
16.90936,
-11.48123,
16.96489,
-11.53255,
17.00664,
-11.58023,
17.06241,
-11.63142,
17.10727,
-11.68048,
17.16319,
-11.73349,
17.20949,
-11.78312,
17.26625,
-11.83584,
17.31278,
-11.88673,
17.37084,
-11.93966,
17.41658,
-11.99106,
17.47474,
-12.04513,
17.52257,
-12.09722,
17.58165,
-12.15215,
17.63037,
-12.20432,
17.69013,
-12.25978,
17.73893,
-12.31363,
17.80004,
-12.37023,
17.84689,
-12.42303,
17.90807,
-12.48007,
17.95865,
-12.53467,
18.02,
-12.59296,
18.07202,
-12.64853,
18.135,
-12.70687,
18.18665,
-12.76322,
18.25056,
-12.8225,
18.30176,
-12.87916,
18.36638,
-12.93967,
18.41979,
-12.99739,
18.48528,
-13.05853,
18.54008,
-13.11669,
18.6059,
-13.17863,
18.66075,
-13.23827,
18.72804,
-13.30153,
18.78102,
-13.36056,
18.84922,
-13.42393,
18.90591,
-13.48478,
18.97365,
-13.54983,
19.03248,
-13.61181,
19.10216,
-13.67785,
19.16044,
-13.74023,
19.23144,
-13.80653,
19.28916,
-13.86987,
19.3609,
-13.93747,
19.42091,
-14.00204,
19.49372,
-14.0704,
19.55599,
-14.1357,
19.6287,
-14.2053,
19.69069,
-14.27223,
19.76567,
-14.34264,
19.82637,
-14.40896,
19.90166,
-14.48048,
19.9658,
-14.54873,
20.04165,
-14.62167,
20.10754,
-14.69132,
20.18517,
-14.76475,
20.25216,
-14.83539,
20.33086,
-14.90977,
20.39692,
-14.98179,
20.4763,
-15.05734,
20.54507,
-15.13028,
20.62628,
-15.20704,
20.69647,
-15.28077,
20.77867,
-15.35854,
20.84885,
-15.43455,
20.93275,
-15.51419,
21.00165,
-15.58963,
21.08642,
-15.67007,
21.15956,
-15.74685,
21.24515,
-15.8287,
21.32005,
-15.90833,
21.40687,
-15.99108,
21.48257,
-16.07151,
21.57178,
-16.15532,
21.64693,
-16.23664,
21.73677,
-16.32243,
21.81509,
-16.40547,
21.9066,
-16.49249,
21.98664,
-16.57634,
22.07943,
-16.66486,
22.15966,
-16.75083,
22.25488,
-16.84113,
22.33387,
-16.92661,
22.4294,
-17.01795,
22.51341,
-17.1065,
22.60982,
-17.19976,
22.69604,
-17.2899,
22.7946,
-17.38416,
22.88153,
-17.47592,
22.98277,
-17.57198,
23.06881,
-17.66457,
23.17094,
-17.76261,
23.26085,
-17.85751,
23.36541,
-17.95728,
23.45732,
-18.05292,
23.56216,
-18.15408,
23.65534,
-18.25251,
23.7629,
-18.35569,
23.85467,
-18.45438,
23.96403,
-18.55899,
24.06085,
-18.66024,
24.17076,
-18.76774,
24.2708,
-18.87105,
24.38319,
-18.97962,
24.48387,
-19.08544,
24.59927,
-19.19576,
24.69982,
-19.3024,
24.81649,
-19.41515,
24.92105,
-19.52465,
25.04022,
-19.63901,
25.1472,
-19.75059,
25.26771,
-19.86691,
25.37614,
-19.98096,
25.50034,
-20.10061,
25.60708,
-20.21498,
25.73273,
-20.33604,
25.84555,
-20.45329,
25.97213,
-20.57763,
26.08847,
-20.69798,
26.21852,
-20.82371,
26.3361,
-20.94659,
26.4693,
-21.07418,
26.58786,
-21.19901,
26.72248,
-21.33048,
26.84482,
-21.45784,
26.98278,
-21.59159,
27.10867,
-21.7214,
27.24833,
-21.85723,
27.3763,
-21.9909,
27.51928,
-22.13,
27.64617,
-22.26377,
27.79215,
-22.40516,
27.92533,
-22.54302,
28.07341,
-22.68857,
28.21026,
-22.83002,
28.36202,
-22.9772,
28.5006,
-23.1225,
28.65655,
-23.27226,
28.79614,
-23.4194,
28.95424,
-23.57339,
29.09956,
-23.72448,
29.26104,
-23.88112,
29.41004,
-24.03469,
29.57504,
-24.1951,
29.72554,
-24.35347,
29.89508,
-24.51794,
30.04651,
-24.67701,
30.21812,
-24.84436,
30.3769,
-25.00838,
30.55158,
-25.18079,
30.71579,
-25.34909,
30.89463,
-25.52371,
31.06084,
-25.69621,
31.24502,
-25.87547,
31.41321,
-26.05071,
31.6006,
-26.2345,
31.77478,
-26.41462,
31.96689,
-26.60291,
32.14664,
-26.787,
32.34265,
-26.97846,
32.52466,
-27.16787,
32.72654,
-27.36517,
32.9098,
-27.55675,
33.11616,
-27.75812,
33.30761,
-27.95583,
33.51688,
-28.16271,
33.71604,
-28.36619,
33.93056,
-28.57771,
34.13269,
-28.78622,
34.35391,
-29.00287,
34.55905,
-29.21551,
34.78513,
-29.4383,
34.99809,
-29.65753,
35.23044,
-29.88475,
35.44929,
-30.11006,
35.68635,
-30.3434,
35.91019,
-30.57462,
36.15492,
-30.81493,
36.381,
-31.05032,
36.63154,
-31.29604,
36.86816,
-31.53866,
37.12343,
-31.79297,
37.36762,
-32.0429,
37.63122,
-32.30225,
37.88157,
-32.55956,
38.15302,
-32.82576,
38.40806,
-33.09003,
38.68546,
-33.3642,
38.95007,
-33.6362,
39.23643,
-33.91827,
39.50997,
-34.19714,
39.8026,
-34.48771,
40.08276,
-34.77596,
40.38567,
-35.07557,
40.67017,
-35.36935,
40.98136,
-35.67685,
41.27883,
-35.98112,
41.59859,
-36.29832,
41.90587,
-36.61301,
42.23514,
-36.93884,
42.55152,
-37.264,
42.89242,
-37.59923,
43.21588,
-37.93399,
43.56604,
-38.28069,
43.9028,
-38.626,
44.26392,
-38.98369,
44.61273,
-39.33958,
44.98484,
-39.70887,
45.34344,
-40.07777,
45.72977,
-40.45928,
46.09659,
-40.83738,
46.49307,
-41.2309,
46.87733,
-41.62407,
47.28536,
-42.03214,
47.68505,
-42.43893,
48.1092,
-42.8597,
48.52032,
-43.28138,
48.96037,
-43.7169,
49.38324,
-44.15205,
49.83685,
-44.60376,
50.27875,
-45.05579,
50.75053,
-45.52383,
51.20935,
-45.99167,
51.69458,
-46.47606,
52.16982,
-46.96286,
52.67571,
-47.46663,
53.16468,
-47.96885,
53.68916,
-48.491,
54.20185,
-49.01325,
54.74359,
-49.55763,
55.27953,
-50.10229,
55.8443,
-50.66567,
56.39902,
-51.23428,
56.98874,
-51.81964,
