0.008292445 2.849566
0.008303301 2.845841
0.00830586 2.844964
0.008339426 2.833513
0.008354673 2.828342
0.008373263 2.822062
0.008387161 2.817386
0.009338714 2.530313
0.009340249 2.529897
0.009342995 2.529154
0.009343584 2.528995
0.009343748 2.52895
0.009345907 2.528366
0.009346065 2.528323
0.009349064 2.527512
0.009351296 2.526909
0.009351941 2.526735
0.009356432 2.525522
0.009357719 2.525174
0.009360892 2.524318
0.009362036 2.52401
0.009362468 2.523894
0.009362777 2.52381
0.009363037 2.52374
0.009363779 2.52354
0.009372014 2.521323
0.009373454 2.520935
0.00937649 2.520119
0.009380993 2.51891
0.009392922 2.515711
0.009399833 2.513861
0.009434646 2.504585
0.009615116 2.457576
0.009615342 2.457518
0.009615422 2.457497
0.009615516 2.457473
0.009615536 2.457468
0.009615554 2.457464
0.009615839 2.45739
0.009615893 2.457377
0.009615935 2.457366
0.009616225 2.457292
0.009616309 2.457271
0.009617629 2.456933
0.009683436 2.440236
0.01042651 2.266327
0.01042669 2.266288
0.01042993 2.265583
0.01043072 2.265411
0.01043341 2.264828
0.01043387 2.264727
0.01043612 2.264239
0.01043697 2.264054
0.01043835 2.263756
0.01044099 2.263183
0.01044243 2.26287
0.01044303 2.262741
0.01044372 2.262592
0.01044379 2.262576
0.01044475 2.262368
0.01044568 2.262166
0.01053044 2.243958
0.01053062 2.243921
0.01053076 2.24389
0.01053745 2.242467
0.01053921 2.242092
0.01053943 2.242044
0.01054015 2.241891
0.0105437 2.241137
0.01054644 2.240553
0.01054918 2.239972
0.01055119 2.239546
0.01127686 2.095431
0.01127771 2.095273
0.01128019 2.094812
0.01128222 2.094435
0.01128593 2.093746
0.01128849 2.093271
0.01129081 2.092841
0.01129286 2.092462
0.01129467 2.092126
0.01129469 2.092122
0.01129472 2.092118
0.01129656 2.091775
0.01129668 2.091753
0.0112973 2.091638
0.01130758 2.089737
0.01134775 2.08234
0.01150594 2.053711
0.01150882 2.053196
0.01151081 2.052842
0.01151242 2.052554
0.01151399 2.052274
0.01151497 2.052101
0.01151697 2.051744
0.01151766 2.051621
0.01152428 2.050442
0.01152531 2.050259
0.01158158 2.040298
0.01228081 1.924129
0.01228216 1.923918
0.0122874 1.923098
0.01228946 1.922776
0.01229004 1.922685
0.01229272 1.922265
0.01229441 1.922002
0.01229719 1.921567
0.01230028 1.921085
0.01230528 1.920304
0.01262849 1.871155
0.01363017 1.733645
0.01363112 1.733523
0.01363144 1.733484
0.01373937 1.719866
0.01429204 1.653359
0.01430329 1.652059
0.01430345 1.65204
0.01430358 1.652025
0.01432919 1.649072
0.01502399 1.572809
0.01502989 1.572193
0.01503236 1.571933
0.01503318 1.571848
0.01506457 1.568572
0.01562646 1.51217
0.01563325 1.511513
0.01563531 1.511315
0.01566613 1.508341
0.01708299 1.38324
0.01708742 1.382881
0.0170904 1.38264
0.01709125 1.382571
0.01724886 1.369938
0.01735274 1.361737
0.01761349 1.341578
0.01761943 1.341126
0.01765759 1.338227
0.01775486 1.330896
0.0177552 1.33087
0.01775521 1.33087
0.01775529 1.330863
0.01775538 1.330857
0.01775556 1.330843
0.01775562 1.330839
0.01775564 1.330837
0.01775589 1.330818
0.01775591 1.330817
0.01820991 1.297638
0.01840987 1.283544
0.01841021 1.28352
0.01841028 1.283515
0.01841038 1.283508
0.01841057 1.283495
0.0184276 1.282309
0.01864477 1.267373
0.01884666 1.253796
0.01884813 1.253699
0.01884899 1.253641
0.01885024 1.253558
0.01885284 1.253385
0.01885737 1.253084
0.01885765 1.253066
0.01887385 1.25199
0.01893322 1.248064
0.0192501 1.22752
0.01925028 1.227508
0.01926575 1.226523
0.01926595 1.22651
0.01926639 1.226482
0.01926675 1.226459
0.01928038 1.225592
0.01928174 1.225505
0.01928262 1.225449
0.01928367 1.225383
0.01946521 1.213954
0.01946721 1.213829
0.01946758 1.213806
0.01947226 1.213514
0.01947423 1.213392
0.01947609 1.213276
0.0195059 1.211422
0.01959771 1.205747
0.01976583 1.195491
0.01985401 1.190181
0.01985781 1.189954
0.01986733 1.189384
0.01986924 1.189269
0.01987869 1.188704
0.01988873 1.188104
0.01989571 1.187687
0.01989741 1.187585
0.02026417 1.166091
0.02026738 1.165907
0.02028257 1.165034
0.02028646 1.16481
0.02028662 1.164801
0.02028793 1.164726
0.02029511 1.164313
0.02029923 1.164077
0.02031252 1.163316
0.02059694 1.147251
0.02063707 1.145021
0.020842 1.133762
0.02084645 1.13352
0.02085811 1.132887
0.0208734 1.132057
0.02087493 1.131974
0.02087971 1.131715
0.02092635 1.129192
0.02109237 1.120304
0.0210925 1.120297
0.02109251 1.120297
0.0210926 1.120292
0.02115517 1.116979
0.02152607 1.097733
0.02153239 1.097411
0.02153958 1.097044
0.02155698 1.096159
0.02164643 1.091629
0.02164644 1.091628
0.02170834 1.088516
0.02206863 1.070745
0.02207736 1.070321
0.02207909 1.070238
0.0220803 1.070179
0.0221387 1.067356
0.02260726 1.045234
0.02264889 1.043313
0.0227942 1.036661
0.02302269 1.026373
0.02355454 1.003198
0.02355823 1.003041
0.02362278 1.0003
0.02370449 0.996852
0.02370516 0.9968241
0.02376678 0.9942394
0.02377846 0.9937512
0.02382599 0.9917688
0.02408949 0.9809202
0.02409398 0.9807375
0.02414721 0.9785755
0.02414931 0.9784907
0.02424915 0.9744619
0.02426725 0.9737351
0.02427123 0.9735755
0.0242791 0.9732597
0.02456075 0.9620988
0.02463798 0.959083
0.02464765 0.9587068
0.0247155 0.956075
0.02474313 0.9550074
0.02482681 0.9517884
0.02499325 0.9454501
0.02505826 0.9429973
0.02510378 0.9412873
0.02536452 0.931611
0.02542367 0.929444
0.02543848 0.9289026
0.02584638 0.9142431
0.02589124 0.912659
0.02611589 0.9048083
0.02613201 0.9042501
0.02629368 0.8986902
0.02629386 0.8986839
0.02629386 0.898684
0.02641029 0.8947223
0.02646008 0.8930386
0.02647642 0.8924874
0.02657511 0.889173
0.02666205 0.8862736
0.0267402 0.8836833
0.02674046 0.883675
0.0267407 0.8836669
0.02675991 0.8830326
0.02678106 0.8823354
0.02706637 0.8730345
0.02709249 0.8721926
0.02732605 0.864738
0.02733203 0.8645486
0.02734463 0.8641503
0.02734585 0.8641117
0.02737993 0.8630362
0.02769033 0.853362
0.02777003 0.8509128
0.02777958 0.8506203
0.02778162 0.8505577
0.02782521 0.8492255
0.0279354 0.8458757
0.02812889 0.8400568
0.02819291 0.8381495
0.0284322 0.8310955
0.02843236 0.831091
0.02844427 0.8307429
0.02846969 0.8300009
0.02848738 0.8294854
0.02849355 0.8293062
0.02875119 0.8218747
0.02875138 0.8218693
0.02875203 0.8218507
0.02875276 0.8218297
0.02875307 0.8218209
0.02875316 0.8218184
0.02875321 0.8218167
0.02877856 0.8210928
0.0288122 0.8201341
0.02885846 0.8188195
0.02890095 0.8176158
0.02895955 0.8159613
0.02910861 0.811783
0.02916043 0.8103403
0.0291607 0.8103328
0.02916137 0.8103143
0.02916179 0.8103026
0.0292353 0.8082651
0.02939205 0.8039544
0.02942954 0.8029305
0.0294335 0.8028225
0.02943788 0.802703
0.02943885 0.8026766
0.02944119 0.8026127
0.02944228 0.802583
0.02944405 0.8025348
0.02944582 0.8024866
0.02945997 0.802101
0.02947568 0.8016736
0.02948622 0.801387
0.02951514 0.8006017
0.02953224 0.8001382
0.02955412 0.7995456
0.02957134 0.7990803
0.02957205 0.7990609
0.0298374 0.7919547
0.02983973 0.7918929
0.02984301 0.791806
0.02987197 0.7910383
0.03016838 0.7832664
0.03031649 0.7794394
0.03032735 0.7791607
0.03032891 0.7791204
0.03033834 0.7788782
0.03034135 0.778801
0.03035399 0.7784766
0.03035776 0.7783799
0.03036094 0.7782984
0.03041145 0.7770057
0.03048087 0.7752362
0.03049328 0.7749205
0.03049898 0.7747757
0.03051855 0.7742789
0.03070669 0.769535
0.03071643 0.7692909
0.03071808 0.7692497
0.03071828 0.7692446
0.03071881 0.7692313
0.03073687 0.7687794
0.03074444 0.76859
0.03075182 0.7684057
0.0309238 0.7641323
0.03097167 0.7629512
0.030983 0.762672
0.0309878 0.762554
0.03098859 0.7625346
0.03099973 0.7622604
0.03102298 0.7616893
0.03110471 0.759688
0.03129593 0.7550461
0.03134507 0.7538624
0.03135071 0.7537268
0.03136107 0.7534779
0.03136122 0.7534743
0.03136389 0.7534101
0.03137574 0.7531256
0.03137591 0.7531214
0.03137888 0.7530501
0.03139599 0.7526398
0.03147362 0.7507835
0.03149995 0.7501559
0.03153078 0.7494226
0.0315445 0.7490965
0.03177538 0.7436535
0.03184073 0.7421272
0.03210368 0.7360486
0.03219295 0.7340077
0.03225471 0.7326021
0.03239895 0.7293408
0.03243402 0.7285521
0.0324685 0.7277783
0.0325622 0.725684
0.03270895 0.7224284
0.03280507 0.7203115
0.032844 0.7194579
0.03284628 0.719408
0.03288668 0.7185242
0.03315497 0.7127098
0.03337615 0.7079868
0.03348747 0.7056333
0.03365986 0.7020195
0.0337686 0.6997587
0.03380925 0.6989174
0.03402143 0.6945586
0.03437337 0.6874471
0.03441373 0.6866407
0.03451849 0.684557
0.03468141 0.6813412
0.0346814 0.6813413
0.03502088 0.6747367
0.03517102 0.6718563
0.03517314 0.6718158
0.03520274 0.6712509
0.03522359 0.6708536
0.03541449 0.6672373
0.0354366 0.6668211
0.03548244 0.6659596
0.03550769 0.6654861
0.03555185 0.6646594
0.03562518 0.6632913
0.03565353 0.6627638
0.03576547 0.6606896
0.0357848 0.6603327
0.03599657 0.6564478
0.03601272 0.6561534
0.03617541 0.6532027
0.0363224 0.6505593
0.03632911 0.6504391
0.03632949 0.6504323
0.03634487 0.6501571
0.03637484 0.6496214
0.0363758 0.6496042
0.03639182 0.6493183
0.03639766 0.6492141
0.0366951 0.6439518
0.03679799 0.6421512
0.0368988 0.6403968
0.03691081 0.6401885
0.03691271 0.6401554
0.03697055 0.6391539
0.03705185 0.6377515
0.03708598 0.6371645
0.03713521 0.6363199
0.03720129 0.6351897
0.03722604 0.6347673
0.0372564 0.63425
0.03728854 0.6337033
0.03738131 0.6321306
0.03745641 0.6308632
0.03749887 0.630149
0.03750557 0.6300364
0.03758785 0.6286572
0.03760581 0.628357
0.0376243 0.6280481
0.03763287 0.6279051
0.03764258 0.6277431
0.03768431 0.627048
0.03790537 0.6233912
0.03792961 0.6229928
0.03793363 0.6229268
0.03795287 0.6226109
0.03795399 0.6225926
0.03817689 0.6189576
0.03823247 0.6180577
0.03844568 0.61463
0.03845565 0.6144708
0.03846714 0.6142873
0.03851655 0.6134992
0.03871587 0.6103407
0.0388138 0.6088008
0.03882286 0.6086588
0.03883654 0.6084443
0.03894539 0.6067438
0.03895938 0.6065258
0.03916565 0.6033316
0.03916845 0.6032884
0.03922985 0.6023442
0.03925664 0.6019331
0.03928105 0.601559
0.03944757 0.5990197
0.03954599 0.5975289
0.03962349 0.5963603
0.03965085 0.5959487
0.03967091 0.5956473
0.03998705 0.5909382
0.04003784 0.5901885
0.04003879 0.5901745
0.04006404 0.5898026
0.04013827 0.5887118
0.04027043 0.5867798
0.04033137 0.5858931
0.04033337 0.5858641
0.04033382 0.5858575
0.04035542 0.585544
0.0403969 0.5849427
0.04043579 0.58438
0.04048954 0.5836045
0.04049179 0.583572
0.04053257 0.5829847
0.04053377 0.5829675
0.04057233 0.5824135
0.04071972 0.5803053
0.04082383 0.5788254
0.04082584 0.578797
0.04086874 0.5781895
0.04091805 0.5774925
0.04115951 0.5741047
0.04116581 0.5740169
0.04125581 0.5727648
0.0413308 0.5717255
0.04136433 0.5712621
0.04145523 0.5700094
0.04147265 0.56977
0.04149347 0.5694841
0.0414981 0.5694206
0.04151106 0.5692428
0.04155738 0.5686083
0.04166561 0.5671313
0.04186897 0.5643767
0.04192209 0.5636617
0.0419248 0.5636251
0.04192803 0.5635817
0.0419513 0.5632691
0.04198814 0.5627749
0.04204321 0.5620378
0.04209748 0.5613133
0.04211347 0.5611001
0.04212557 0.5609389
0.04213949 0.5607536
0.04226247 0.5591219
0.04237987 0.557573
0.04240453 0.5572488
0.04240673 0.5572198
0.04263823 0.5541945
0.04264584 0.5540957
0.04267912 0.5536635
0.04272438 0.553077
0.0427323 0.5529745
0.0428869 0.550981
0.04289207 0.5509146
0.04302495 0.5492132
0.04303744 0.5490538
0.04310032 0.5482528
0.04313337 0.5478328
0.04319821 0.5470104
0.04321402 0.5468104
0.04349179 0.543318
0.04352033 0.5429617
0.04356553 0.5423984
0.04364727 0.5413826
0.04378108 0.5397279
0.04397153 0.5373902
0.04420016 0.5346106
0.04421416 0.5344413
0.04424602 0.5340565
0.04426771 0.5337948
0.0444269 0.5318821
0.04448669 0.5311673
0.04456341 0.5302529
0.04470724 0.5285468
0.04475191 0.5280193
0.04478176 0.5276673
0.0447913 0.5275549
0.04487374 0.5265857
0.04508111 0.5241635
0.04508971 0.5240635
0.04516745 0.5231616
0.04522751 0.5224668
0.04572423 0.516791
0.04573452 0.5166747
0.04578302 0.5161275
0.04594042 0.5143591
0.04595451 0.5142014
0.0459549 0.5141971
0.0459934 0.5137665
0.04619491 0.5115254
0.04621189 0.5113374
0.04622921 0.5111459
0.04641424 0.5091082
0.04646333 0.5085703
0.04649901 0.5081801
0.04653334 0.5078052
0.0465733 0.5073695
0.04666975 0.506321
0.04667808 0.5062305
0.04677262 0.5052074
0.04678977 0.5050222
0.04707459 0.5019667
0.0471516 0.5011469
0.04718718 0.5007689
0.04720704 0.5005583
0.04725144 0.5000879
0.04726527 0.4999416
0.04741091 0.4984059
0.04741187 0.4983957
0.04744327 0.4980659
0.04746637 0.4978235
0.04768541 0.4955367
0.04777563 0.494601
0.04784868 0.4938458
0.04787196 0.4936058
0.04789218 0.4933973
0.04808105 0.4914592
0.04809313 0.4913358
0.04813222 0.4909367
0.04813648 0.4908932
0.04837396 0.4884833
0.0484248 0.4879704
0.04843038 0.4879143
0.04855565 0.4866555
0.04872443 0.4849698
0.04876612 0.4845551
0.04877754 0.4844418
0.04898355 0.4824043
0.04903932 0.4818557
0.0492336 0.4799542
0.04934602 0.4788607
0.0493713 0.4786156
0.04941089 0.478232
0.04944888 0.4778647
0.04950299 0.4773423
0.04963752 0.4760486
0.04968747 0.47557
0.04969181 0.4755285
0.04972127 0.4752468
0.04987498 0.473782
0.04989334 0.4736078
0.04990511 0.473496
0.05010901 0.4715693
0.05011963 0.4714693
0.05042036 0.4686574
0.05057774 0.4671991
0.05066945 0.4663534
0.05082617 0.4649155
0.05083771 0.4648099
0.05102352 0.4631172
0.05106745 0.4627188
0.05113534 0.4621046
0.05126685 0.4609192
0.05131658 0.4604725
0.05136378 0.4600493
0.05142291 0.4595204
0.05165147 0.4574869
0.05165343 0.4574696
0.05171476 0.4569271
0.05172681 0.4568205
0.05180953 0.4560912
0.05180958 0.4560908
0.05181105 0.4560779
0.05203801 0.4540887
0.05203814 0.4540875
0.0520395 0.4540757
0.05222579 0.4524559
0.05238654 0.4510676
0.05242714 0.4507183
0.05254165 0.4497359
0.052643 0.4488701
0.05286761 0.4469632
0.05316925 0.4444274
0.05321553 0.4440409
0.05324094 0.443829
0.05328526 0.4434598
0.05331512 0.4432115
0.05334518 0.4429617
0.05338692 0.4426153
0.05339242 0.4425698
0.05342836 0.4422721
0.05349911 0.4416872
0.05351348 0.4415686
0.05353919 0.4413565
0.05361512 0.4407316
0.05364094 0.4405194
0.05366543 0.4403184
0.0536887 0.4401275
0.05374169 0.4396935
0.05380043 0.4392135
0.05391037 0.4383177
0.05394694 0.4380206
0.05409578 0.4368154
0.05411958 0.4366234
0.05441514 0.4342518
0.05444072 0.4340478
0.05451394 0.4334648
0.054526 0.4333689
0.05458862 0.4328718
0.05469904 0.4319979
0.054729 0.4317614
0.05495934 0.4299519
0.05500382 0.4296042
0.05516975 0.4283121
0.05519708 0.4281001
0.05521662 0.4279485
0.05553859 0.4254677
0.05557194 0.4252124
0.055626 0.424799
0.05566327 0.4245146
0.05584879 0.4231045
0.05589848 0.4227284
0.05601274 0.421866
0.05611908 0.4210667
0.05612624 0.4210129
0.05625534 0.4200467
0.05647495 0.4184133
0.056736 0.4164882
0.05703041 0.4143382
0.05703679 0.4142917
0.05709237 0.4138884
0.05709438 0.4138738
0.05743653 0.4114084
0.05750139 0.4109444
0.05764882 0.4098934
0.05807809 0.4068638
0.05851036 0.4038579
0.0587471 0.4022305
0.05897542 0.4006733
0.05903591 0.4002627
0.05923298 0.398931
0.05944643 0.3974985
0.05950969 0.397076
0.05952954 0.3969437
0.05992857 0.3943006
0.05999327 0.3938754
0.06004599 0.3935296
0.06013392 0.3929542
0.06065011 0.3896097
0.0607728 0.3888232
0.06174591 0.3826954
0.06177293 0.382528
0.06182994 0.3821752
0.06233615 0.3790717
0.06297576 0.3752217
0.06303961 0.3748417
0.06304187 0.3748282
0.06307391 0.3746378
0.06308395 0.3745781
0.06309526 0.3745111
0.06312405 0.3743403
0.06316839 0.3740774
0.06317016 0.374067
0.06317354 0.374047
0.06323157 0.3737037
0.06335577 0.3729711
0.06335849 0.3729551
0.06345746 0.3723735
0.06354026 0.3718882
0.06359557 0.3715648
0.06393742 0.3695781
0.06400254 0.3692021
0.06405725 0.3688868
0.06408194 0.3687446
0.0646773 0.3653503
0.06476478 0.3648568
0.06478436 0.3647466
0.06481373 0.3645813
0.06484288 0.3644174
0.06492306 0.3639674
0.06495953 0.363763
0.0649706 0.363701
0.06509675 0.3629962
0.06535288 0.3615736
0.06543016 0.3611465
0.06561772 0.3601142
0.06567388 0.3598062
0.06569638 0.359683
0.06618164 0.3570458
0.06669562 0.3542942
0.06685885 0.3534292
0.06707493 0.3522907
0.06736813 0.3507574
0.06743941 0.3503867
0.06749107 0.3501185
0.06782596 0.3483898
0.06896014 0.3426599
0.06924402 0.3412551
0.06966699 0.3391832
0.06988215 0.3381389
0.07031608 0.3360522
0.07032056 0.3360308
0.07040114 0.3356462
0.07085569 0.3334929
0.07086553 0.3334466
0.07102261 0.3327091
0.07154477 0.3302809
0.07203079 0.3280524
0.07228073 0.326918
0.07246231 0.3260988
0.07265835 0.325219
0.07284218 0.3243982
0.07295597 0.3238922
0.0732652 0.3225251
0.07388882 0.3198031
0.07473377 0.3161874
0.07509073 0.3146843
0.07987384 0.2958399
0.08166555 0.2893493
0.0931831 0.2535854
0.09417529 0.2509137
0.09661061 0.2445888
