0
2.69165
5.383301
8.074951
10.7666
13.45825
16.1499
18.84155
21.5332
24.22485
26.9165
29.60815
32.2998
34.99146
37.68311
40.37476
43.06641
45.75806
48.44971
51.14136
53.83301
56.52466
59.21631
61.90796
64.59961
67.29126
69.98291
72.67456
75.36621
78.05786
80.74951
83.44116
86.13281
88.82446
91.51611
94.20776
96.89941
99.59106
102.2827
104.9744
107.666
110.3577
113.0493
115.741
118.4326
121.1243
123.8159
126.5076
129.1992
131.8909
134.5825
137.2742
139.9658
142.6575
145.3491
148.0408
150.7324
153.4241
156.1157
158.8074
161.499
164.1907
166.8823
169.574
172.2656
174.9573
177.6489
180.3406
183.0322
185.7239
188.4155
191.1072
193.7988
196.4905
199.1821
201.8738
204.5654
207.2571
209.9487
212.6404
215.332
218.0237
220.7153
223.407
226.0986
228.7903
231.4819
234.1736
236.8652
239.5569
242.2485
244.9402
247.6318
250.3235
253.0151
255.7068
258.3984
261.0901
263.7817
266.4734
269.165
271.8567
274.5483
277.24
279.9316
282.6233
285.3149
288.0066
290.6982
293.3899
296.0815
298.7732
301.4648
304.1565
306.8481
309.5398
312.2314
314.9231
317.6147
320.3064
322.998
325.6897
328.3813
331.073
333.7646
336.4563
339.1479
341.8396
344.5313
347.2229
349.9146
352.6062
355.2979
357.9895
360.6812
363.3728
366.0645
368.7561
371.4478
374.1394
376.8311
379.5227
382.2144
384.906
387.5977
390.2893
392.981
395.6726
398.3643
401.0559
403.7476
406.4392
409.1309
411.8225
414.5142
417.2058
419.8975
422.5891
425.2808
427.9724
430.6641
433.3557
436.0474
438.739
441.4307
444.1223
446.814
449.5056
452.1973
454.8889
457.5806
460.2722
462.9639
465.6555
468.3472
471.0388
473.7305
476.4221
479.1138
481.8054
484.4971
487.1887
489.8804
492.572
495.2637
497.9553
500.647
503.3386
506.0303
508.7219
511.4136
514.1052
516.7969
519.4885
522.1802
524.8718
527.5635
530.2551
532.9468
535.6384
538.3301
541.0217
543.7134
546.405
549.0967
551.7883
554.48
557.1716
559.8633
562.5549
565.2466
567.9382
570.6299
573.3215
576.0132
578.7048
581.3965
584.0881
586.7798
589.4714
592.1631
594.8547
597.5464
600.238
602.9297
605.6213
608.313
611.0046
613.6963
616.3879
619.0796
621.7712
624.4629
627.1545
629.8462
632.5378
635.2295
637.9211
640.6128
643.3044
645.9961
648.6877
651.3794
654.071
656.7627
659.4543
662.146
664.8376
667.5293
670.2209
672.9126
675.6042
678.2959
680.9875
683.6792
686.3708
689.0625
691.7542
694.4458
697.1375
699.8291
702.5208
705.2124
707.9041
710.5957
713.2874
715.979
718.6707
721.3623
724.054
726.7456
729.4373
732.1289
734.8206
737.5122
740.2039
742.8955
745.5872
748.2788
750.9705
753.6621
756.3538
759.0454
761.7371
764.4287
767.1204
769.812
772.5037
775.1953
777.887
780.5786
783.2703
785.9619
788.6536
791.3452
794.0369
796.7285
799.4202
802.1118
804.8035
807.4951
810.1868
812.8784
815.5701
818.2617
820.9534
823.645
826.3367
829.0283
831.72
834.4116
837.1033
839.7949
842.4866
845.1782
847.8699
850.5615
853.2532
855.9448
858.6365
861.3281
864.0198
866.7114
869.4031
872.0947
874.7864
877.478
880.1697
882.8613
885.553
888.2446
890.9363
893.6279
896.3196
899.0112
901.7029
904.3945
907.0862
909.7778
912.4695
915.1611
917.8528
920.5444
923.2361
925.9277
928.6194
931.311
934.0027
936.6943
939.386
942.0776
944.7693
947.4609
950.1526
952.8442
955.5359
958.2275
960.9192
963.6108
966.3025
968.9941
971.6858
974.3774
977.0691
979.7607
982.4524
985.144
987.8357
990.5273
993.219
995.9106
998.6023
1001.294
1003.986
1006.677
1009.369
1012.061
1014.752
1017.444
1020.135
1022.827
1025.519
1028.21
1030.902
1033.594
1036.285
1038.977
1041.669
1044.36
1047.052
1049.744
1052.435
1055.127
1057.819
1060.51
1063.202
1065.894
1068.585
1071.277
1073.969
1076.66
1079.352
1082.043
1084.735
1087.427
1090.118
1092.81
1095.502
1098.193
1100.885
1103.577
1106.268
1108.96
1111.652
1114.343
1117.035
1119.727
1122.418
1125.11
1127.802
1130.493
1133.185
1135.876
1138.568
1141.26
1143.951
1146.643
1149.335
1152.026
1154.718
1157.41
1160.101
1162.793
1165.485
1168.176
1170.868
1173.56
1176.251
1178.943
1181.635
1184.326
1187.018
1189.709
1192.401
1195.093
1197.784
1200.476
1203.168
1205.859
1208.551
1211.243
1213.934
1216.626
1219.318
1222.009
1224.701
1227.393
1230.084
1232.776
1235.468
1238.159
1240.851
1243.542
1246.234
1248.926
1251.617
1254.309
1257.001
1259.692
1262.384
1265.076
1267.767
1270.459
1273.151
1275.842
1278.534
1281.226
1283.917
1286.609
1289.301
1291.992
1294.684
1297.375
1300.067
1302.759
1305.45
1308.142
1310.834
1313.525
1316.217
1318.909
1321.6
1324.292
1326.984
1329.675
1332.367
1335.059
1337.75
1340.442
1343.134
1345.825
1348.517
1351.208
1353.9
1356.592
1359.283
1361.975
1364.667
1367.358
1370.05
1372.742
1375.433
1378.125
1380.817
1383.508
1386.2
1388.892
1391.583
1394.275
1396.967
1399.658
1402.35
1405.042
1407.733
1410.425
1413.116
1415.808
1418.5
1421.191
1423.883
1426.575
1429.266
1431.958
1434.65
1437.341
1440.033
1442.725
1445.416
1448.108
1450.8
1453.491
1456.183
1458.875
1461.566
1464.258
1466.949
1469.641
1472.333
1475.024
1477.716
1480.408
1483.099
1485.791
1488.483
1491.174
1493.866
1496.558
1499.249
1501.941
1504.633
1507.324
1510.016
1512.708
1515.399
1518.091
1520.782
1523.474
1526.166
1528.857
1531.549
1534.241
1536.932
1539.624
1542.316
1545.007
1547.699
1550.391
1553.082
1555.774
1558.466
1561.157
1563.849
1566.541
1569.232
1571.924
1574.615
1577.307
1579.999
1582.69
1585.382
1588.074
1590.765
1593.457
1596.149
1598.84
1601.532
1604.224
1606.915
1609.607
1612.299
1614.99
1617.682
1620.374
1623.065
1625.757
1628.448
1631.14
1633.832
1636.523
1639.215
1641.907
1644.598
1647.29
1649.982
1652.673
1655.365
1658.057
1660.748
1663.44
1666.132
1668.823
1671.515
1674.207
1676.898
1679.59
1682.281
1684.973
1687.665
1690.356
1693.048
1695.74
1698.431
1701.123
1703.815
1706.506
1709.198
1711.89
1714.581
1717.273
1719.965
1722.656
1725.348
1728.04
1730.731
1733.423
1736.115
1738.806
1741.498
1744.189
1746.881
1749.573
1752.264
1754.956
1757.648
1760.339
1763.031
1765.723
1768.414
1771.106
1773.798
1776.489
1779.181
1781.873
1784.564
1787.256
1789.948
1792.639
1795.331
1798.022
1800.714
1803.406
1806.097
1808.789
1811.481
1814.172
1816.864
1819.556
1822.247
1824.939
1827.631
1830.322
1833.014
1835.706
1838.397
1841.089
1843.781
1846.472
1849.164
1851.855
1854.547
1857.239
1859.93
1862.622
1865.314
1868.005
1870.697
1873.389
1876.08
1878.772
1881.464
1884.155
1886.847
1889.539
1892.23
1894.922
1897.614
1900.305
1902.997
1905.688
1908.38
1911.072
1913.763
1916.455
1919.147
1921.838
1924.53
1927.222
1929.913
1932.605
1935.297
1937.988
1940.68
1943.372
1946.063
1948.755
1951.447
1954.138
1956.83
1959.521
1962.213
1964.905
1967.596
1970.288
1972.98
1975.671
1978.363
1981.055
1983.746
1986.438
1989.13
1991.821
1994.513
1997.205
1999.896
2002.588
2005.28
2007.971
2010.663
2013.354
2016.046
2018.738
2021.429
2024.121
2026.813
2029.504
2032.196
2034.888
2037.579
2040.271
2042.963
2045.654
2048.346
2051.038
2053.729
2056.421
2059.113
2061.804
2064.496
2067.188
2069.879
2072.571
2075.262
2077.954
2080.646
2083.337
2086.029
2088.721
2091.412
2094.104
2096.796
2099.487
2102.179
2104.871
2107.562
2110.254
2112.946
2115.637
2118.329
2121.021
2123.712
2126.404
2129.095
2131.787
2134.479
2137.17
2139.862
2142.554
2145.245
2147.937
2150.629
2153.32
2156.012
2158.704
2161.395
2164.087
2166.779
2169.47
2172.162
2174.854
2177.545
2180.237
2182.928
2185.62
2188.312
2191.003
2193.695
2196.387
2199.078
2201.77
2204.462
2207.153
2209.845
2212.537
2215.228
2217.92
2220.612
2223.303
2225.995
2228.687
2231.378
2234.07
2236.761
2239.453
2242.145
2244.836
2247.528
2250.22
2252.911
2255.603
2258.295
2260.986
2263.678
2266.37
2269.061
2271.753
2274.445
2277.136
2279.828
2282.52
2285.211
2287.903
2290.594
2293.286
2295.978
2298.669
2301.361
2304.053
2306.744
2309.436
2312.128
2314.819
2317.511
2320.203
2322.894
2325.586
2328.278
2330.969
2333.661
2336.353
2339.044
2341.736
2344.427
2347.119
2349.811
2352.502
2355.194
2357.886
2360.577
2363.269
2365.961
2368.652
2371.344
2374.036
2376.727
2379.419
2382.111
2384.802
2387.494
2390.186
2392.877
2395.569
2398.26
2400.952
2403.644
2406.335
2409.027
2411.719
2414.41
2417.102
2419.794
2422.485
2425.177
2427.869
2430.56
2433.252
2435.944
2438.635
2441.327
2444.019
2446.71
2449.402
2452.094
2454.785
2457.477
2460.168
2462.86
2465.552
2468.243
2470.935
2473.627
2476.318
2479.01
2481.702
2484.393
2487.085
2489.777
2492.468
2495.16
2497.852
2500.543
2503.235
2505.927
2508.618
2511.31
2514.001
2516.693
2519.385
2522.076
2524.768
2527.46
2530.151
2532.843
2535.535
2538.226
2540.918
2543.61
2546.301
2548.993
2551.685
2554.376
2557.068
2559.76
2562.451
2565.143
2567.834
2570.526
2573.218
2575.909
2578.601
2581.293
2583.984
2586.676
2589.368
2592.059
2594.751
2597.443
2600.134
2602.826
2605.518
2608.209
2610.901
2613.593
2616.284
2618.976
2621.667
2624.359
2627.051
2629.742
2632.434
2635.126
2637.817
2640.509
2643.201
2645.892
2648.584
2651.276
2653.967
2656.659
2659.351
2662.042
2664.734
2667.426
2670.117
2672.809
2675.5
2678.192
2680.884
2683.575
2686.267
2688.959
2691.65
2694.342
2697.034
2699.725
2702.417
2705.109
2707.8
2710.492
2713.184
2715.875
2718.567
2721.259
2723.95
2726.642
2729.333
2732.025
2734.717
2737.408
2740.1
2742.792
2745.483
2748.175
2750.867
2753.558
2756.25
2758.942
2761.633
2764.325
2767.017
2769.708
2772.4
2775.092
2777.783
2780.475
2783.167
2785.858
2788.55
2791.241
2793.933
2796.625
2799.316
2802.008
2804.7
2807.391
2810.083
2812.775
2815.466
2818.158
2820.85
2823.541
2826.233
2828.925
2831.616
2834.308
2837
2839.691
2842.383
2845.074
2847.766
2850.458
2853.149
2855.841
2858.533
2861.224
2863.916
2866.608
2869.299
2871.991
2874.683
2877.374
2880.066
2882.758
2885.449
2888.141
2890.833
2893.524
2896.216
2898.907
2901.599
2904.291
2906.982
2909.674
2912.366
2915.057
2917.749
2920.441
2923.132
2925.824
2928.516
2931.207
2933.899
2936.591
2939.282
2941.974
2944.666
2947.357
2950.049
2952.74
2955.432
2958.124
2960.815
2963.507
2966.199
2968.89
2971.582
2974.274
2976.965
2979.657
2982.349
2985.04
2987.732
2990.424
2993.115
2995.807
2998.499
3001.19
3003.882
3006.573
3009.265
3011.957
3014.648
3017.34
3020.032
3022.723
3025.415
3028.107
3030.798
3033.49
3036.182
3038.873
3041.565
3044.257
3046.948
3049.64
3052.332
3055.023
3057.715
3060.406
3063.098
3065.79
3068.481
3071.173
3073.865
3076.556
3079.248
3081.94
3084.631
3087.323
3090.015
3092.706
3095.398
3098.09
3100.781
3103.473
3106.165
3108.856
3111.548
3114.24
3116.931
3119.623
3122.314
3125.006
3127.698
3130.389
3133.081
3135.773
3138.464
3141.156
3143.848
3146.539
3149.231
3151.923
3154.614
3157.306
3159.998
3162.689
3165.381
3168.073
3170.764
3173.456
3176.147
3178.839
3181.531
3184.222
3186.914
3189.606
3192.297
3194.989
3197.681
3200.372
3203.064
3205.756
3208.447
3211.139
3213.831
3216.522
3219.214
3221.906
3224.597
3227.289
3229.98
3232.672
3235.364
3238.055
3240.747
3243.439
3246.13
3248.822
3251.514
3254.205
3256.897
3259.589
3262.28
3264.972
3267.664
3270.355
3273.047
3275.739
3278.43
3281.122
3283.813
3286.505
3289.197
3291.888
3294.58
3297.272
3299.963
3302.655
3305.347
3308.038
3310.73
3313.422
3316.113
3318.805
3321.497
3324.188
3326.88
3329.572
3332.263
3334.955
3337.646
3340.338
3343.03
3345.721
3348.413
3351.105
3353.796
3356.488
3359.18
3361.871
3364.563
3367.255
3369.946
3372.638
3375.33
3378.021
3380.713
3383.405
3386.096
3388.788
3391.479
3394.171
3396.863
3399.554
3402.246
3404.938
3407.629
3410.321
3413.013
3415.704
3418.396
3421.088
3423.779
3426.471
3429.163
3431.854
3434.546
3437.238
3439.929
3442.621
3445.313
3448.004
3450.696
3453.387
3456.079
3458.771
3461.462
3464.154
3466.846
3469.537
3472.229
3474.921
3477.612
3480.304
3482.996
3485.687
3488.379
3491.071
3493.762
3496.454
3499.146
3501.837
3504.529
3507.22
3509.912
3512.604
3515.295
3517.987
3520.679
3523.37
3526.062
3528.754
3531.445
3534.137
3536.829
3539.52
3542.212
3544.904
3547.595
3550.287
3552.979
3555.67
3558.362
3561.053
3563.745
3566.437
3569.128
3571.82
3574.512
3577.203
3579.895
3582.587
3585.278
3587.97
3590.662
3593.353
3596.045
3598.737
3601.428
3604.12
3606.812
3609.503
3612.195
3614.886
3617.578
3620.27
3622.961
3625.653
3628.345
3631.036
3633.728
3636.42
3639.111
3641.803
3644.495
3647.186
3649.878
3652.57
3655.261
3657.953
3660.645
3663.336
3666.028
3668.719
3671.411
3674.103
3676.794
3679.486
3682.178
3684.869
3687.561
3690.253
3692.944
3695.636
3698.328
3701.019
3703.711
3706.403
3709.094
3711.786
3714.478
3717.169
3719.861
3722.552
3725.244
3727.936
3730.627
3733.319
3736.011
3738.702
3741.394
3744.086
3746.777
3749.469
3752.161
3754.852
3757.544
3760.236
3762.927
3765.619
3768.311
3771.002
3773.694
3776.385
3779.077
3781.769
3784.46
3787.152
3789.844
3792.535
3795.227
3797.919
3800.61
3803.302
3805.994
3808.685
3811.377
3814.069
3816.76
3819.452
3822.144
3824.835
3827.527
3830.219
3832.91
3835.602
3838.293
3840.985
3843.677
3846.368
3849.06
3851.752
3854.443
3857.135
3859.827
3862.518
3865.21
3867.902
3870.593
3873.285
3875.977
3878.668
3881.36
3884.052
3886.743
3889.435
3892.126
3894.818
3897.51
3900.201
3902.893
3905.585
3908.276
3910.968
3913.66
3916.351
3919.043
3921.735
3924.426
3927.118
3929.81
3932.501
3935.193
3937.885
3940.576
3943.268
3945.959
3948.651
3951.343
3954.034
3956.726
3959.418
3962.109
3964.801
3967.493
3970.184
3972.876
3975.568
3978.259
3980.951
3983.643
3986.334
3989.026
3991.718
3994.409
3997.101
3999.792
4002.484
4005.176
4007.867
4010.559
4013.251
4015.942
4018.634
4021.326
4024.017
4026.709
4029.401
4032.092
4034.784
4037.476
4040.167
4042.859
4045.551
4048.242
4050.934
4053.625
4056.317
4059.009
4061.7
4064.392
4067.084
4069.775
4072.467
4075.159
4077.85
4080.542
4083.234
4085.925
4088.617
4091.309
4094
4096.692
4099.384
4102.075
4104.767
4107.458
4110.15
4112.842
4115.533
4118.225
4120.917
4123.608
4126.3
4128.992
4131.684
4134.375
4137.066
4139.758
4142.45
4145.142
4147.833
4150.525
4153.217
4155.908
4158.6
4161.292
4163.983
4166.675
4169.366
4172.058
4174.75
4177.441
4180.133
4182.825
4185.517
4188.208
4190.899
4193.591
4196.283
4198.975
4201.666
4204.358
4207.05
4209.741
4212.433
4215.125
4217.816
4220.508
4223.199
4225.891
4228.583
4231.274
4233.966
4236.658
4239.35
4242.041
4244.732
4247.424
4250.116
4252.808
4255.499
4258.191
4260.883
4263.574
4266.266
4268.958
4271.649
4274.341
4277.032
4279.724
4282.416
4285.107
4287.799
4290.491
4293.183
4295.874
4298.565
4301.257
4303.949
4306.641
4309.332
4312.024
4314.716
4317.407
4320.099
4322.791
4325.482
4328.174
4330.865
4333.557
4336.249
4338.94
4341.632
4344.324
4347.016
4349.707
4352.398
4355.09
4357.782
4360.474
4363.165
4365.857
4368.549
4371.24
4373.932
4376.624
4379.315
4382.007
4384.698
4387.39
4390.082
4392.773
4395.465
4398.157
4400.849
4403.54
4406.231
4408.923
4411.615
4414.307
4416.998
4419.69
4422.382
4425.073
4427.765
4430.457
4433.148
4435.84
4438.531
4441.223
4443.915
4446.606
4449.298
4451.99
4454.682
4457.373
4460.064
4462.756
4465.448
4468.14
4470.831
4473.523
4476.215
4478.906
4481.598
4484.29
4486.981
4489.673
4492.364
4495.056
4497.748
4500.439
4503.131
4505.823
4508.515
4511.206
4513.897
4516.589
4519.281
4521.973
4524.664
4527.356
4530.048
4532.739
4535.431
4538.123
4540.814
4543.506
4546.197
4548.889
4551.581
4554.272
4556.964
4559.656
4562.348
4565.039
4567.73
4570.422
4573.114
4575.806
4578.497
4581.189
4583.881
4586.572
4589.264
4591.956
4594.647
4597.339
4600.03
4602.722
4605.414
4608.105
4610.797
4613.489
4616.181
4618.872
4621.563
4624.255
4626.947
4629.639
4632.33
4635.022
4637.714
4640.405
4643.097
4645.789
4648.48
4651.172
4653.863
4656.555
4659.247
4661.938
4664.63
4667.322
4670.014
4672.705
4675.396
4678.088
4680.78
4683.472
4686.163
4688.855
4691.547
4694.238
4696.93
4699.622
4702.313
4705.005
4707.696
4710.388
4713.08
4715.771
4718.463
4721.155
4723.847
4726.538
4729.229
4731.921
4734.613
4737.305
4739.996
4742.688
4745.38
4748.071
4750.763
4753.455
4756.146
4758.838
4761.529
4764.221
4766.913
4769.604
4772.296
4774.988
4777.68
4780.371
4783.063
4785.754
4788.446
4791.138
4793.829
4796.521
4799.213
4801.904
4804.596
4807.288
4809.979
4812.671
4815.362
4818.054
4820.746
4823.438
4826.129
4828.821
4831.513
4834.204
4836.896
4839.587
4842.279
4844.971
4847.662
4850.354
4853.046
4855.737
4858.429
4861.121
4863.813
4866.504
4869.195
4871.887
4874.579
4877.271
4879.962
4882.654
4885.346
4888.037
4890.729
4893.42
4896.112
4898.804
4901.495
4904.187
4906.879
4909.57
4912.262
4914.954
4917.646
4920.337
4923.028
4925.72
4928.412
4931.104
4933.795
4936.487
4939.179
4941.87
4944.562
4947.253
4949.945
4952.637
4955.328
4958.02
4960.712
4963.403
4966.095
4968.787
4971.479
4974.17
4976.861
4979.553
4982.245
4984.937
4987.628
4990.32
4993.012
4995.703
4998.395
5001.086
5003.778
5006.47
5009.161
5011.853
5014.545
5017.236
5019.928
5022.62
5025.312
5028.003
5030.694
5033.386
5036.078
5038.77
5041.461
5044.153
5046.845
5049.536
5052.228
5054.919
5057.611
5060.303
5062.994
5065.686
5068.378
5071.069
5073.761
5076.453
5079.145
5081.836
5084.527
5087.219
5089.911
5092.603
5095.294
5097.986
5100.678
5103.369
5106.061
5108.752
5111.444
5114.136
5116.827
5119.519
5122.211
5124.902
5127.594
5130.286
5132.978
5135.669
5138.36
5141.052
5143.744
5146.436
5149.127
5151.819
5154.511
5157.202
5159.894
5162.585
5165.277
5167.969
5170.66
5173.352
5176.044
5178.735
5181.427
5184.119
5186.811
5189.502
5192.193
5194.885
5197.577
5200.269
5202.96
5205.652
5208.344
5211.035
5213.727
5216.418
5219.11
5221.802
5224.493
5227.185
5229.877
5232.568
5235.26
5237.952
5240.644
5243.335
5246.026
5248.718
5251.41
5254.102
5256.793
5259.485
5262.177
5264.868
5267.56
5270.251
5272.943
5275.635
5278.326
5281.018
5283.71
5286.401
5289.093
5291.785
5294.477
5297.168
5299.859
5302.551
5305.243
5307.935
5310.626
5313.318
5316.01
5318.701
5321.393
5324.084
5326.776
5329.468
5332.159
5334.851
5337.543
5340.234
5342.926
5345.618
5348.31
5351.001
5353.692
5356.384
5359.076
5361.768
5364.459
5367.151
5369.843
5372.534
5375.226
5377.917
5380.609
5383.301
5385.992
5388.684
5391.376
5394.067
5396.759
5399.451
5402.143
5404.834
5407.525
5410.217
5412.909
5415.601
5418.292
5420.984
5423.676
5426.367
5429.059
5431.75
5434.442
5437.134
5439.825
5442.517
5445.209
5447.9
5450.592
5453.284
5455.976
5458.667
5461.358
5464.05
5466.742
5469.434
5472.125
5474.817
5477.509
5480.2
5482.892
5485.583
5488.275
5490.967
5493.658
5496.35
5499.042
5501.733
5504.425
5507.117
5509.809
5512.5
5515.191
5517.883
5520.575
5523.267
5525.958
5528.65
5531.342
5534.033
5536.725
5539.417
5542.108
5544.8
5547.491
5550.183
5552.875
5555.566
5558.258
5560.95
5563.642
5566.333
5569.024
5571.716
5574.408
5577.1
5579.791
5582.483
5585.175
5587.866
5590.558
5593.25
5595.941
5598.633
5601.324
5604.016
5606.708
5609.399
5612.091
5614.783
5617.475
5620.166
5622.857
5625.549
5628.241
5630.933
5633.624
5636.316
5639.008
5641.699
5644.391
5647.083
5649.774
5652.466
5655.157
5657.849
5660.541
5663.232
5665.924
5668.616
5671.308
5673.999
5676.69
5679.382
5682.074
5684.766
5687.457
5690.149
5692.841
5695.532
5698.224
5700.916
5703.607
5706.299
5708.99
5711.682
5714.374
5717.065
5719.757
5722.449
5725.141
5727.832
5730.523
5733.215
5735.907
5738.599
5741.29
5743.982
5746.674
5749.365
5752.057
5754.749
5757.44
5760.132
5762.823
5765.515
5768.207
5770.898
5773.59
5776.282
5778.974
5781.665
5784.356
5787.048
5789.74
5792.432
5795.123
5797.815
5800.507
5803.198
5805.89
5808.582
5811.273
5813.965
5816.656
5819.348
5822.04
5824.731
5827.423
5830.115
5832.807
5835.498
5838.189
5840.881
5843.573
5846.265
5848.956
5851.648
5854.34
5857.031
5859.723
5862.415
5865.106
5867.798
5870.489
5873.181
5875.873
5878.564
5881.256
5883.948
5886.64
5889.331
5892.022
5894.714
5897.406
5900.098
5902.789
5905.481
5908.173
5910.864
5913.556
5916.248
5918.939
5921.631
5924.322
5927.014
5929.706
5932.397
5935.089
5937.781
5940.473
5943.164
5945.855
5948.547
5951.239
5953.931
5956.622
5959.314
5962.006
5964.697
5967.389
5970.081
5972.772
5975.464
5978.155
5980.847
5983.539
5986.23
5988.922
5991.614
5994.306
5996.997
5999.688
6002.38
6005.072
6007.764
6010.455
6013.147
6015.839
6018.53
6021.222
6023.914
6026.605
6029.297
6031.988
6034.68
6037.372
6040.063
6042.755
6045.447
6048.139
6050.83
6053.521
6056.213
6058.905
6061.597
6064.288
6066.98
6069.672
6072.363
6075.055
6077.747
6080.438
6083.13
6085.821
6088.513
6091.205
6093.896
6096.588
6099.28
6101.972
6104.663
6107.354
6110.046
6112.738
6115.43
6118.121
6120.813
6123.505
6126.196
6128.888
6131.58
6134.271
6136.963
6139.654
6142.346
6145.038
6147.729
6150.421
6153.113
6155.805
6158.496
6161.188
6163.879
6166.571
6169.263
6171.954
6174.646
6177.338
6180.029
6182.721
6185.413
6188.104
6190.796
6193.487
6196.179
6198.871
6201.563
6204.254
6206.946
6209.638
6212.329
6215.021
6217.712
6220.404
6223.096
6225.787
6228.479
6231.171
6233.862
6236.554
6239.246
6241.938
6244.629
6247.32
6250.012
6252.704
6255.396
6258.087
6260.779
6263.471
6266.162
6268.854
6271.545
6274.237
6276.929
6279.62
6282.312
6285.004
6287.695
6290.387
6293.079
6295.771
6298.462
6301.153
6303.845
6306.537
6309.229
6311.92
6314.612
6317.304
6319.995
6322.687
6325.378
6328.07
6330.762
6333.453
6336.145
6338.837
6341.528
6344.22
6346.912
6349.604
6352.295
6354.986
6357.678
6360.37
6363.062
6365.753
6368.445
6371.137
6373.828
6376.52
6379.211
6381.903
6384.595
6387.286
6389.978
6392.67
6395.361
6398.053
6400.745
6403.437
6406.128
6408.819
6411.511
6414.203
6416.895
6419.586
6422.278
6424.97
6427.661
6430.353
6433.044
6435.736
6438.428
6441.119
6443.811
6446.503
6449.194
6451.886
6454.578
6457.27
6459.961
6462.652
6465.344
6468.036
6470.728
6473.419
6476.111
6478.803
6481.494
6484.186
6486.877
6489.569
6492.261
6494.952
6497.644
6500.336
6503.027
6505.719
6508.411
6511.103
6513.794
6516.485
6519.177
6521.869
6524.561
6527.252
6529.944
6532.636
6535.327
6538.019
6540.71
6543.402
6546.094
6548.785
6551.477
6554.169
6556.86
6559.552
6562.244
6564.936
6567.627
6570.318
6573.01
6575.702
6578.394
6581.085
6583.777
6586.469
6589.16
6591.852
6594.543
6597.235
6599.927
6602.618
6605.31
6608.002
6610.693
6613.385
6616.077
6618.769
6621.46
6624.151
6626.843
6629.535
6632.227
6634.918
6637.61
6640.302
6642.993
6645.685
6648.376
6651.068
6653.76
6656.451
6659.143
6661.835
6664.526
6667.218
6669.91
6672.602
6675.293
6677.984
6680.676
6683.368
6686.06
6688.751
6691.443
6694.135
6696.826
6699.518
6702.209
6704.901
6707.593
6710.284
6712.976
6715.668
6718.359
6721.051
6723.743
6726.435
6729.126
6731.817
6734.509
6737.201
6739.893
6742.584
6745.276
6747.968
6750.659
6753.351
6756.042
6758.734
6761.426
6764.117
6766.809
6769.501
6772.192
6774.884
6777.576
6780.268
6782.959
6785.65
6788.342
6791.034
6793.726
6796.417
6799.109
6801.801
6804.492
6807.184
6809.875
6812.567
6815.259
6817.95
6820.642
6823.334
6826.025
6828.717
6831.409
6834.101
6836.792
6839.483
6842.175
6844.867
6847.559
6850.25
6852.942
6855.634
6858.325
6861.017
6863.708
6866.4
6869.092
6871.783
6874.475
6877.167
6879.858
6882.55
6885.242
6887.934
6890.625
6893.316
6896.008
6898.7
6901.392
6904.083
6906.775
6909.467
6912.158
6914.85
6917.542
6920.233
6922.925
6925.616
6928.308
6931
6933.691
6936.383
6939.075
6941.767
6944.458
6947.149
6949.841
6952.533
6955.225
6957.916
6960.608
6963.3
6965.991
6968.683
6971.375
6974.066
6976.758
6979.449
6982.141
6984.833
6987.524
6990.216
6992.908
6995.6
6998.291
7000.982
7003.674
7006.366
7009.058
7011.749
7014.441
7017.133
7019.824
7022.516
7025.208
7027.899
7030.591
7033.282
7035.974
7038.666
7041.357
7044.049
7046.741
7049.433
7052.124
7054.815
7057.507
7060.199
7062.891
7065.582
7068.274
7070.966
7073.657
7076.349
7079.041
7081.732
7084.424
7087.115
7089.807
7092.499
7095.19
7097.882
7100.574
7103.266
7105.957
7108.648
7111.34
7114.032
7116.724
7119.415
7122.107
7124.799
7127.49
7130.182
7132.874
7135.565
7138.257
7140.948
7143.64
7146.332
7149.023
7151.715
7154.407
7157.099
7159.79
7162.481
7165.173
7167.865
7170.557
7173.248
7175.94
7178.632
7181.323
7184.015
7186.707
7189.398
7192.09
7194.781
7197.473
7200.165
7202.856
7205.548
7208.24
7210.932
7213.623
7216.314
7219.006
7221.698
7224.39
7227.081
7229.773
7232.465
7235.156
7237.848
7240.54
7243.231
7245.923
7248.614
7251.306
7253.998
7256.689
7259.381
7262.073
7264.765
7267.456
7270.147
7272.839
7275.531
7278.223
7280.914
7283.606
7286.298
7288.989
7291.681
7294.373
7297.064
7299.756
7302.447
7305.139
7307.831
7310.522
7313.214
7315.906
7318.598
7321.289
7323.98
7326.672
7329.364
7332.056
7334.747
7337.439
7340.131
7342.822
7345.514
7348.206
7350.897
7353.589
7356.28
7358.972
7361.664
7364.355
7367.047
7369.739
7372.431
7375.122
7377.813
7380.505
7383.197
7385.889
7388.58
7391.272
7393.964
7396.655
7399.347
7402.039
7404.73
7407.422
7410.113
7412.805
7415.497
7418.188
7420.88
7423.572
7426.264
7428.955
7431.646
7434.338
7437.03
7439.722
7442.413
7445.105
7447.797
7450.488
7453.18
7455.872
7458.563
7461.255
7463.946
7466.638
7469.33
7472.021
7474.713
7477.405
7480.097
7482.788
7485.479
7488.171
7490.863
7493.555
7496.246
7498.938
7501.63
7504.321
7507.013
7509.705
7512.396
7515.088
7517.779
7520.471
7523.163
7525.854
7528.546
7531.238
7533.93
7536.621
7539.313
7542.004
7544.696
7547.388
7550.079
7552.771
7555.463
7558.154
7560.846
7563.538
7566.229
7568.921
7571.612
7574.304
7576.996
7579.688
7582.379
7585.071
7587.763
7590.454
7593.146
7595.837
7598.529
7601.221
7603.912
7606.604
7609.296
7611.987
7614.679
7617.371
7620.063
7622.754
7625.445
7628.137
7630.829
7633.521
7636.212
7638.904
7641.596
7644.287
7646.979
7649.67
7652.362
7655.054
7657.745
7660.437
7663.129
7665.82
7668.512
7671.204
7673.896
7676.587
7679.278
7681.97
7684.662
7687.354
7690.045
7692.737
7695.429
7698.12
7700.812
7703.503
7706.195
7708.887
7711.578
7714.27
7716.962
7719.653
7722.345
7725.037
7727.729
7730.42
7733.111
7735.803
7738.495
7741.187
7743.878
7746.57
7749.262
7751.953
7754.645
7757.336
7760.028
7762.72
7765.411
7768.103
7770.795
7773.486
7776.178
7778.87
7781.562
7784.253
7786.944
7789.636
7792.328
7795.02
7797.711
7800.403
7803.095
7805.786
7808.478
7811.169
7813.861
7816.553
7819.244
7821.936
7824.628
7827.319
7830.011
7832.703
7835.395
7838.086
7840.777
7843.469
7846.161
7848.853
7851.544
7854.236
7856.928
7859.619
7862.311
7865.002
7867.694
7870.386
7873.077
7875.769
7878.461
7881.152
7883.844
7886.536
7889.228
7891.919
7894.61
7897.302
7899.994
7902.686
7905.377
7908.069
7910.761
7913.452
7916.144
7918.835
7921.527
7924.219
7926.91
7929.602
7932.294
7934.985
7937.677
7940.369
7943.061
7945.752
7948.443
7951.135
7953.827
7956.519
7959.21
7961.902
7964.594
7967.285
7969.977
7972.668
7975.36
7978.052
7980.743
7983.435
7986.127
7988.818
7991.51
7994.202
7996.894
7999.585
8002.276
8004.968
8007.66
8010.352
8013.043
8015.735
8018.427
8021.118
8023.81
8026.501
8029.193
8031.885
8034.576
8037.268
8039.96
8042.651
8045.343
8048.035
8050.727
8053.418
8056.109
8058.801
8061.493
8064.185
8066.876
8069.568
8072.26
8074.951
8077.643
8080.334
8083.026
8085.718
8088.409
8091.101
8093.793
8096.484
8099.176
8101.868
8104.56
8107.251
8109.942
8112.634
8115.326
8118.018
8120.709
8123.401
8126.093
8128.784
8131.476
8134.167
8136.859
8139.551
8142.242
8144.934
8147.626
8150.317
8153.009
8155.701
8158.393
8161.084
8163.775
8166.467
8169.159
8171.851
8174.542
8177.234
8179.926
8182.617
8185.309
8188
8190.692
8193.384
8196.075
8198.768
8201.459
8204.15
8206.842
8209.533
8212.226
8214.917
8217.608
8220.301
8222.992
8225.684
8228.375
8231.066
8233.759
8236.45
8239.142
8241.834
8244.525
8247.217
8249.908
8252.6
8255.292
8257.983
8260.675
8263.367
8266.059
8268.75
8271.441
8274.133
8276.825
8279.517
8282.208
8284.9
8287.592
8290.283
8292.975
8295.666
8298.358
8301.05
8303.741
8306.434
8309.125
8311.816
8314.508
8317.199
8319.892
8322.583
8325.274
8327.967
8330.658
8333.35
8336.041
8338.732
8341.425
8344.116
8346.808
8349.5
8352.191
8354.883
8357.574
8360.266
8362.958
8365.649
8368.341
8371.033
8373.725
8376.416
8379.107
8381.799
8384.491
8387.183
8389.874
8392.566
8395.258
8397.949
8400.641
8403.332
8406.024
8408.716
8411.407
8414.1
8416.791
8419.482
8422.174
8424.865
8427.558
8430.249
8432.94
8435.633
8438.324
8441.016
8443.707
8446.398
8449.091
8451.782
8454.474
8457.166
8459.857
8462.549
8465.24
8467.932
8470.624
8473.315
8476.007
8478.699
8481.391
8484.082
8486.773
8489.465
8492.157
8494.849
8497.54
8500.232
8502.924
8505.615
8508.307
8510.998
8513.69
8516.382
8519.073
8521.766
8524.457
8527.148
8529.84
8532.531
8535.224
8537.915
8540.606
8543.299
8545.99
8548.682
8551.373
8554.064
8556.757
8559.448
8562.14
8564.832
8567.523
8570.215
8572.906
8575.598
8578.29
8580.981
8583.673
8586.365
8589.057
8591.748
8594.439
8597.131
8599.823
8602.515
8605.206
8607.898
8610.59
8613.281
8615.973
8618.664
8621.356
8624.048
8626.739
8629.432
8632.123
8634.814
8637.506
8640.197
8642.89
8645.581
8648.272
8650.965
8653.656
8656.348
8659.039
8661.73
8664.423
8667.114
8669.806
8672.498
8675.189
8677.881
8680.572
8683.264
8685.956
8688.647
8691.339
8694.031
8696.723
8699.414
8702.105
8704.797
8707.489
8710.181
8712.872
8715.564
8718.256
8720.947
8723.639
8726.33
8729.022
8731.714
8734.405
8737.098
8739.789
8742.48
8745.172
8747.863
8750.556
8753.247
8755.938
8758.631
8761.322
8764.014
8766.705
8769.396
8772.089
8774.78
8777.472
8780.164
8782.855
8785.547
8788.238
8790.93
8793.622
8796.313
8799.005
8801.697
8804.389
8807.08
8809.771
8812.463
8815.155
8817.847
8820.538
8823.23
8825.922
8828.613
8831.305
8833.996
8836.688
8839.38
8842.071
8844.764
8847.455
8850.146
8852.838
8855.529
8858.222
8860.913
8863.604
8866.297
8868.988
8871.68
8874.371
8877.063
8879.755
8882.446
8885.138
8887.83
8890.521
8893.213
8895.904
8898.596
8901.288
8903.979
8906.671
8909.363
8912.055
8914.746
8917.438
8920.129
8922.821
8925.513
8928.204
8930.896
8933.588
8936.279
8938.971
8941.662
8944.354
8947.046
8949.737
8952.43
8955.121
8957.813
8960.504
8963.195
8965.888
8968.579
8971.271
8973.963
8976.654
8979.346
8982.037
8984.729
8987.421
8990.112
8992.804
8995.496
8998.188
9000.879
9003.57
9006.262
9008.954
9011.646
9014.337
9017.029
9019.721
9022.412
9025.104
9027.795
9030.487
9033.179
9035.87
9038.563
9041.254
9043.945
9046.637
9049.328
9052.021
9054.712
9057.403
9060.096
9062.787
9065.479
9068.17
9070.861
9073.554
9076.245
9078.937
9081.629
9084.32
9087.012
9089.703
9092.395
9095.087
9097.778
9100.47
9103.162
9105.854
9108.545
9111.236
9113.928
9116.62
9119.312
9122.003
9124.695
9127.387
9130.078
9132.77
9135.461
9138.153
9140.845
9143.536
9146.229
9148.92
9151.611
9154.303
9156.994
9159.687
9162.378
9165.069
9167.762
9170.453
9173.145
9175.836
9178.527
9181.22
9183.911
9186.603
9189.295
9191.986
9194.678
9197.369
9200.061
9202.753
9205.444
9208.136
9210.828
9213.52
9216.211
9218.902
9221.594
9224.286
9226.978
9229.669
9232.361
9235.053
9237.744
9240.436
9243.127
9245.819
9248.511
9251.202
9253.895
9256.586
9259.277
9261.969
9264.66
9267.353
9270.044
9272.735
9275.428
9278.119
9280.811
9283.502
9286.193
9288.886
9291.577
9294.269
9296.961
9299.652
9302.344
9305.035
9307.727
9310.419
9313.11
9315.802
9318.494
9321.186
9323.877
9326.568
9329.26
9331.952
9334.644
9337.335
9340.027
9342.719
9345.41
9348.102
9350.793
9353.485
9356.177
9358.868
9361.561
9364.252
9366.943
9369.635
9372.326
9375.019
9377.71
9380.401
9383.094
9385.785
9388.477
9391.168
9393.859
9396.552
9399.243
9401.935
9404.627
9407.318
9410.01
9412.701
9415.393
9418.085
9420.776
9423.468
9426.16
9428.852
9431.543
9434.234
9436.926
9439.618
9442.31
9445.001
9447.693
9450.385
9453.076
9455.768
9458.459
9461.151
9463.843
9466.534
9469.227
9471.918
9474.609
9477.301
9479.992
9482.685
9485.376
9488.067
9490.76
9493.451
9496.143
9498.834
9501.525
9504.218
9506.909
9509.601
9512.293
9514.984
9517.676
9520.367
9523.059
9525.751
9528.442
9531.134
9533.826
9536.518
9539.209
9541.9
9544.592
9547.284
9549.976
9552.667
9555.359
9558.051
9560.742
9563.434
9566.125
9568.817
9571.509
9574.2
9576.893
9579.584
9582.275
9584.967
9587.658
9590.351
9593.042
9595.733
9598.426
9601.117
9603.809
9606.5
9609.191
9611.884
9614.575
9617.267
9619.959
9622.65
9625.342
9628.033
9630.725
9633.417
9636.108
9638.8
9641.492
9644.184
9646.875
9649.566
9652.258
9654.95
9657.642
9660.333
9663.025
9665.717
9668.408
9671.1
9673.791
9676.483
9679.175
9681.866
9684.559
9687.25
9689.941
9692.633
9695.324
9698.017
9700.708
9703.399
9706.092
9708.783
9711.475
9714.166
9716.857
9719.55
9722.241
9724.933
9727.625
9730.316
9733.008
9735.699
9738.391
9741.083
9743.774
9746.466
9749.158
9751.85
9754.541
9757.232
9759.924
9762.616
9765.308
9767.999
9770.691
9773.383
9776.074
9778.766
9781.457
9784.149
9786.841
9789.532
9792.225
9794.916
9797.607
9800.299
9802.99
9805.683
9808.374
9811.065
9813.758
9816.449
9819.141
9821.832
9824.523
9827.216
9829.907
9832.599
9835.291
9837.982
9840.674
9843.365
9846.057
9848.749
9851.44
9854.132
9856.824
9859.516
9862.207
9864.898
9867.59
9870.282
9872.974
9875.665
9878.357
9881.049
9883.74
9886.432
9889.123
9891.815
9894.507
9897.198
9899.891
9902.582
9905.273
9907.965
9910.656
9913.349
9916.04
9918.731
9921.424
9924.115
9926.807
9929.498
9932.189
9934.882
9937.573
9940.265
9942.957
9945.648
9948.34
9951.031
9953.723
9956.415
9959.106
9961.798
9964.49
9967.182
9969.873
9972.564
9975.256
9977.948
9980.64
9983.331
9986.023
9988.715
9991.406
9994.098
9996.789
9999.481
10002.17
10004.86
10007.56
10010.25
10012.94
10015.63
10018.32
10021.01
10023.71
10026.4
10029.09
10031.78
10034.47
10037.16
10039.86
10042.55
10045.24
10047.93
10050.62
10053.31
10056.01
10058.7
10061.39
10064.08
10066.77
10069.46
10072.16
10074.85
10077.54
10080.23
10082.92
10085.61
10088.31
10091
10093.69
10096.38
10099.07
10101.76
10104.46
10107.15
10109.84
10112.53
10115.22
10117.91
10120.61
10123.3
10125.99
10128.68
10131.37
10134.06
10136.76
10139.45
10142.14
10144.83
10147.52
10150.21
10152.91
10155.6
10158.29
10160.98
10163.67
10166.36
10169.05
10171.75
10174.44
10177.13
10179.82
10182.51
10185.21
10187.9
10190.59
10193.28
10195.97
10198.66
10201.36
10204.05
10206.74
10209.43
10212.12
10214.81
10217.5
10220.2
10222.89
10225.58
10228.27
10230.96
10233.65
10236.35
10239.04
10241.73
10244.42
10247.11
10249.8
10252.5
10255.19
10257.88
10260.57
10263.26
10265.96
10268.65
10271.34
10274.03
10276.72
10279.41
10282.1
10284.8
10287.49
10290.18
10292.87
10295.56
10298.25
10300.95
10303.64
10306.33
10309.02
10311.71
10314.4
10317.1
10319.79
10322.48
10325.17
10327.86
10330.55
10333.25
10335.94
10338.63
10341.32
10344.01
10346.7
10349.4
10352.09
10354.78
10357.47
10360.16
10362.85
10365.55
10368.24
10370.93
10373.62
10376.31
10379
10381.7
10384.39
10387.08
10389.77
10392.46
10395.15
10397.85
10400.54
10403.23
10405.92
10408.61
10411.3
10414
10416.69
10419.38
10422.07
10424.76
10427.45
10430.15
10432.84
10435.53
10438.22
10440.91
10443.6
10446.29
10448.99
10451.68
10454.37
10457.06
10459.75
10462.45
10465.14
10467.83
10470.52
10473.21
10475.9
10478.59
10481.29
10483.98
10486.67
10489.36
10492.05
10494.75
10497.44
10500.13
10502.82
10505.51
10508.2
10510.89
10513.59
10516.28
10518.97
10521.66
10524.35
10527.04
10529.74
10532.43
10535.12
10537.81
10540.5
10543.19
10545.89
10548.58
10551.27
10553.96
10556.65
10559.34
10562.04
10564.73
10567.42
10570.11
10572.8
10575.49
10578.19
10580.88
10583.57
10586.26
10588.95
10591.64
10594.34
10597.03
10599.72
10602.41
10605.1
10607.79
10610.49
10613.18
10615.87
10618.56
10621.25
10623.94
10626.64
10629.33
10632.02
10634.71
10637.4
10640.09
10642.79
10645.48
10648.17
10650.86
10653.55
10656.24
10658.94
10661.63
10664.32
10667.01
10669.7
10672.39
10675.09
10677.78
10680.47
10683.16
10685.85
10688.54
10691.24
10693.93
10696.62
10699.31
10702
10704.69
10707.38
10710.08
10712.77
10715.46
10718.15
10720.84
10723.54
10726.23
10728.92
10731.61
10734.3
10736.99
10739.69
10742.38
10745.07
10747.76
10750.45
10753.14
10755.83
10758.53
10761.22
10763.91
10766.6
10769.29
10771.98
10774.68
10777.37
10780.06
10782.75
10785.44
10788.13
10790.83
10793.52
10796.21
10798.9
10801.59
10804.29
10806.98
10809.67
10812.36
10815.05
10817.74
10820.43
10823.13
10825.82
10828.51
10831.2
10833.89
10836.58
10839.28
10841.97
10844.66
10847.35
10850.04
10852.73
10855.43
10858.12
10860.81
10863.5
10866.19
10868.88
10871.58
10874.27
10876.96
10879.65
10882.34
10885.03
10887.73
10890.42
10893.11
10895.8
10898.49
10901.18
10903.88
10906.57
10909.26
10911.95
10914.64
10917.33
10920.03
10922.72
10925.41
10928.1
10930.79
10933.48
10936.18
10938.87
10941.56
10944.25
10946.94
10949.63
10952.33
10955.02
10957.71
10960.4
10963.09
10965.78
10968.48
10971.17
10973.86
10976.55
10979.24
10981.93
10984.63
10987.32
10990.01
10992.7
10995.39
10998.08
11000.78
11003.47
11006.16
11008.85
11011.54
11014.23
11016.92
11019.62
11022.31
11025
11027.69
11030.38
11033.08
11035.77
11038.46
11041.15
11043.84
11046.53
11049.22
11051.92
11054.61
11057.3
11059.99
11062.68
11065.38
11068.07
11070.76
11073.45
11076.14
11078.83
11081.52
11084.22
11086.91
11089.6
11092.29
11094.98
11097.67
11100.37
11103.06
11105.75
11108.44
11111.13
11113.82
11116.52
11119.21
11121.9
11124.59
11127.28
11129.97
11132.67
11135.36
11138.05
11140.74
11143.43
11146.12
11148.82
11151.51
11154.2
11156.89
11159.58
11162.27
11164.97
11167.66
11170.35
11173.04
11175.73
11178.42
11181.12
11183.81
11186.5
11189.19
11191.88
11194.57
11197.27
11199.96
11202.65
11205.34
11208.03
11210.72
11213.42
11216.11
11218.8
11221.49
11224.18
11226.87
11229.57
11232.26
11234.95
11237.64
11240.33
11243.02
11245.71
11248.41
11251.1
11253.79
11256.48
11259.17
11261.87
11264.56
11267.25
11269.94
11272.63
11275.32
11278.02
11280.71
11283.4
11286.09
11288.78
11291.47
11294.17
11296.86
11299.55
11302.24
11304.93
11307.62
11310.31
11313.01
11315.7
11318.39
11321.08
11323.77
11326.46
11329.16
11331.85
11334.54
11337.23
11339.92
11342.62
11345.31
11348
11350.69
11353.38
11356.07
11358.76
11361.46
11364.15
11366.84
11369.53
11372.22
11374.91
11377.61
11380.3
11382.99
11385.68
11388.37
11391.06
11393.76
11396.45
11399.14
11401.83
11404.52
11407.21
11409.91
11412.6
11415.29
11417.98
11420.67
11423.36
11426.06
11428.75
11431.44
11434.13
11436.82
11439.51
11442.21
11444.9
11447.59
11450.28
11452.97
11455.66
11458.36
11461.05
11463.74
11466.43
11469.12
11471.81
11474.51
11477.2
11479.89
11482.58
11485.27
11487.96
11490.66
11493.35
11496.04
11498.73
11501.42
11504.11
11506.81
11509.5
11512.19
11514.88
11517.57
11520.26
11522.96
11525.65
11528.34
11531.03
11533.72
11536.41
11539.11
11541.8
11544.49
11547.18
11549.87
11552.56
11555.25
11557.95
11560.64
11563.33
11566.02
11568.71
11571.41
11574.1
11576.79
11579.48
11582.17
11584.86
11587.55
11590.25
11592.94
11595.63
11598.32
11601.01
11603.71
11606.4
11609.09
11611.78
11614.47
11617.16
11619.85
11622.55
11625.24
11627.93
11630.62
11633.31
11636
11638.7
11641.39
11644.08
11646.77
11649.46
11652.15
11654.85
11657.54
11660.23
11662.92
11665.61
11668.3
11671
11673.69
11676.38
11679.07
11681.76
11684.45
11687.15
11689.84
11692.53
11695.22
11697.91
11700.6
11703.3
11705.99
11708.68
11711.37
11714.06
11716.75
11719.45
11722.14
11724.83
11727.52
11730.21
11732.9
11735.6
11738.29
11740.98
11743.67
11746.36
11749.05
11751.75
11754.44
11757.13
11759.82
11762.51
11765.2
11767.9
11770.59
11773.28
11775.97
11778.66
11781.35
11784.04
11786.74
11789.43
11792.12
11794.81
11797.5
11800.2
11802.89
11805.58
11808.27
11810.96
11813.65
11816.35
11819.04
11821.73
11824.42
11827.11
11829.8
11832.5
11835.19
11837.88
11840.57
11843.26
11845.95
11848.64
11851.34
11854.03
11856.72
11859.41
11862.1
11864.79
11867.49
11870.18
11872.87
11875.56
11878.25
11880.95
11883.64
11886.33
11889.02
11891.71
11894.4
11897.09
11899.79
11902.48
11905.17
11907.86
11910.55
11913.24
11915.94
11918.63
11921.32
11924.01
11926.7
11929.39
11932.09
11934.78
11937.47
11940.16
11942.85
11945.54
11948.24
11950.93
11953.62
11956.31
11959
11961.69
11964.39
11967.08
11969.77
11972.46
11975.15
11977.84
11980.54
11983.23
11985.92
11988.61
11991.3
11993.99
11996.69
11999.38
12002.07
12004.76
12007.45
12010.14
12012.84
12015.53
12018.22
12020.91
12023.6
12026.29
12028.99
12031.68
12034.37
12037.06
12039.75
12042.44
12045.14
12047.83
12050.52
12053.21
12055.9
12058.59
12061.29
12063.98
12066.67
12069.36
12072.05
12074.74
12077.44
12080.13
12082.82
12085.51
12088.2
12090.89
12093.58
12096.28
12098.97
12101.66
12104.35
12107.04
12109.74
12112.43
12115.12
12117.81
12120.5
12123.19
12125.88
12128.58
12131.27
12133.96
12136.65
12139.34
12142.04
12144.73
12147.42
12150.11
12152.8
12155.49
12158.18
12160.88
12163.57
12166.26
12168.95
12171.64
12174.33
12177.03
12179.72
12182.41
12185.1
12187.79
12190.48
12193.18
12195.87
12198.56
12201.25
12203.94
12206.63
12209.33
12212.02
12214.71
12217.4
12220.09
12222.78
12225.48
12228.17
12230.86
12233.55
12236.24
12238.93
12241.63
12244.32
12247.01
12249.7
12252.39
12255.08
12257.78
12260.47
12263.16
12265.85
12268.54
12271.23
12273.93
12276.62
12279.31
12282
12284.69
12287.38
12290.08
12292.77
12295.46
12298.15
12300.84
12303.53
12306.23
12308.92
12311.61
12314.3
12316.99
12319.68
12322.38
12325.07
12327.76
12330.45
12333.14
12335.83
12338.53
12341.22
12343.91
12346.6
12349.29
12351.98
12354.68
12357.37
12360.06
12362.75
12365.44
12368.13
12370.83
12373.52
12376.21
12378.9
12381.59
12384.28
12386.97
12389.67
12392.36
12395.05
12397.74
12400.43
12403.13
12405.82
12408.51
12411.2
12413.89
12416.58
12419.28
12421.97
12424.66
12427.35
12430.04
12432.73
12435.42
12438.12
12440.81
12443.5
12446.19
12448.88
12451.57
12454.27
12456.96
12459.65
12462.34
12465.03
12467.72
12470.42
12473.11
12475.8
12478.49
12481.18
12483.88
12486.57
12489.26
12491.95
12494.64
12497.33
12500.02
12502.72
12505.41
12508.1
12510.79
12513.48
12516.17
12518.87
12521.56
12524.25
12526.94
12529.63
12532.32
12535.02
12537.71
12540.4
12543.09
12545.78
12548.47
12551.17
12553.86
12556.55
12559.24
12561.93
12564.62
12567.32
12570.01
12572.7
12575.39
12578.08
12580.77
12583.47
12586.16
12588.85
12591.54
12594.23
12596.92
12599.62
12602.31
12605
12607.69
12610.38
12613.07
12615.77
12618.46
12621.15
12623.84
12626.53
12629.22
12631.92
12634.61
12637.3
12639.99
12642.68
12645.37
12648.07
12650.76
12653.45
12656.14
12658.83
12661.52
12664.21
12666.91
12669.6
12672.29
12674.98
12677.67
12680.37
12683.06
12685.75
12688.44
12691.13
12693.82
12696.51
12699.21
12701.9
12704.59
12707.28
12709.97
12712.67
12715.36
12718.05
12720.74
12723.43
12726.12
12728.81
12731.51
12734.2
12736.89
12739.58
12742.27
12744.96
12747.66
12750.35
12753.04
12755.73
12758.42
12761.11
12763.81
12766.5
12769.19
12771.88
12774.57
12777.26
12779.96
12782.65
12785.34
12788.03
12790.72
12793.41
12796.11
12798.8
12801.49
12804.18
12806.87
12809.56
12812.26
12814.95
12817.64
12820.33
12823.02
12825.71
12828.41
12831.1
12833.79
12836.48
12839.17
12841.86
12844.56
12847.25
12849.94
12852.63
12855.32
12858.01
12860.71
12863.4
12866.09
12868.78
12871.47
12874.16
12876.86
12879.55
12882.24
12884.93
12887.62
12890.31
12893.01
12895.7
12898.39
12901.08
12903.77
12906.46
12909.16
12911.85
12914.54
12917.23
12919.92
12922.61
12925.3
12928
12930.69
12933.38
12936.07
12938.76
12941.46
12944.15
12946.84
12949.53
12952.22
12954.91
12957.61
12960.3
12962.99
12965.68
12968.37
12971.06
12973.75
12976.45
12979.14
12981.83
12984.52
12987.21
12989.9
12992.6
12995.29
12997.98
13000.67
13003.36
13006.05
13008.75
13011.44
13014.13
13016.82
13019.51
13022.21
13024.9
13027.59
13030.28
13032.97
13035.66
13038.35
13041.05
13043.74
13046.43
13049.12
13051.81
13054.5
13057.2
13059.89
13062.58
13065.27
13067.96
13070.65
13073.35
13076.04
13078.73
13081.42
13084.11
13086.8
13089.5
13092.19
13094.88
13097.57
13100.26
13102.95
13105.65
13108.34
13111.03
13113.72
13116.41
13119.1
13121.8
13124.49
13127.18
13129.87
13132.56
13135.25
13137.95
13140.64
13143.33
13146.02
13148.71
13151.4
13154.1
13156.79
13159.48
13162.17
13164.86
13167.55
13170.25
13172.94
13175.63
13178.32
13181.01
13183.7
13186.4
13189.09
13191.78
13194.47
13197.16
13199.85
13202.54
13205.24
13207.93
13210.62
13213.31
13216
13218.7
13221.39
13224.08
13226.77
13229.46
13232.15
13234.84
13237.54
13240.23
13242.92
13245.61
13248.3
13251
13253.69
13256.38
13259.07
13261.76
13264.45
13267.14
13269.84
13272.53
13275.22
13277.91
13280.6
13283.29
13285.99
13288.68
13291.37
13294.06
13296.75
13299.44
13302.14
13304.83
13307.52
13310.21
13312.9
13315.59
13318.29
13320.98
13323.67
13326.36
13329.05
13331.74
13334.44
13337.13
13339.82
13342.51
13345.2
13347.89
13350.59
13353.28
13355.97
13358.66
13361.35
13364.04
13366.74
13369.43
13372.12
13374.81
13377.5
13380.19
13382.89
13385.58
13388.27
13390.96
13393.65
13396.34
13399.04
13401.73
13404.42
13407.11
13409.8
13412.49
13415.19
13417.88
13420.57
13423.26
13425.95
13428.64
13431.34
13434.03
13436.72
13439.41
13442.1
13444.79
13447.49
13450.18
13452.87
13455.56
13458.25
13460.94
13463.63
13466.33
13469.02
13471.71
13474.4
13477.09
13479.79
13482.48
13485.17
13487.86
13490.55
13493.24
13495.94
13498.63
13501.32
13504.01
13506.7
13509.39
13512.08
13514.78
13517.47
13520.16
13522.85
13525.54
13528.23
13530.93
13533.62
13536.31
13539
13541.69
13544.38
13547.08
13549.77
13552.46
13555.15
13557.84
13560.54
13563.23
13565.92
13568.61
13571.3
13573.99
13576.68
13579.38
13582.07
13584.76
13587.45
13590.14
13592.83
13595.53
13598.22
13600.91
13603.6
13606.29
13608.98
13611.68
13614.37
13617.06
13619.75
13622.44
13625.13
13627.83
13630.52
13633.21
13635.9
13638.59
13641.28
13643.98
13646.67
13649.36
13652.05
13654.74
13657.43
13660.13
13662.82
13665.51
13668.2
13670.89
13673.58
13676.28
13678.97
13681.66
13684.35
13687.04
13689.73
13692.43
13695.12
13697.81
13700.5
13703.19
13705.88
13708.58
13711.27
13713.96
13716.65
13719.34
13722.03
13724.73
13727.42
13730.11
13732.8
13735.49
13738.18
13740.88
13743.57
13746.26
13748.95
13751.64
13754.33
13757.03
13759.72
13762.41
13765.1
13767.79
13770.48
13773.17
13775.87
13778.56
13781.25
13783.94
13786.63
13789.33
13792.02
13794.71
13797.4
13800.09
13802.78
13805.47
13808.17
13810.86
13813.55
13816.24
13818.93
13821.63
13824.32
13827.01
13829.7
13832.39
13835.08
13837.77
13840.47
13843.16
13845.85
13848.54
13851.23
13853.92
13856.62
13859.31
13862
13864.69
13867.38
13870.07
13872.77
13875.46
13878.15
13880.84
13883.53
13886.22
13888.92
13891.61
13894.3
13896.99
13899.68
13902.37
13905.07
13907.76
13910.45
13913.14
13915.83
13918.52
13921.22
13923.91
13926.6
13929.29
13931.98
13934.67
13937.37
13940.06
13942.75
13945.44
13948.13
13950.82
13953.52
13956.21
13958.9
13961.59
13964.28
13966.97
13969.67
13972.36
13975.05
13977.74
13980.43
13983.12
13985.82
13988.51
13991.2
13993.89
13996.58
13999.27
14001.96
14004.66
14007.35
14010.04
14012.73
14015.42
14018.12
14020.81
14023.5
14026.19
14028.88
14031.57
14034.27
14036.96
14039.65
14042.34
14045.03
14047.72
14050.42
14053.11
14055.8
14058.49
14061.18
14063.87
14066.56
14069.26
14071.95
14074.64
14077.33
14080.02
14082.71
14085.41
14088.1
14090.79
14093.48
14096.17
14098.87
14101.56
14104.25
14106.94
14109.63
14112.32
14115.01
14117.71
14120.4
14123.09
14125.78
14128.47
14131.16
14133.86
14136.55
14139.24
14141.93
14144.62
14147.31
14150.01
14152.7
14155.39
14158.08
14160.77
14163.46
14166.16
14168.85
14171.54
14174.23
14176.92
14179.61
14182.31
14185
14187.69
14190.38
14193.07
14195.76
14198.46
14201.15
14203.84
14206.53
14209.22
14211.91
14214.61
14217.3
14219.99
14222.68
14225.37
14228.06
14230.76
14233.45
14236.14
14238.83
14241.52
14244.21
14246.91
14249.6
14252.29
14254.98
14257.67
14260.36
14263.06
14265.75
14268.44
14271.13
14273.82
14276.51
14279.21
14281.9
14284.59
14287.28
14289.97
14292.66
14295.36
14298.05
14300.74
14303.43
14306.12
14308.81
14311.5
14314.2
14316.89
14319.58
14322.27
14324.96
14327.66
14330.35
14333.04
14335.73
14338.42
14341.11
14343.8
14346.5
14349.19
14351.88
14354.57
14357.26
14359.96
14362.65
14365.34
14368.03
14370.72
14373.41
14376.1
14378.8
14381.49
14384.18
14386.87
14389.56
14392.25
14394.95
14397.64
14400.33
14403.02
14405.71
14408.4
14411.1
14413.79
14416.48
14419.17
14421.86
14424.55
14427.25
14429.94
14432.63
14435.32
14438.01
14440.7
14443.4
14446.09
14448.78
14451.47
14454.16
14456.85
14459.55
14462.24
14464.93
14467.62
14470.31
14473
14475.7
14478.39
14481.08
14483.77
14486.46
14489.15
14491.85
14494.54
14497.23
14499.92
14502.61
14505.3
14508
14510.69
14513.38
14516.07
14518.76
14521.45
14524.15
14526.84
14529.53
14532.22
14534.91
14537.6
14540.29
14542.99
14545.68
14548.37
14551.06
14553.75
14556.45
14559.14
14561.83
14564.52
14567.21
14569.9
14572.6
14575.29
14577.98
14580.67
14583.36
14586.05
14588.75
14591.44
14594.13
14596.82
14599.51
14602.2
14604.89
14607.59
14610.28
14612.97
14615.66
14618.35
14621.04
14623.74
14626.43
14629.12
14631.81
14634.5
14637.2
14639.89
14642.58
14645.27
14647.96
14650.65
14653.34
14656.04
14658.73
14661.42
14664.11
14666.8
14669.49
14672.19
14674.88
14677.57
14680.26
14682.95
14685.64
14688.34
14691.03
14693.72
14696.41
14699.1
14701.79
14704.49
14707.18
14709.87
14712.56
14715.25
14717.94
14720.64
14723.33
14726.02
14728.71
14731.4
14734.09
14736.79
14739.48
14742.17
14744.86
14747.55
14750.24
14752.94
14755.63
14758.32
14761.01
14763.7
14766.39
14769.09
14771.78
14774.47
14777.16
14779.85
14782.54
14785.24
14787.93
14790.62
14793.31
14796
14798.69
14801.39
14804.08
14806.77
14809.46
14812.15
14814.84
14817.54
14820.23
14822.92
14825.61
14828.3
14830.99
14833.69
14836.38
14839.07
14841.76
14844.45
14847.14
14849.83
14852.53
14855.22
14857.91
14860.6
14863.29
14865.99
14868.68
14871.37
14874.06
14876.75
14879.44
14882.13
14884.83
14887.52
14890.21
14892.9
14895.59
14898.29
14900.98
14903.67
14906.36
14909.05
14911.74
14914.43
14917.13
14919.82
14922.51
14925.2
14927.89
14930.58
14933.28
14935.97
14938.66
14941.35
14944.04
14946.73
14949.43
14952.12
14954.81
14957.5
14960.19
14962.88
14965.58
14968.27
14970.96
14973.65
14976.34
14979.03
14981.73
14984.42
14987.11
14989.8
14992.49
14995.18
14997.88
15000.57
15003.26
15005.95
15008.64
15011.33
15014.03
15016.72
15019.41
15022.1
15024.79
15027.48
15030.18
15032.87
15035.56
15038.25
15040.94
15043.63
15046.33
15049.02
15051.71
15054.4
15057.09
15059.78
15062.48
15065.17
15067.86
15070.55
15073.24
15075.93
15078.63
15081.32
15084.01
15086.7
15089.39
15092.08
15094.78
15097.47
15100.16
15102.85
15105.54
15108.23
15110.93
15113.62
15116.31
15119
15121.69
15124.38
15127.08
15129.77
15132.46
15135.15
15137.84
15140.53
15143.22
15145.92
15148.61
15151.3
15153.99
15156.68
15159.38
15162.07
15164.76
15167.45
15170.14
15172.83
15175.53
15178.22
15180.91
15183.6
15186.29
15188.98
15191.67
15194.37
15197.06
15199.75
15202.44
15205.13
15207.82
15210.52
15213.21
15215.9
15218.59
15221.28
15223.97
15226.67
15229.36
15232.05
15234.74
15237.43
15240.13
15242.82
15245.51
15248.2
15250.89
15253.58
15256.27
15258.97
15261.66
15264.35
15267.04
15269.73
15272.42
15275.12
15277.81
15280.5
15283.19
15285.88
15288.57
15291.27
15293.96
15296.65
15299.34
15302.03
15304.72
15307.42
15310.11
15312.8
15315.49
15318.18
15320.87
15323.57
15326.26
15328.95
15331.64
15334.33
15337.02
15339.72
15342.41
15345.1
15347.79
15350.48
15353.17
15355.87
15358.56
15361.25
15363.94
15366.63
15369.32
15372.02
15374.71
15377.4
15380.09
15382.78
15385.47
15388.17
15390.86
15393.55
15396.24
15398.93
15401.62
15404.32
15407.01
15409.7
15412.39
15415.08
15417.77
15420.46
15423.16
15425.85
15428.54
15431.23
15433.92
15436.62
15439.31
15442
15444.69
15447.38
15450.07
15452.76
15455.46
15458.15
15460.84
15463.53
15466.22
15468.92
15471.61
15474.3
15476.99
15479.68
15482.37
15485.06
15487.76
15490.45
15493.14
15495.83
15498.52
15501.21
15503.91
15506.6
15509.29
15511.98
15514.67
15517.36
15520.06
15522.75
15525.44
15528.13
15530.82
15533.51
15536.21
15538.9
15541.59
15544.28
15546.97
15549.66
15552.36
15555.05
15557.74
15560.43
15563.12
15565.81
15568.51
15571.2
15573.89
15576.58
15579.27
15581.96
15584.66
15587.35
15590.04
15592.73
15595.42
15598.11
15600.81
15603.5
15606.19
15608.88
15611.57
15614.26
15616.96
15619.65
15622.34
15625.03
15627.72
15630.41
15633.11
15635.8
15638.49
15641.18
15643.87
15646.56
15649.26
15651.95
15654.64
15657.33
15660.02
15662.71
15665.41
15668.1
15670.79
15673.48
15676.17
15678.86
15681.55
15684.25
15686.94
15689.63
15692.32
15695.01
15697.71
15700.4
15703.09
15705.78
15708.47
15711.16
15713.86
15716.55
15719.24
15721.93
15724.62
15727.31
15730
15732.7
15735.39
15738.08
15740.77
15743.46
15746.15
15748.85
15751.54
15754.23
15756.92
15759.61
15762.3
15765
15767.69
15770.38
15773.07
15775.76
15778.46
15781.15
15783.84
15786.53
15789.22
15791.91
15794.6
15797.3
15799.99
15802.68
15805.37
15808.06
15810.75
15813.45
15816.14
15818.83
15821.52
15824.21
15826.9
15829.6
15832.29
15834.98
15837.67
15840.36
15843.05
15845.75
15848.44
15851.13
15853.82
15856.51
15859.2
15861.9
15864.59
15867.28
15869.97
15872.66
15875.35
15878.05
15880.74
15883.43
15886.12
15888.81
15891.5
15894.2
15896.89
15899.58
15902.27
15904.96
15907.65
15910.35
15913.04
15915.73
15918.42
15921.11
15923.8
15926.5
15929.19
15931.88
15934.57
15937.26
15939.95
15942.65
15945.34
15948.03
15950.72
15953.41
15956.1
15958.79
15961.49
15964.18
15966.87
15969.56
15972.25
15974.95
15977.64
15980.33
15983.02
15985.71
15988.4
15991.09
15993.79
15996.48
15999.17
16001.86
16004.55
16007.25
16009.94
16012.63
16015.32
16018.01
16020.7
16023.39
16026.09
16028.78
16031.47
16034.16
16036.85
16039.54
16042.24
16044.93
16047.62
16050.31
16053
16055.69
16058.39
16061.08
16063.77
16066.46
16069.15
16071.84
16074.54
16077.23
16079.92
16082.61
16085.3
16087.99
16090.69
16093.38
16096.07
16098.76
16101.45
16104.14
16106.84
16109.53
16112.22
16114.91
16117.6
16120.29
16122.99
16125.68
16128.37
16131.06
16133.75
16136.44
16139.14
16141.83
16144.52
16147.21
16149.9
16152.59
16155.29
16157.98
16160.67
16163.36
16166.05
16168.74
16171.44
16174.13
16176.82
16179.51
16182.2
16184.89
16187.59
16190.28
16192.97
16195.66
16198.35
16201.04
16203.74
16206.43
16209.12
16211.81
16214.5
16217.19
16219.88
16222.58
16225.27
16227.96
16230.65
16233.34
16236.04
16238.73
16241.42
16244.11
16246.8
16249.49
16252.19
16254.88
16257.57
16260.26
16262.95
16265.64
16268.33
16271.03
16273.72
16276.41
16279.1
16281.79
16284.48
16287.18
16289.87
16292.56
16295.25
16297.94
16300.63
16303.33
16306.02
16308.71
16311.4
16314.09
16316.79
16319.48
16322.17
16324.86
16327.55
16330.24
16332.93
16335.63
16338.32
16341.01
16343.7
16346.39
16349.08
16351.78
16354.47
16357.16
16359.85
16362.54
16365.23
16367.93
16370.62
16373.31
16376
16378.69
16381.38
16384.08
16386.77
16389.46
16392.15
16394.84
16397.54
16400.23
16402.92
16405.61
16408.3
16410.99
16413.68
16416.38
16419.07
16421.76
16424.45
16427.14
16429.83
16432.53
16435.22
16437.91
16440.6
16443.29
16445.98
16448.68
16451.37
16454.06
16456.75
16459.44
16462.13
16464.83
16467.52
16470.21
16472.9
16475.59
16478.28
16480.97
16483.67
16486.36
16489.05
16491.74
16494.43
16497.13
16499.82
16502.51
16505.2
16507.89
16510.58
16513.28
16515.97
16518.66
16521.35
16524.04
16526.73
16529.43
16532.12
16534.81
16537.5
16540.19
16542.88
16545.57
16548.27
16550.96
16553.65
16556.34
16559.03
16561.72
16564.42
16567.11
16569.8
16572.49
16575.18
16577.88
16580.57
16583.26
16585.95
16588.64
16591.33
16594.03
16596.72
16599.41
16602.1
16604.79
16607.48
16610.17
16612.87
16615.56
16618.25
16620.94
16623.63
16626.32
16629.02
16631.71
16634.4
16637.09
16639.78
16642.47
16645.17
16647.86
16650.55
16653.24
16655.93
16658.63
16661.32
16664.01
16666.7
16669.39
16672.08
16674.77
16677.46
16680.16
16682.85
16685.54
16688.23
16690.92
16693.62
16696.31
16699
16701.69
16704.38
16707.07
16709.77
16712.46
16715.15
16717.84
16720.53
16723.22
16725.92
16728.61
16731.3
16733.99
16736.68
16739.37
16742.07
16744.76
16747.45
16750.14
16752.83
16755.52
16758.21
16760.91
16763.6
16766.29
16768.98
16771.67
16774.37
16777.06
16779.75
16782.44
16785.13
16787.82
16790.52
16793.21
16795.9
16798.59
16801.28
16803.97
16806.66
16809.36
16812.05
16814.74
16817.43
16820.12
16822.81
16825.51
16828.2
16830.89
16833.58
16836.27
16838.96
16841.66
16844.35
16847.04
16849.73
16852.42
16855.12
16857.81
16860.5
16863.19
16865.88
16868.57
16871.27
16873.96
16876.65
16879.34
16882.03
16884.72
16887.41
16890.11
16892.8
16895.49
16898.18
16900.87
16903.56
16906.26
16908.95
16911.64
16914.33
16917.02
16919.71
16922.41
16925.1
16927.79
16930.48
16933.17
16935.86
16938.56
16941.25
16943.94
16946.63
16949.32
16952.01
16954.71
16957.4
16960.09
16962.78
16965.47
16968.16
16970.86
16973.55
16976.24
16978.93
16981.62
16984.31
16987.01
16989.7
16992.39
16995.08
16997.77
17000.46
17003.16
17005.85
17008.54
17011.23
17013.92
17016.61
17019.3
17022
17024.69
17027.38
17030.07
17032.76
17035.46
17038.15
17040.84
17043.53
17046.22
17048.91
17051.61
17054.3
17056.99
17059.68
17062.37
17065.06
17067.76
17070.45
17073.14
17075.83
17078.52
17081.21
17083.9
17086.6
17089.29
17091.98
17094.67
17097.36
17100.05
17102.75
17105.44
17108.13
17110.82
17113.51
17116.21
17118.9
17121.59
17124.28
17126.97
17129.66
17132.36
17135.05
17137.74
17140.43
17143.12
17145.81
17148.5
17151.2
17153.89
17156.58
17159.27
17161.96
17164.65
17167.35
17170.04
17172.73
17175.42
17178.11
17180.8
17183.5
17186.19
17188.88
17191.57
17194.26
17196.96
17199.65
17202.34
17205.03
17207.72
17210.41
17213.1
17215.8
17218.49
17221.18
17223.87
17226.56
17229.25
17231.95
17234.64
17237.33
17240.02
17242.71
17245.4
17248.1
17250.79
17253.48
17256.17
17258.86
17261.55
17264.25
17266.94
17269.63
17272.32
17275.01
17277.7
17280.39
17283.09
17285.78
17288.47
17291.16
17293.85
17296.54
17299.24
17301.93
17304.62
17307.31
17310
17312.7
17315.39
17318.08
17320.77
17323.46
17326.15
17328.85
17331.54
17334.23
17336.92
17339.61
17342.3
17345
17347.69
17350.38
17353.07
17355.76
17358.45
17361.14
17363.84
17366.53
17369.22
17371.91
17374.6
17377.29
17379.99
17382.68
17385.37
17388.06
17390.75
17393.45
17396.14
17398.83
17401.52
17404.21
17406.9
17409.59
17412.29
17414.98
17417.67
17420.36
17423.05
17425.74
17428.44
17431.13
17433.82
17436.51
17439.2
17441.89
17444.59
17447.28
17449.97
17452.66
17455.35
17458.04
17460.74
17463.43
17466.12
17468.81
17471.5
17474.2
17476.89
17479.58
17482.27
17484.96
17487.65
17490.34
17493.04
17495.73
17498.42
17501.11
17503.8
17506.49
17509.19
17511.88
17514.57
17517.26
17519.95
17522.64
17525.34
17528.03
17530.72
17533.41
17536.1
17538.79
17541.49
17544.18
17546.87
17549.56
17552.25
17554.94
17557.63
17560.33
17563.02
17565.71
17568.4
17571.09
17573.79
17576.48
17579.17
17581.86
17584.55
17587.24
17589.94
17592.63
17595.32
17598.01
17600.7
17603.39
17606.09
17608.78
17611.47
17614.16
17616.85
17619.54
17622.23
17624.93
17627.62
17630.31
17633
17635.69
17638.38
17641.08
17643.77
17646.46
17649.15
17651.84
17654.54
17657.23
17659.92
17662.61
17665.3
17667.99
17670.69
17673.38
17676.07
17678.76
17681.45
17684.14
17686.83
17689.53
17692.22
17694.91
17697.6
17700.29
17702.98
17705.68
17708.37
17711.06
17713.75
17716.44
17719.13
17721.83
17724.52
17727.21
17729.9
17732.59
17735.29
17737.98
17740.67
17743.36
17746.05
17748.74
17751.43
17754.13
17756.82
17759.51
17762.2
17764.89
17767.58
17770.28
17772.97
17775.66
17778.35
17781.04
17783.73
17786.43
17789.12
17791.81
17794.5
17797.19
17799.88
17802.58
17805.27
17807.96
17810.65
17813.34
17816.03
17818.73
17821.42
17824.11
17826.8
17829.49
17832.18
17834.88
17837.57
17840.26
17842.95
17845.64
17848.33
17851.03
17853.72
17856.41
17859.1
17861.79
17864.48
17867.18
17869.87
17872.56
17875.25
17877.94
17880.63
17883.32
17886.02
17888.71
17891.4
17894.09
17896.78
17899.47
17902.17
17904.86
17907.55
17910.24
17912.93
17915.63
17918.32
17921.01
17923.7
17926.39
17929.08
17931.78
17934.47
17937.16
17939.85
17942.54
17945.23
17947.93
17950.62
17953.31
17956
17958.69
17961.38
17964.07
17966.77
17969.46
17972.15
17974.84
17977.53
17980.22
17982.92
17985.61
17988.3
17990.99
17993.68
17996.38
17999.07
18001.76
18004.45
18007.14
18009.83
18012.52
18015.22
18017.91
18020.6
18023.29
18025.98
18028.67
18031.37
18034.06
18036.75
18039.44
18042.13
18044.82
18047.52
18050.21
18052.9
18055.59
18058.28
18060.97
18063.67
18066.36
18069.05
18071.74
18074.43
18077.13
18079.82
18082.51
18085.2
18087.89
18090.58
18093.27
18095.96
18098.66
18101.35
18104.04
18106.73
18109.42
18112.12
18114.81
18117.5
18120.19
18122.88
18125.57
18128.27
18130.96
18133.65
18136.34
18139.03
18141.72
18144.42
18147.11
18149.8
18152.49
18155.18
18157.87
18160.56
18163.26
18165.95
18168.64
18171.33
18174.02
18176.71
18179.41
18182.1
18184.79
18187.48
18190.17
18192.87
18195.56
18198.25
18200.94
18203.63
18206.32
18209.02
18211.71
18214.4
18217.09
18219.78
18222.47
18225.16
18227.86
18230.55
18233.24
18235.93
18238.62
18241.31
18244.01
18246.7
18249.39
18252.08
18254.77
18257.46
18260.16
18262.85
18265.54
18268.23
18270.92
18273.62
18276.31
18279
18281.69
18284.38
18287.07
18289.76
18292.46
18295.15
18297.84
18300.53
18303.22
18305.91
18308.61
18311.3
18313.99
18316.68
18319.37
18322.06
18324.76
18327.45
18330.14
18332.83
18335.52
18338.21
18340.91
18343.6
18346.29
18348.98
18351.67
18354.36
18357.05
18359.75
18362.44
18365.13
18367.82
18370.51
18373.21
18375.9
18378.59
18381.28
18383.97
18386.66
18389.36
18392.05
18394.74
18397.43
18400.12
18402.81
18405.51
18408.2
18410.89
18413.58
18416.27
18418.96
18421.66
18424.35
18427.04
18429.73
18432.42
18435.11
18437.8
18440.5
18443.19
18445.88
18448.57
18451.26
18453.96
18456.65
18459.34
18462.03
18464.72
18467.41
18470.11
18472.8
18475.49
18478.18
18480.87
18483.56
18486.25
18488.95
18491.64
18494.33
18497.02
18499.71
18502.4
18505.1
18507.79
18510.48
18513.17
18515.86
18518.55
18521.25
18523.94
18526.63
18529.32
18532.01
18534.71
18537.4
18540.09
18542.78
18545.47
18548.16
18550.86
18553.55
18556.24
18558.93
18561.62
18564.31
18567
18569.7
18572.39
18575.08
18577.77
18580.46
18583.15
18585.85
18588.54
18591.23
18593.92
18596.61
18599.3
18602
18604.69
18607.38
18610.07
18612.76
18615.45
18618.15
18620.84
18623.53
18626.22
18628.91
18631.6
18634.29
18636.99
18639.68
18642.37
18645.06
18647.75
18650.45
18653.14
18655.83
18658.52
18661.21
18663.9
18666.6
18669.29
18671.98
18674.67
18677.36
18680.05
18682.75
18685.44
18688.13
18690.82
18693.51
18696.2
18698.89
18701.59
18704.28
18706.97
18709.66
18712.35
18715.04
18717.74
18720.43
18723.12
18725.81
18728.5
18731.2
18733.89
18736.58
18739.27
18741.96
18744.65
18747.35
18750.04
18752.73
18755.42
18758.11
18760.8
18763.49
18766.19
18768.88
18771.57
18774.26
18776.95
18779.64
18782.34
18785.03
18787.72
18790.41
18793.1
18795.79
18798.49
18801.18
18803.87
18806.56
18809.25
18811.95
18814.64
18817.33
18820.02
18822.71
18825.4
18828.09
18830.79
18833.48
18836.17
18838.86
18841.55
18844.24
18846.94
18849.63
18852.32
18855.01
18857.7
18860.39
18863.09
18865.78
18868.47
18871.16
18873.85
18876.54
18879.24
18881.93
18884.62
18887.31
18890
18892.69
18895.39
18898.08
18900.77
18903.46
18906.15
18908.84
18911.54
18914.23
18916.92
18919.61
18922.3
18924.99
18927.69
18930.38
18933.07
18935.76
18938.45
18941.14
18943.84
18946.53
18949.22
18951.91
18954.6
18957.29
18959.98
18962.68
18965.37
18968.06
18970.75
18973.44
18976.13
18978.83
18981.52
18984.21
18986.9
18989.59
18992.29
18994.98
18997.67
19000.36
19003.05
19005.74
19008.44
19011.13
19013.82
19016.51
19019.2
19021.89
19024.59
19027.28
19029.97
19032.66
19035.35
19038.04
19040.73
19043.43
19046.12
19048.81
19051.5
19054.19
19056.88
19059.58
19062.27
19064.96
19067.65
19070.34
19073.04
19075.73
19078.42
19081.11
19083.8
19086.49
19089.18
19091.88
19094.57
19097.26
19099.95
19102.64
19105.33
19108.03
19110.72
19113.41
19116.1
19118.79
19121.48
19124.18
19126.87
19129.56
19132.25
19134.94
19137.63
19140.33
19143.02
19145.71
19148.4
19151.09
19153.79
19156.48
19159.17
19161.86
19164.55
19167.24
19169.93
19172.63
19175.32
19178.01
19180.7
19183.39
19186.08
19188.78
19191.47
19194.16
19196.85
19199.54
19202.23
19204.93
19207.62
19210.31
19213
19215.69
19218.38
19221.08
19223.77
19226.46
19229.15
19231.84
19234.53
19237.22
19239.92
19242.61
19245.3
19247.99
19250.68
19253.38
19256.07
19258.76
19261.45
19264.14
19266.83
19269.53
19272.22
19274.91
19277.6
19280.29
19282.98
19285.68
19288.37
19291.06
19293.75
19296.44
19299.13
19301.82
19304.52
19307.21
19309.9
19312.59
19315.28
19317.97
19320.67
19323.36
19326.05
19328.74
19331.43
19334.13
19336.82
19339.51
19342.2
19344.89
19347.58
19350.28
19352.97
19355.66
19358.35
19361.04
19363.73
19366.42
19369.12
19371.81
19374.5
19377.19
19379.88
19382.57
19385.27
19387.96
19390.65
19393.34
19396.03
19398.72
19401.42
19404.11
19406.8
19409.49
19412.18
19414.88
19417.57
19420.26
19422.95
19425.64
19428.33
19431.02
19433.71
19436.41
19439.1
19441.79
19444.48
19447.17
19449.87
19452.56
19455.25
19457.94
19460.63
19463.32
19466.02
19468.71
19471.4
19474.09
19476.78
19479.47
19482.17
19484.86
19487.55
19490.24
19492.93
19495.62
19498.32
19501.01
19503.7
19506.39
19509.08
19511.77
19514.46
19517.16
19519.85
19522.54
19525.23
19527.92
19530.62
19533.31
19536
19538.69
19541.38
19544.07
19546.77
19549.46
19552.15
19554.84
19557.53
19560.22
19562.91
19565.61
19568.3
19570.99
19573.68
19576.37
19579.06
19581.76
19584.45
19587.14
19589.83
19592.52
19595.21
19597.91
19600.6
19603.29
19605.98
19608.67
19611.37
19614.06
19616.75
19619.44
19622.13
19624.82
19627.52
19630.21
19632.9
19635.59
19638.28
19640.97
19643.66
19646.36
19649.05
19651.74
19654.43
19657.12
19659.81
19662.51
19665.2
19667.89
19670.58
19673.27
19675.96
19678.66
19681.35
19684.04
19686.73
19689.42
19692.11
19694.81
19697.5
19700.19
19702.88
19705.57
19708.26
19710.96
19713.65
19716.34
19719.03
19721.72
19724.41
19727.11
19729.8
19732.49
19735.18
19737.87
19740.56
19743.26
19745.95
19748.64
19751.33
19754.02
19756.71
19759.41
19762.1
19764.79
19767.48
19770.17
19772.86
19775.55
19778.25
19780.94
19783.63
19786.32
19789.01
19791.71
19794.4
19797.09
19799.78
19802.47
19805.16
19807.86
19810.55
19813.24
19815.93
19818.62
19821.31
19824.01
19826.7
19829.39
19832.08
19834.77
19837.46
19840.15
19842.85
19845.54
19848.23
19850.92
19853.61
19856.3
19859
19861.69
19864.38
19867.07
19869.76
19872.46
19875.15
19877.84
19880.53
19883.22
19885.91
19888.61
19891.3
19893.99
19896.68
19899.37
19902.06
19904.75
19907.45
19910.14
19912.83
19915.52
19918.21
19920.9
19923.6
19926.29
19928.98
19931.67
19934.36
19937.05
19939.75
19942.44
19945.13
19947.82
19950.51
19953.21
19955.9
19958.59
19961.28
19963.97
19966.66
19969.35
19972.05
19974.74
19977.43
19980.12
19982.81
19985.5
19988.2
19990.89
19993.58
19996.27
19998.96
20001.65
20004.35
20007.04
20009.73
20012.42
20015.11
20017.8
20020.5
20023.19
20025.88
20028.57
20031.26
20033.95
20036.64
20039.34
20042.03
20044.72
20047.41
20050.1
20052.79
20055.49
20058.18
20060.87
20063.56
20066.25
20068.95
20071.64
20074.33
20077.02
20079.71
20082.4
20085.1
20087.79
20090.48
20093.17
20095.86
20098.55
20101.25
20103.94
20106.63
20109.32
20112.01
20114.7
20117.39
20120.09
20122.78
20125.47
20128.16
20130.85
20133.54
20136.24
20138.93
20141.62
20144.31
20147
20149.7
20152.39
20155.08
20157.77
20160.46
20163.15
20165.84
20168.54
20171.23
20173.92
20176.61
20179.3
20181.99
20184.69
20187.38
20190.07
20192.76
20195.45
20198.14
20200.84
20203.53
20206.22
20208.91
20211.6
20214.29
20216.99
20219.68
20222.37
20225.06
20227.75
20230.45
20233.14
20235.83
20238.52
20241.21
20243.9
20246.59
20249.29
20251.98
20254.67
20257.36
20260.05
20262.74
20265.44
20268.13
20270.82
20273.51
20276.2
20278.89
20281.59
20284.28
20286.97
20289.66
20292.35
20295.04
20297.74
20300.43
20303.12
20305.81
20308.5
20311.19
20313.88
20316.58
20319.27
20321.96
20324.65
20327.34
20330.04
20332.73
20335.42
20338.11
20340.8
20343.49
20346.19
20348.88
20351.57
20354.26
20356.95
20359.64
20362.34
20365.03
20367.72
20370.41
20373.1
20375.79
20378.48
20381.18
20383.87
20386.56
20389.25
20391.94
20394.63
20397.33
20400.02
20402.71
20405.4
20408.09
20410.79
20413.48
20416.17
20418.86
20421.55
20424.24
20426.94
20429.63
20432.32
20435.01
20437.7
20440.39
20443.08
20445.78
20448.47
20451.16
20453.85
20456.54
20459.23
20461.93
20464.62
20467.31
20470
20472.69
20475.38
20478.08
20480.77
20483.46
20486.15
20488.84
20491.54
20494.23
20496.92
20499.61
20502.3
20504.99
20507.68
20510.38
20513.07
20515.76
20518.45
20521.14
20523.83
20526.53
20529.22
20531.91
20534.6
20537.29
20539.98
20542.68
20545.37
20548.06
20550.75
20553.44
20556.13
20558.83
20561.52
20564.21
20566.9
20569.59
20572.28
20574.98
20577.67
20580.36
20583.05
20585.74
20588.43
20591.13
20593.82
20596.51
20599.2
20601.89
20604.58
20607.28
20609.97
20612.66
20615.35
20618.04
20620.73
20623.43
20626.12
20628.81
20631.5
20634.19
20636.88
20639.57
20642.27
20644.96
20647.65
20650.34
20653.03
20655.72
20658.42
20661.11
20663.8
20666.49
20669.18
20671.88
20674.57
20677.26
20679.95
20682.64
20685.33
20688.03
20690.72
20693.41
20696.1
20698.79
20701.48
20704.18
20706.87
20709.56
20712.25
20714.94
20717.63
20720.32
20723.02
20725.71
20728.4
20731.09
20733.78
20736.47
20739.17
20741.86
20744.55
20747.24
20749.93
20752.63
20755.32
20758.01
20760.7
20763.39
20766.08
20768.77
20771.47
20774.16
20776.85
20779.54
20782.23
20784.92
20787.62
20790.31
20793
20795.69
20798.38
20801.07
20803.77
20806.46
20809.15
20811.84
20814.53
20817.22
20819.92
20822.61
20825.3
20827.99
20830.68
20833.38
20836.07
20838.76
20841.45
20844.14
20846.83
20849.52
20852.21
20854.91
20857.6
20860.29
20862.98
20865.67
20868.37
20871.06
20873.75
20876.44
20879.13
20881.82
20884.52
20887.21
20889.9
20892.59
20895.28
20897.97
20900.67
20903.36
20906.05
20908.74
20911.43
20914.12
20916.81
20919.51
20922.2
20924.89
20927.58
20930.27
20932.96
20935.66
20938.35
20941.04
20943.73
20946.42
20949.12
20951.81
20954.5
20957.19
20959.88
20962.57
20965.27
20967.96
20970.65
20973.34
20976.03
20978.72
20981.41
20984.11
20986.8
20989.49
20992.18
20994.87
20997.56
21000.26
21002.95
21005.64
21008.33
21011.02
21013.71
21016.41
21019.1
21021.79
21024.48
21027.17
21029.87
21032.56
21035.25
21037.94
21040.63
21043.32
21046.01
21048.71
21051.4
21054.09
21056.78
21059.47
21062.16
21064.86
21067.55
21070.24
21072.93
21075.62
21078.31
21081.01
21083.7
21086.39
21089.08
21091.77
21094.46
21097.16
21099.85
21102.54
21105.23
21107.92
21110.61
21113.3
21116
21118.69
21121.38
21124.07
21126.76
21129.46
21132.15
21134.84
21137.53
21140.22
21142.91
21145.61
21148.3
21150.99
21153.68
21156.37
21159.06
21161.76
21164.45
21167.14
21169.83
21172.52
21175.21
21177.91
21180.6
21183.29
21185.98
21188.67
21191.36
21194.05
21196.75
21199.44
21202.13
21204.82
21207.51
21210.21
21212.9
21215.59
21218.28
21220.97
21223.66
21226.36
21229.05
21231.74
21234.43
21237.12
21239.81
21242.5
21245.2
21247.89
21250.58
21253.27
21255.96
21258.65
21261.35
21264.04
21266.73
21269.42
21272.11
21274.8
21277.5
21280.19
21282.88
21285.57
21288.26
21290.96
21293.65
21296.34
21299.03
21301.72
21304.41
21307.11
21309.8
21312.49
21315.18
21317.87
21320.56
21323.25
21325.95
21328.64
21331.33
21334.02
21336.71
21339.4
21342.1
21344.79
21347.48
21350.17
21352.86
21355.55
21358.25
21360.94
21363.63
21366.32
21369.01
21371.7
21374.4
21377.09
21379.78
21382.47
21385.16
21387.85
21390.54
21393.24
21395.93
21398.62
21401.31
21404
21406.7
21409.39
21412.08
21414.77
21417.46
21420.15
21422.85
21425.54
21428.23
21430.92
21433.61
21436.3
21439
21441.69
21444.38
21447.07
21449.76
21452.45
21455.14
21457.84
21460.53
21463.22
21465.91
21468.6
21471.29
21473.99
21476.68
21479.37
21482.06
21484.75
21487.45
21490.14
21492.83
21495.52
21498.21
21500.9
21503.6
21506.29
21508.98
21511.67
21514.36
21517.05
21519.74
21522.44
21525.13
21527.82
21530.51
21533.2
21535.89
21538.59
21541.28
21543.97
21546.66
21549.35
21552.04
21554.74
21557.43
21560.12
21562.81
21565.5
21568.2
21570.89
21573.58
21576.27
21578.96
21581.65
21584.34
21587.04
21589.73
21592.42
21595.11
21597.8
21600.49
21603.19
21605.88
21608.57
21611.26
21613.95
21616.64
21619.34
21622.03
21624.72
21627.41
21630.1
21632.79
21635.49
21638.18
21640.87
21643.56
21646.25
21648.94
21651.64
21654.33
21657.02
21659.71
21662.4
21665.09
21667.79
21670.48
21673.17
21675.86
21678.55
21681.24
21683.94
21686.63
21689.32
21692.01
21694.7
21697.39
21700.09
21702.78
21705.47
21708.16
21710.85
21713.54
21716.23
21718.93
21721.62
21724.31
21727
21729.69
21732.38
21735.08
21737.77
21740.46
21743.15
21745.84
21748.54
21751.23
21753.92
21756.61
21759.3
21761.99
21764.69
21767.38
21770.07
21772.76
21775.45
21778.14
21780.84
21783.53
21786.22
21788.91
21791.6
21794.29
21796.98
21799.68
21802.37
21805.06
21807.75
21810.44
21813.13
21815.83
21818.52
21821.21
21823.9
21826.59
21829.29
21831.98
21834.67
21837.36
21840.05
21842.74
21845.43
21848.13
21850.82
21853.51
21856.2
21858.89
21861.58
21864.28
21866.97
21869.66
21872.35
21875.04
21877.73
21880.43
21883.12
21885.81
21888.5
21891.19
21893.88
21896.58
21899.27
21901.96
21904.65
21907.34
21910.04
21912.73
21915.42
21918.11
21920.8
21923.49
21926.18
21928.88
21931.57
21934.26
21936.95
21939.64
21942.33
21945.03
21947.72
21950.41
21953.1
21955.79
21958.48
21961.18
21963.87
21966.56
21969.25
21971.94
21974.63
21977.33
21980.02
21982.71
21985.4
21988.09
21990.78
21993.47
21996.17
21998.86
22001.55
22004.24
22006.93
22009.63
22012.32
22015.01
22017.7
22020.39
22023.08
22025.78
22028.47
22031.16
22033.85
22036.54
22039.23
22041.93
22044.62
22047.31
