0
2.26979E-05
4.539581E-05
6.809371E-05
9.079161E-05
0.0001134895
0.0001361874
0.0001588853
0.0001815832
0.0002042811
0.000226979
0.0002496769
0.0002723748
0.0002950727
0.0003177706
0.0003404685
0.0003631664
0.0003858643
0.0004085622
0.0004312602
0.0004539581
0.000476656
0.0004993539
0.0005220518
0.0005447497
0.0005674476
0.0005901455
0.0006128434
0.0006355413
0.0006582392
0.0006809371
0.000703635
0.0007263329
0.0007490308
0.0007717287
0.0007944266
0.0008171245
0.0008398224
0.0008625203
0.0008852182
0.0009079161
0.000930614
0.0009533119
0.0009760098
0.0009987077
0.001021406
0.001044104
0.001066802
0.0010895
0.001112198
0.001134895
0.001157593
0.001180291
0.001202989
0.001225687
0.001248385
0.001271083
0.001293781
0.001316479
0.001339177
0.001361875
0.001384573
0.001407271
0.001429969
0.001452667
0.001475365
0.001498063
0.001520761
0.001543459
0.001566157
0.001588855
0.001611553
0.001634251
0.001656949
0.001679647
0.001702345
0.001725042
0.00174774
0.001770438
0.001793136
0.001815834
0.001838532
0.00186123
0.001883928
0.001906626
0.001929324
0.001952022
0.00197472
0.001997418
0.002020116
0.002042814
0.002065512
0.00208821
0.002110908
0.002133606
0.002156304
0.002179002
0.0022017
0.002224398
0.002247096
0.002269794
0.002292491
0.002315189
0.002337887
0.002360585
0.002383283
0.002405981
0.002428679
0.002451377
0.002474075
0.002496773
0.002519471
0.002542169
0.002564867
0.002587565
0.002610263
0.002632961
0.002655659
0.002678357
0.002701055
0.002723753
0.002746451
0.002769149
0.002791847
0.002814545
0.002837243
0.002859941
0.002882638
0.002905336
0.002928034
0.002950732
0.00297343
0.002996128
0.003018826
0.003041524
0.003064222
0.00308692
0.003109618
0.003132316
0.003155014
0.003177712
0.00320041
0.003223108
0.003245806
0.003268504
0.003291202
0.0033139
0.003336598
0.003359296
0.003381994
0.003404692
0.00342739
0.003450088
0.003472785
0.003495483
0.003518181
0.003540879
0.003563577
0.003586275
0.003608973
0.003631671
0.003654369
0.003677067
0.003699765
0.003722463
0.003745161
0.003767859
0.003790557
0.003813255
0.003835953
0.003858651
0.003881349
0.003904047
0.003926745
0.003949442
0.00397214
0.003994838
0.004017536
0.004040233
0.004062931
0.004085629
0.004108327
0.004131024
0.004153722
0.00417642
0.004199117
0.004221815
0.004244513
0.004267211
0.004289908
0.004312606
0.004335304
0.004358002
0.004380699
0.004403397
0.004426095
0.004448792
0.00447149
0.004494188
0.004516886
0.004539583
0.004562281
0.004584979
0.004607677
0.004630374
0.004653072
0.00467577
0.004698467
0.004721165
0.004743863
0.004766561
0.004789258
0.004811956
0.004834654
0.004857352
0.004880049
0.004902747
0.004925445
0.004948142
0.00497084
0.004993538
0.005016236
0.005038933
0.005061631
0.005084329
0.005107027
0.005129724
0.005152422
0.00517512
0.005197817
0.005220515
0.005243213
0.005265911
0.005288608
0.005311306
0.005334004
0.005356702
0.005379399
0.005402097
0.005424795
0.005447492
0.00547019
0.005492888
0.005515586
0.005538283
0.005560981
0.005583679
0.005606377
0.005629074
0.005651772
0.00567447
0.005697167
0.005719865
0.005742563
0.005765261
0.005787958
0.005810656
0.005833354
0.005856052
0.005878749
0.005901447
0.005924145
0.005946842
0.00596954
0.005992238
0.006014936
0.006037633
0.006060331
0.006083029
0.006105727
0.006128424
0.006151122
0.00617382
0.006196517
0.006219215
0.006241913
0.006264611
0.006287308
0.006310006
0.006332704
0.006355402
0.006378099
0.006400797
0.006423495
0.006446193
0.00646889
0.006491588
0.006514286
0.006536983
0.006559681
0.006582379
0.006605077
0.006627774
0.006650472
0.00667317
0.006695868
0.006718565
0.006741263
0.006763961
0.006786658
0.006809356
0.006832054
0.006854752
0.006877449
0.006900147
0.006922845
0.006945543
0.00696824
0.006990938
0.007013636
0.007036333
0.007059031
0.007081729
0.007104427
0.007127124
0.007149822
0.00717252
0.007195218
0.007217915
0.007240613
0.007263311
0.007286008
0.007308706
0.007331404
0.007354102
0.007376799
0.007399497
0.007422195
0.007444893
0.00746759
0.007490288
0.007512986
0.007535683
0.007558381
0.007581079
0.007603777
0.007626474
0.007649172
0.00767187
0.007694568
0.007717265
0.007739963
0.007762661
0.007785358
0.007808056
0.007830754
0.007853452
0.00787615
0.007898849
0.007921547
0.007944245
0.007966943
0.007989641
0.008012339
0.008035038
0.008057736
0.008080434
0.008103132
0.00812583
0.008148529
0.008171227
0.008193925
0.008216623
0.008239321
0.00826202
0.008284718
0.008307416
0.008330114
0.008352812
0.008375511
0.008398209
0.008420907
0.008443605
0.008466303
0.008489002
0.0085117
0.008534398
0.008557096
0.008579794
0.008602493
0.008625191
0.008647889
0.008670587
0.008693285
0.008715983
0.008738682
0.00876138
0.008784078
0.008806776
0.008829474
0.008852173
0.008874871
0.008897569
0.008920267
0.008942965
0.008965664
0.008988362
0.00901106
0.009033758
0.009056456
0.009079155
0.009101853
0.009124551
0.009147249
0.009169947
0.009192646
0.009215344
0.009238042
0.00926074
0.009283438
0.009306137
0.009328835
0.009351533
0.009374231
0.009396929
0.009419627
0.009442326
0.009465024
0.009487722
0.00951042
0.009533118
0.009555817
0.009578515
0.009601213
0.009623911
0.009646609
0.009669308
0.009692006
0.009714704
0.009737402
0.0097601
0.009782799
0.009805497
0.009828195
0.009850893
0.009873591
0.00989629
0.009918988
0.009941686
0.009964384
0.009987082
0.01000978
0.01003248
0.01005518
0.01007788
0.01010057
0.01012327
0.01014597
0.01016867
0.01019137
0.01021406
0.01023676
0.01025946
0.01028216
0.01030486
0.01032756
0.01035025
0.01037295
0.01039565
0.01041835
0.01044105
0.01046374
0.01048644
0.01050914
0.01053184
0.01055454
0.01057724
0.01059993
0.01062263
0.01064533
0.01066803
0.01069073
0.01071342
0.01073612
0.01075882
0.01078152
0.01080422
0.01082692
0.01084961
0.01087231
0.01089501
0.01091771
0.01094041
0.0109631
0.0109858
0.0110085
0.0110312
0.0110539
0.0110766
0.01109929
0.01112199
0.01114469
0.01116739
0.01119009
0.01121278
0.01123548
0.01125818
0.01128088
0.01130358
0.01132628
0.01134897
0.01137167
0.01139437
0.01141707
0.01143977
0.01146246
0.01148516
0.01150786
0.01153056
0.01155326
0.01157596
0.01159865
0.01162135
0.01164405
0.01166675
0.01168945
0.01171215
0.01173484
0.01175754
0.01178024
0.01180294
0.01182564
0.01184833
0.01187103
0.01189373
0.01191643
0.01193913
0.01196183
0.01198452
0.01200722
0.01202992
0.01205262
0.01207532
0.01209801
0.01212071
0.01214341
0.01216611
0.01218881
0.01221151
0.0122342
0.0122569
0.0122796
0.0123023
0.012325
0.01234769
0.01237039
0.01239309
0.01241579
0.01243849
0.01246119
0.01248388
0.01250658
0.01252928
0.01255198
0.01257468
0.01259737
0.01262007
0.01264277
0.01266547
0.01268817
0.01271087
0.01273356
0.01275626
0.01277896
0.01280166
0.01282436
0.01284705
0.01286975
0.01289245
0.01291515
0.01293785
0.01296055
0.01298324
0.01300594
0.01302864
0.01305134
0.01307404
0.01309673
0.01311943
0.01314213
0.01316483
0.01318753
0.01321023
0.01323292
0.01325562
0.01327832
0.01330102
0.01332372
0.01334642
0.01336911
0.01339181
0.01341451
0.01343721
0.01345991
0.0134826
0.0135053
0.013528
0.0135507
0.0135734
0.0135961
0.01361879
0.01364149
0.01366419
0.01368689
0.01370959
0.01373228
0.01375498
0.01377768
0.01380038
0.01382308
0.01384578
0.01386847
0.01389117
0.01391387
0.01393657
0.01395927
0.01398196
0.01400466
0.01402736
0.01405006
0.01407276
0.01409546
0.01411815
0.01414085
0.01416355
0.01418625
0.01420895
0.01423164
0.01425434
0.01427704
0.01429974
0.01432244
0.01434514
0.01436783
0.01439053
0.01441323
0.01443593
0.01445863
0.01448132
0.01450402
0.01452672
0.01454942
0.01457212
0.01459482
0.01461751
0.01464021
0.01466291
0.01468561
0.01470831
0.014731
0.0147537
0.0147764
0.0147991
0.0148218
0.0148445
0.01486719
0.01488989
0.01491259
0.01493529
0.01495799
0.01498068
0.01500338
0.01502608
0.01504878
0.01507148
0.01509418
0.01511687
0.01513957
0.01516227
0.01518497
0.01520767
0.01523037
0.01525306
0.01527576
0.01529846
0.01532116
0.01534386
0.01536655
0.01538925
0.01541195
0.01543465
0.01545735
0.01548005
0.01550274
0.01552544
0.01554814
0.01557084
0.01559354
0.01561623
0.01563893
0.01566163
0.01568433
0.01570703
0.01572973
0.01575242
0.01577512
0.01579782
0.01582052
0.01584322
0.01586591
0.01588861
0.01591131
0.01593401
0.01595671
0.01597941
0.0160021
0.0160248
0.0160475
0.0160702
0.0160929
0.01611559
0.01613829
0.01616099
0.01618369
0.01620639
0.01622909
0.01625178
0.01627448
0.01629718
0.01631988
0.01634258
0.01636527
0.01638797
0.01641067
0.01643337
0.01645607
0.01647877
0.01650146
0.01652416
0.01654686
0.01656956
0.01659226
0.01661495
0.01663765
0.01666035
0.01668305
0.01670575
0.01672845
0.01675114
0.01677384
0.01679654
0.01681924
0.01684194
0.01686464
0.01688733
0.01691003
0.01693273
0.01695543
0.01697813
0.01700082
0.01702352
0.01704622
0.01706892
0.01709162
0.01711432
0.01713701
0.01715971
0.01718241
0.01720511
0.01722781
0.0172505
0.0172732
0.0172959
0.0173186
0.0173413
0.017364
0.01738669
0.01740939
0.01743209
0.01745479
0.01747749
0.01750018
0.01752288
0.01754558
0.01756828
0.01759098
0.01761368
0.01763637
0.01765907
0.01768177
0.01770447
0.01772717
0.01774986
0.01777256
0.01779526
0.01781796
0.01784066
0.01786336
0.01788605
0.01790875
0.01793145
0.01795415
0.01797685
0.01799954
0.01802224
0.01804494
0.01806764
0.01809034
0.01811304
0.01813573
0.01815843
0.01818113
0.01820383
0.01822653
0.01824922
0.01827192
0.01829462
0.01831732
0.01834002
0.01836272
0.01838541
0.01840811
0.01843081
0.01845351
0.01847621
0.01849891
0.0185216
0.0185443
0.018567
0.0185897
0.0186124
0.01863509
0.01865779
0.01868049
0.01870319
0.01872589
0.01874859
0.01877128
0.01879398
0.01881668
0.01883938
0.01886208
0.01888477
0.01890747
0.01893017
0.01895287
0.01897557
0.01899827
0.01902096
0.01904366
0.01906636
0.01908906
0.01911176
0.01913445
0.01915715
0.01917985
0.01920255
0.01922525
0.01924795
0.01927064
0.01929334
0.01931604
0.01933874
0.01936144
0.01938413
0.01940683
0.01942953
0.01945223
0.01947493
0.01949763
0.01952032
0.01954302
0.01956572
0.01958842
0.01961112
0.01963381
0.01965651
0.01967921
0.01970191
0.01972461
0.01974731
0.01977
0.0197927
0.0198154
0.0198381
0.0198608
0.01988349
0.01990619
0.01992889
0.01995159
0.01997429
0.01999699
0.02001968
0.02004238
0.02006508
0.02008778
0.02011048
0.02013317
0.02015587
0.02017857
0.02020127
0.02022397
0.02024667
0.02026936
0.02029206
0.02031476
0.02033746
0.02036016
0.02038286
0.02040555
0.02042825
0.02045095
0.02047365
0.02049635
0.02051904
0.02054174
0.02056444
0.02058714
0.02060984
0.02063254
0.02065523
0.02067793
0.02070063
0.02072333
0.02074603
0.02076872
0.02079142
0.02081412
0.02083682
0.02085952
0.02088222
0.02090491
0.02092761
0.02095031
0.02097301
0.02099571
0.0210184
0.0210411
0.0210638
0.0210865
0.0211092
0.0211319
0.02115459
0.02117729
0.02119999
0.02122269
0.02124539
0.02126808
0.02129078
0.02131348
0.02133618
0.02135888
0.02138158
0.02140427
0.02142697
0.02144967
0.02147237
0.02149507
0.02151776
0.02154046
0.02156316
0.02158586
0.02160856
0.02163126
0.02165395
0.02167665
0.02169935
0.02172205
0.02174475
0.02176744
0.02179014
0.02181284
0.02183554
0.02185824
0.02188094
0.02190363
0.02192633
0.02194903
0.02197173
0.02199443
0.02201713
0.02203982
0.02206252
0.02208522
0.02210792
0.02213062
0.02215331
0.02217601
0.02219871
0.02222141
0.02224411
0.02226681
0.0222895
0.0223122
0.0223349
0.0223576
0.0223803
0.02240299
0.02242569
0.02244839
0.02247109
0.02249379
0.02251649
0.02253918
0.02256188
0.02258458
0.02260728
0.02262998
0.02265267
0.02267537
0.02269807
0.02272077
0.02274347
0.02276617
0.02278886
0.02281156
0.02283426
0.02285696
0.02287966
0.02290235
0.02292505
0.02294775
0.02297045
0.02299315
0.02301585
0.02303854
0.02306124
0.02308394
0.02310664
0.02312934
0.02315203
0.02317473
0.02319743
0.02322013
