0.007614658
0.01240159
0.01246018
0.01252614
0.01881434
0.01883681
0.01896968
0.02291679
0.02292795
0.02296795
0.02310101
0.08251444
0.08259593
0.08309206
0.0831497
0.09239914
0.09245369
0.09291581
0.09694984
0.1011181
0.1302897
0.1337118
0.1427255
0.1427466
0.1524508
0.1526191
0.1537046
0.1537548
0.1696749
0.1739451
0.1740375
0.177431
0.1775633
0.1794395
0.1795755
0.192788
0.1928566
0.1930362
0.1968156
0.1968293
0.1979779
0.1980278
0.2152579
0.2233389
0.2281975
0.2283304
0.2538385
0.2668094
0.272899
0.2830851
0.2859709
0.2888669
0.2923821
0.312939
0.3192347
0.3441537
0.3442925
0.3540579
0.3540599
0.35575
0.3578878
0.3603006
0.3603378
0.3636067
0.3680381
0.3681102
0.3713743
0.3761176
0.3762188
0.3768435
0.3768933
0.3785172
0.3786657
0.3927964
0.3928197
0.4314075
0.4314609
0.441119
0.441175
0.441313
0.4413235
0.4414214
0.4414318
0.518666
0.528752
0.5522667
0.611554
0.6116317
0.6159091
0.6226735
