0
-0.3937843
-0.5379634
-0.7538621
-0.8980471
-1.291233
-1.629156
-1.936087
-2.020921
-2.278673
-2.593225
-2.934309
3.089852
2.907669
2.72583
2.351663
2.304311
1.262854
2.974686
-1.035568
-2.267926
-2.441448
-2.771337
-2.72067
-3.023484
2.925117
2.43726
2.157762
2.019811
1.89575
1.694148
1.124037
0.6559067
0.4709857
0.4029047
0.3074205
-0.1949873
-0.9510837
-1.604749
-1.538932
-1.501984
-1.879453
-2.541051
2.7843
2.285338
2.653576
2.64136
2.233838
1.676817
1.313283
1.485335
1.660009
1.330738
1.055807
0.8365552
0.8194711
0.6420695
0.5503792
0.2732952
-0.0103407
-0.2107957
-0.4496032
-0.5745363
-0.8145379
-1.089624
-1.405768
-1.623307
-1.851238
-1.972798
-2.314017
-2.620638
-2.917897
-3.13069
3.03021
2.77295
2.348906
2.104822
1.846975
1.87539
1.505634
1.132341
0.5299383
0.6321779
0.6484862
0.6390096
-0.09487107
-2.312093
2.601081
1.910093
1.69396
1.587547
1.412337
1.035842
0.8313843
0.5487858
0.224131
0.02316537
-0.3421362
-0.4987197
-0.7678325
-1.065135
-1.468518
-1.714067
-1.933866
-2.153509
-2.507694
-2.915424
2.996224
2.798162
2.539121
2.290002
1.739234
1.272588
0.9870595
0.7265587
0.6565091
0.1367598
-0.3150999
-0.8967233
-1.102296
-1.167837
-1.403145
-1.737124
-2.196981
-2.413959
-2.456893
-2.505297
-2.901607
3.139065
3.080792
3.001126
2.96874
2.728557
2.573898
2.436224
2.257976
2.073157
2.016263
1.745778
1.464737
1.280136
1.091584
1.059107
0.6914029
0.476392
0.08222411
0.08336711
-0.02865154
-0.1673532
-0.5722618
-0.8264573
-0.7153726
-0.5984204
-0.6839865
-1.06225
-0.994284
-0.5976875
-0.8205675
-1.119879
-1.349351
-1.337084
-1.442126
-1.707809
-2.085478
-2.266015
-2.468416
-2.645059
-2.958339
3.034456
2.752065
2.567237
2.237703
1.99774
1.711836
1.449326
1.156865
0.7868193
0.4995494
0.2110592
0.06726043
-0.4108477
-0.8404514
-1.277073
-1.588146
-1.741131
-2.15852
-2.654595
-3.13799
2.652305
2.591127
2.170526
1.813731
1.320905
0.8344482
0.7888222
0.3707281
0.3843732
-0.2118622
-0.5598801
-1.065859
-1.184827
-1.448848
-1.889204
-2.129279
2.878777
1.588906
0.9748514
0.8523734
0.4126189
0.1730445
-0.1645445
-0.379787
-0.7509245
-0.9385586
-1.246037
-1.484999
-1.649673
-1.908988
-2.170027
-2.518823
-2.53902
-2.843239
-2.953709
2.987902
2.80917
2.748493
2.667469
2.412739
2.14206
1.979351
1.941277
1.807687
1.593519
1.340931
1.126311
1.035323
0.9246212
0.5643414
0.3979131
0.1423166
-0.04989053
-0.2307638
-0.5346236
-0.8432524
-1.0488
-1.263786
-1.561662
-1.86544
-2.137181
-2.432728
-2.705999
-3.007057
2.824022
2.487267
2.183775
1.721699
0.862334
0.04545153
-0.357514
-0.9353295
-0.7764413
-1.360114
-1.958039
-2.33994
-2.743933
-2.850888
-3.076211
2.761901
2.303895
2.006932
1.69793
1.386056
0.9400197
0.5407762
-0.04484182
-0.1570257
-0.7170957
-1.032141
-1.410234
-1.897682
-2.176331
-2.558126
-2.853966
3.104067
2.842043
2.491001
2.244607
1.911467
1.69742
1.390026
1.171788
0.86612
0.6679637
0.3289167
0.1481866
-0.1629616
-0.2605603
-0.5141999
-0.7587829
-0.9764808
-1.086263
-1.297128
-1.303004
-1.683896
-1.669296
-1.73157
-1.789819
-2.089896
-2.094003
-2.232665
-2.213853
-2.530512
-2.637046
-2.919745
-2.997841
3.121904
2.830104
2.633764
2.498661
2.25061
2.07759
1.902925
1.676363
1.567279
1.466799
1.215867
1.200639
1.182631
1.258941
0.9384245
1.043505
0.6917334
0.9546595
0.5854258
0.178889
0.1204463
-0.160135
-0.3028467
-0.702822
-0.9543058
-1.350473
-1.395205
-1.80637
-2.274092
-2.582166
-3.080948
3.109197
2.68615
2.258703
1.947161
1.573578
1.229759
0.9455754
0.5091006
0.2277143
-0.07852552
-0.2857531
-0.6938416
-0.9416348
-1.282721
-1.491114
-1.777133
-2.030566
-2.360483
-2.636421
-2.84233
-3.124526
2.90023
2.689545
2.403358
2.0813
2.099172
1.782372
1.768473
1.58961
2.42448
2.915173
2.497887
2.61648
2.415098
2.401274
2.045015
1.793557
1.475229
1.422542
1.096037
0.9245304
0.6093103
0.4216943
0.1618402
-0.08524156
-0.3232425
-0.5598572
-0.7662334
-1.020153
-1.255438
-1.483866
-1.630527
-1.859643
-2.068979
-2.321085
-2.493649
-2.541904
-2.784185
-2.919316
2.986627
3.072908
2.946417
2.639671
2.391528
2.09691
2.03984
1.96261
1.733921
1.08689
0.879729
0.6103189
0.2216462
0.1238873
-0.5375518
-0.9220767
-1.325844
-1.47278
-1.852203
-2.363049
-2.585911
-2.9912
2.97374
2.730164
2.357219
2.129918
1.8611
1.589127
1.194767
0.9150982
0.8005174
0.5054306
0.283005
-0.265642
-0.4359065
-0.7096516
-0.5236738
-0.8627536
-2.078402
2.063782
1.216438
0.9991596
0.5936797
0.4469749
0.2561656
0.06861138
-0.3376777
-0.5947054
-0.8635791
-1.088481
-1.289384
-1.604779
-1.913333
-2.16941
-2.332413
-2.574117
-2.855811
3.117154
2.863533
2.644631
2.437129
2.145718
1.893952
1.619581
1.417645
1.16225
0.9661659
0.7548772
0.5971006
0.2011449
0.08095197
0.05378682
0.2878423
0.007337953
-0.2677636
0.3723016
0.9751978
0.2463492
0.02400651
-0.1819755
-0.0193814
-0.1895804
-0.6127286
-1.100251
-1.172958
-1.077877
-1.263056
-1.818922
-2.299809
-2.988625
-2.251431
-2.589796
-3.14041
2.487116
1.184219
-0.02928684
-0.8939155
0.2859816
-0.7146354
-0.6007403
-1.104471
-1.448527
-1.663654
-1.367792
-1.55221
-1.043354
-1.521358
-1.669998
-1.267008
-1.266105
-1.639596
-2.074448
-2.13974
-2.236624
-2.413556
-2.749596
3.13216
2.989842
2.830906
2.690771
2.298979
2.020914
1.745745
1.548228
1.39185
1.098444
0.8088911
0.4753196
0.3316652
0.07522205
-0.09472546
-0.3808621
-0.806874
-0.9467831
-1.128428
-1.301637
-1.66191
-1.901654
-2.253196
-2.128148
-2.173314
-2.176148
-1.41555
-1.14586
-1.046196
-1.179152
-1.414541
-1.834514
-1.906875
-2.131952
-2.260434
-2.641384
-2.991987
2.937466
2.90418
2.723774
2.367578
1.960626
1.577868
1.527102
1.305267
1.069205
0.5494454
0.08426805
-0.04832201
-0.1440215
-0.5477931
-0.8862808
-1.532961
-1.970323
-2.256631
-2.166659
-2.847723
-3.102306
2.661767
2.363963
2.269862
2.099231
1.837208
1.62359
1.324354
1.162632
1.006077
0.9776015
0.8460582
0.5033196
0.2390453
0.06010146
0.1760274
-0.05734637
-0.4260446
-0.7152253
-0.8682646
-0.8538902
-1.104926
-1.465354
-1.847207
-1.893349
-2.025029
-2.219233
-2.580974
-2.98209
-2.967503
-3.120678
3.127427
2.752897
2.378312
2.480133
2.58626
2.679929
2.446519
2.454094
2.63088
2.721277
2.368078
2.267315
1.957278
1.891925
1.720827
1.45763
1.166528
0.9351951
0.6901252
0.4531554
0.2307848
0.03846213
-0.3522681
-0.61665
-0.8945985
-1.048659
-1.280434
-1.608935
-2.103638
-2.346498
-2.498852
-2.635783
-3.100553
2.631961
2.055329
1.933132
1.806904
1.540062
0.8889781
0.08581132
-0.2587343
-0.4969739
-0.6031139
-1.034888
-1.29158
-1.920246
-2.021947
-2.191963
-2.436822
-2.748456
-2.874664
3.002151
2.736025
2.71859
-3.076976
2.770138
3.127253
2.663134
-2.60767
-2.971694
2.968076
2.514482
2.6945
2.616413
2.544394
1.96818
1.669957
1.596713
1.64885
1.444695
0.9650126
0.6890072
0.6789934
0.7134387
0.5179982
0.1065476
-0.07003549
0.04393566
-0.03890504
-0.3551536
-0.5408902
-0.7500954
-0.7964099
-0.9038513
-1.162399
-1.379757
-1.595363
-1.773555
-1.957991
-2.142643
-2.398591
-2.691872
-2.917768
-3.129631
2.955016
2.75189
2.369338
2.103029
1.800339
1.638377
1.46671
1.173109
0.7453388
0.2223004
0.06613864
-0.1970738
-0.1838144
-1.060099
-2.116032
-3.034603
2.629262
2.300726
2.886067
2.198319
1.577573
0.9947016
0.6933941
0.8565385
0.5548678
0.1465942
-0.5249932
-0.6738889
-1.013362
-1.077137
-1.699667
-2.116392
-2.646006
3.087899
2.712284
2.098905
1.562948
1.468513
1.164184
0.713501
0.3304546
-0.04137184
-0.2537873
-0.3939882
-0.5697303
-1.09856
-1.316508
-1.562292
-1.61418
-1.84849
-2.213345
-2.542462
-2.745855
-2.672485
-2.921682
3.064281
2.750719
2.63474
2.663913
2.482506
2.199533
1.895913
1.968249
1.883105
1.692393
1.415569
1.282868
1.176589
1.015347
0.8638436
0.5676352
0.4547039
0.2404125
-0.05534167
-0.1346337
-0.244102
-0.6150081
-0.8421175
-1.010632
-1.053952
-1.055642
-1.329993
-1.82867
-1.392175
-1.137206
-1.172279
-1.648561
-1.703335
-1.43305
-1.414859
-1.874077
-2.293806
-2.466409
-2.508117
-2.573842
-2.995705
2.770994
2.521621
2.434573
2.326385
1.823488
1.310989
0.8025312
0.6465703
0.4380296
-0.07744504
-0.5019422
-1.066615
-1.407381
-1.606286
-2.039857
-2.407274
-2.672253
-2.920698
3.055139
2.709697
2.37169
2.216108
2.065111
1.74691
1.369472
1.061554
0.9235371
0.8421307
0.5283626
0.1755434
-0.1447407
-0.05611176
-0.1729287
-0.4056947
-0.7566519
-0.9173813
-0.5535679
-0.5529077
-0.9376319
-0.9390817
-0.915356
-0.7655835
-1.008455
-1.341382
-1.443397
-1.462577
-1.707658
-1.902398
-2.230902
-2.284877
-2.587501
-2.730075
-2.98409
3.139833
2.903142
2.708326
2.421883
2.271043
2.279552
1.965803
1.67022
1.60235
1.485856
1.494028
1.089857
0.9307602
0.6036559
1.011558
0.5088595
0.2378925
-0.02544391
-0.169237
-0.1287745
-0.3924888
-0.8398243
-1.238119
-1.393916
-1.620385
-1.902334
-2.311631
-3.050085
2.848742
2.525689
2.272631
1.990464
1.377948
0.9935305
0.6688948
0.4393979
0.1523285
-0.1564873
-0.5292699
-0.680334
-0.8963532
-1.218347
-1.536749
-1.704234
-1.86998
-2.144262
-2.539894
-2.791181
-2.901937
-2.78796
3.059567
2.627752
2.560351
-2.690174
-2.954004
-2.985063
-2.767901
-2.586453
-2.969761
2.956035
2.879812
2.703594
2.597491
2.230944
1.930769
1.784669
1.603307
1.324761
1.103036
0.814252
0.6323146
0.4125319
0.1724975
-0.1047248
-0.2892406
-0.5125872
-0.7359305
-0.9594665
-1.208453
-1.328864
-1.560126
-1.689876
-2.05154
-2.09983
-2.13799
-2.23079
-2.44492
-2.871233
-2.389739
-2.686563
-2.710444
-3.123251
-3.031739
-3.035903
-3.11551
2.592151
2.559106
2.566792
2.354921
2.278733
1.524385
1.100947
1.909958
1.14206
1.879049
-1.170043
-2.935884
-2.956036
2.865188
2.805963
2.73678
2.407284
2.172253
1.974086
1.817591
1.655252
1.413184
1.162541
1.04288
1.40925
0.8564975
0.8691536
0.8448238
1.506513
1.073644
1.029126
0.9707034
0.9560977
0.8047953
0.4292317
0.1773027
0.2630831
-0.03831294
-0.3429495
-0.5988067
-0.7824585
-0.9628336
-1.1708
-1.535129
-1.723166
-1.910574
-2.087564
-2.418438
-2.642288
-2.88819
-3.016465
2.98787
2.742015
2.455426
2.38784
2.198993
1.946823
1.660249
1.616538
1.583559
1.615392
1.286345
1.579286
1.536073
1.802352
1.466869
1.456477
1.366036
1.199135
0.972015
0.7453493
0.4430044
0.3630568
0.1654013
-0.1673054
-0.3359466
-0.5986723
-0.8491687
-0.9715342
-1.413385
-1.586336
-1.833746
-1.939055
-2.466835
-2.735496
-2.927557
3.051743
2.688313
1.966116
0.6679461
0.03247277
-0.04483504
-0.163989
-0.2554299
-0.742371
-1.061916
-1.346702
-1.092342
-1.51807
-1.594584
-1.784059
-2.151135
-1.900922
-2.153609
-2.30197
-2.638424
-2.670723
-2.741741
-2.923976
3.07104
2.846437
2.688189
2.529753
2.317019
1.969508
1.810661
1.654419
1.383847
1.190083
0.9361444
0.8107104
0.5563832
0.3782452
0.05442211
0.02949522
-0.09555717
-0.4165637
-0.7111205
-0.5665844
-0.6594967
-0.6789544
-0.9424424
-0.9565072
-0.4941551
-0.8203561
-1.078226
-1.131765
-1.158997
-1.270735
-1.554436
-1.847294
-2.05894
-2.159646
-2.447431
-2.640871
-2.975676
3.135952
2.832781
2.678955
2.456837
2.133934
1.874785
1.604375
1.382132
1.12731
0.8477414
0.5074003
0.03623579
-0.2843842
-0.506318
-1.267746
-1.49991
-2.184593
-2.69554
2.838524
2.559829
2.527131
2.162861
2.042119
1.607931
1.125782
1.181138
1.171071
0.9652033
0.6345691
0.1833166
0.4446671
0.330914
0.3991107
-0.00684823
-0.0322489
-0.08553512
0.07777786
-0.2684352
-0.4397101
-0.6804846
-0.7100304
-0.7652382
-1.098192
-1.367734
-1.603386
-1.6229
-1.787817
-2.085095
-2.22862
-2.498904
-2.453519
-2.736326
-2.807218
-2.997639
3.130718
3.022033
2.99414
2.896029
2.808378
2.515788
2.347255
2.455653
2.296893
2.022632
1.761118
1.576012
1.590005
1.348503
1.005011
0.7458927
0.5772263
0.4544936
0.2336315
-0.1020967
-0.420938
-0.5852925
-0.6943544
-0.97664
-1.260748
-1.504832
-1.937543
-2.078268
-2.266371
-2.550708
-2.990059
2.477822
1.536361
0.3518043
0.05754693
-0.1189913
-0.1804541
-0.7116791
-1.183287
-1.512518
-1.555783
-1.981054
-1.914065
-2.291349
-2.754951
-2.848689
3.136814
3.089042
2.978533
2.578135
1.87758
0.8568501
-2.665294
2.919907
-2.983893
-2.597764
-2.365435
-3.017614
3.046623
2.607779
2.935292
2.549163
2.39925
1.917507
1.778787
1.672395
1.549871
1.270221
0.9784711
0.6879705
0.733296
0.4947311
0.3814406
0.03456959
-0.07663039
-0.1942527
-0.2290421
-0.536936
-0.5476798
-0.8126755
-0.9256306
-1.011312
-1.107498
-1.365043
-1.528257
-1.858979
-1.87118
-1.963625
-2.17978
-2.644058
-2.825891
-2.886088
-2.956626
3.022426
2.616189
2.372651
2.505198
2.334473
2.033884
1.575577
1.38406
1.970871
1.766574
1.405974
1.588251
2.461353
2.501377
2.147518
1.801705
1.726799
1.55553
1.591503
1.202803
0.8665426
0.5772686
0.429284
0.3181527
0.1396737
-0.406909
-0.6248203
-1.150552
-1.094196
-1.55233
-1.51581
-2.407948
2.705584
2.168056
1.234657
1.049008
0.866257
0.8356865
0.3141571
-0.1522967
-0.4480191
-0.4189444
-0.6405924
-0.8503166
-1.401697
-1.62109
-1.701752
-1.815545
-2.09628
-2.432855
-2.688644
-2.766718
-2.841325
-3.056478
2.915121
2.718137
2.633365
2.673972
2.472704
2.358171
2.103811
2.182752
2.055032
1.954562
1.811997
1.660926
1.431357
1.341443
1.26517
1.030982
0.6897596
0.5570122
0.3090875
0.4358435
0.1097705
-0.3036464
-0.5896197
-0.3327138
-0.4785108
-0.692565
-1.103774
-1.432195
-0.6549873
-0.9422675
-1.370442
-1.638769
-1.279783
-1.20435
-1.60061
-1.882128
-2.073816
-2.051576
-2.245236
-2.501003
-2.755425
-3.011229
3.036846
2.843031
2.616975
2.357521
1.918998
1.334142
1.074325
0.7556981
0.2998973
-0.0447029
-1.090508
-1.799382
-2.262902
-2.50251
-2.79435
-2.779197
-3.122427
2.678046
2.46748
2.173838
2.09482
1.897677
1.496808
1.09754
0.9479881
0.8689736
0.748586
0.3539108
0.013905
-0.2064819
0.0470413
-0.2348441
-0.4830501
-0.9044355
-0.4380763
-0.2929058
-0.4225198
-0.7099761
-0.4860434
-0.4803039
-0.7501089
-0.7457538
-1.099888
-1.2501
-1.4131
-1.660829
-1.722643
-2.002076
-2.239959
-2.546305
-2.650195
-2.81637
-2.998136
2.916445
2.686826
2.583111
2.537786
2.418552
1.940191
1.594421
2.023998
1.915347
1.657951
1.185459
1.244911
1.558296
1.436521
0.8906006
0.6056799
0.836513
0.8239474
0.4135679
0.1453653
-0.1974608
-0.0691835
-0.3222724
-0.7152612
-1.007314
-0.9496185
-1.613751
-2.078116
2.813846
1.338271
0.4865755
1.075604
0.7696944
0.2891928
-0.06440118
-0.3533509
-0.2036814
-0.5220155
-0.9441782
-1.238549
-1.509084
-1.628099
-1.74449
-2.048785
-2.497466
-2.709804
-2.824649
-2.843051
-3.108078
2.795951
2.315296
3.028693
-3.001664
2.878381
2.887458
-2.424746
-2.562877
-2.933623
2.907418
3.043752
2.845429
2.549398
2.261088
2.005687
1.898149
1.646398
1.354444
1.163206
0.9368842
0.6842793
0.4151033
0.1975736
-0.0433409
-0.07708276
-0.4736933
-0.7735518
-0.9125153
-0.9837829
-1.049926
-1.477254
-1.706807
-1.784685
-1.359915
-1.547172
-2.004543
-1.899015
-1.349602
-1.424148
-1.987664
-2.136883
-2.072567
-1.960366
-2.423769
-2.709116
-3.002127
-2.692091
-3.052511
2.905001
2.589084
2.553338
2.515916
2.637179
1.858285
2.989236
2.420898
2.426077
2.361371
2.898495
2.411267
2.238483
1.844366
2.117635
1.893982
1.532249
1.026311
1.078373
1.090331
0.8503188
0.2673574
0.1572927
-0.04452789
0.5985884
0.0132711
-0.04315067
1.768845
1.190337
0.8043867
0.6643546
0.6176579
0.4381326
0.3801752
-0.01017388
-0.3872653
-0.4403348
-0.6794438
-0.9177642
-1.145618
-1.450261
-1.691761
-1.824818
-2.07075
-2.442434
-2.600365
-2.841131
-3.042783
2.934872
2.645513
2.510299
2.291562
2.102661
1.736524
1.593831
1.963606
1.805151
1.550517
-2.513648
2.96317
2.607365
2.255352
2.234878
2.305218
1.889234
1.489035
1.225744
1.197255
0.9715026
0.7012472
0.3818085
0.07634997
0.0382333
-0.1452762
-0.5287182
-0.7752193
-1.101753
-1.073586
-1.333055
-1.626068
-2.201688
-1.878764
-1.678812
-1.878429
-1.5648
-1.046954
-0.5072258
-1.449969
-0.9278769
-1.177164
-1.266279
-1.91412
-1.909121
-2.048772
-1.870268
-2.416979
-2.74973
-2.600173
-2.269831
-2.68002
-2.760357
-2.981991
-2.327028
-2.789215
-2.995386
3.075124
-3.076886
2.915703
2.645921
2.323518
2.284234
1.997514
1.82989
1.512639
1.29057
1.040655
0.9625334
0.6204552
0.4009811
0.1835597
-0.04877681
-0.2906134
-0.4160337
-0.7704814
-1.039864
-0.6990435
-0.7839882
-0.3761545
0.06380918
0.4909961
0.196342
-0.1783869
-0.2584447
-0.3625308
-0.6649503
-0.9924233
-1.228192
-1.386543
-1.592496
-1.884981
-2.245457
-2.43014
-2.622629
-2.80985
3.075536
2.758845
2.609124
2.43805
2.110806
1.795145
1.29894
1.290022
0.9641998
0.7532222
-0.07210886
-1.619339
-1.747355
-2.717506
-2.874526
-3.115275
2.826695
2.321101
2.048048
2.023072
1.72766
1.356418
1.221644
0.8097293
0.7898511
0.5739202
0.1883977
0.02178543
-0.06429181
-0.0775358
-0.3429118
-0.5675979
-0.4598706
-0.326837
-0.4347534
-0.6454871
-0.6530471
-0.4866655
-0.6901702
-1.130141
-1.183356
-1.214997
-1.36786
-1.775256
-1.993648
-2.057654
-2.050682
-2.38217
-2.683297
-2.862385
-2.524261
-2.912456
-2.829371
-3.088681
-2.630554
-2.771921
-2.990824
-2.997883
-3.095518
3.00564
2.870905
2.592489
2.364878
2.188857
1.937636
1.741285
1.500699
1.168096
1.002448
0.7519224
0.4982158
0.2461302
-0.06586622
-0.2399216
-0.5342724
-0.8372859
-1.197101
-1.455724
-1.688603
-2.05493
-2.870385
2.508481
1.859907
1.068881
1.100951
0.6255295
0.1346509
-0.3597868
-0.5471961
-0.6806726
-0.9394725
-1.268838
-1.699455
-1.784055
-2.043908
-2.292981
-2.568491
-3.004918
3.085028
2.96461
2.626071
2.372389
2.067796
1.827123
1.506526
1.487533
0.667695
-0.9361476
-1.714908
-2.472801
-2.568552
-2.965326
2.936084
2.707883
2.443114
2.25596
2.082238
1.697632
1.412926
1.3333
1.168918
0.9975597
0.5894282
0.4979735
0.414204
0.3200195
0.07504959
-0.2124303
-0.3177131
-0.08080523
-0.365559
-0.5470893
-0.6586164
-0.7276521
-0.7560679
-0.989269
-1.347662
-1.29437
-1.637027
-1.785775
-2.015837
-2.229538
-2.549623
-2.688985
-2.941989
-3.064124
2.893598
2.735781
2.209918
2.542459
2.307086
2.963751
-2.163183
-2.159086
-2.306284
-2.58856
-2.854509
-3.083288
2.926455
2.739802
2.490673
2.146735
1.909424
1.598178
1.465975
1.281603
0.8682979
0.5926104
0.2872802
0.1772365
-0.1171033
-0.483483
-0.9422399
-1.126502
-1.39271
-1.680174
-2.16156
-2.87529
2.583814
2.093287
1.711229
1.152619
0.8048218
0.4586284
0.1383391
-0.2088101
-0.4656279
-0.7495395
-1.041558
-1.251129
-1.488561
-1.874318
-2.076074
-2.286942
-2.52667
-2.732596
-3.02488
2.951125
2.710188
2.682695
2.406957
2.134628
1.86897
1.758041
2.265035
2.1284
2.127903
2.771251
2.791361
2.491169
2.189399
2.079555
1.966552
1.882931
1.60549
1.274064
1.076977
1.090023
0.6840676
0.7362292
0.4560802
0.3316489
0.08580911
0.3574249
0.02981792
0.1392069
-0.2132577
-0.05413979
-0.1592657
-0.2659853
-0.7001064
-0.6729108
-0.968416
-1.039872
-1.367474
-1.598052
-1.853637
-2.044343
-2.278744
-2.469727
-2.810463
-3.022187
2.791116
2.657202
2.261041
2.358798
1.529306
0.6794472
0.1918042
-1.096481
-1.229984
-1.471445
-1.827262
-2.348984
-2.773692
-2.956191
3.122694
2.842513
2.53669
2.182975
1.949733
1.704962
1.435586
1.1872
0.9014823
0.6148015
0.3322351
0.04834261
-0.1968792
-0.4106926
-0.7852039
-1.159679
-1.582872
-1.805548
-2.274486
-2.643496
2.894032
1.967128
1.249333
0.7777721
0.4364845
0.2713982
-0.08608745
-0.292872
-0.7050176
-0.9834433
-1.103661
-1.40958
-1.619455
-1.966947
-2.237455
-2.446602
-2.590517
-2.795573
-3.092985
2.918098
2.745937
2.683746
2.466885
2.336096
2.166892
1.97739
2.339829
2.123079
2.046426
2.034229
1.820522
2.07943
1.745474
1.533446
1.205962
1.356389
1.106137
0.9995702
0.7221313
0.4901066
0.6016974
0.5749627
0.2762838
0.7916344
0.3930486
0.6512564
0.7282205
0.5879271
0.2156159
0.1331827
-0.0278299
-0.03527467
-0.4536239
-0.6532977
-1.029932
-1.092244
-1.262094
-1.625167
-2.032232
-2.161641
-2.4297
-2.601244
-2.968384
2.950444
2.603526
2.461383
2.126423
1.557529
1.228121
0.477264
-0.1508248
-0.8217846
-1.305258
-1.677594
-2.018623
-2.356063
-2.606735
-3.10042
2.943065
2.725968
2.438695
2.226723
1.875722
1.604039
1.324166
1.101318
0.837124
0.5731001
0.2331982
-0.05826024
-0.2397993
-0.5487618
-0.7087615
-1.15222
-1.624768
-1.864099
-2.11295
-2.550352
2.974897
1.915781
1.014366
0.5151907
0.2013316
0.03146386
-0.1929064
-0.5551082
-0.8161203
-1.121315
-1.364425
-1.496939
-1.777724
-1.973717
-2.238203
-2.443187
-2.657107
-2.770284
-3.04337
3.096819
2.907608
2.664037
2.842923
2.444582
2.60027
2.390118
2.224289
2.288599
2.165683
1.866632
1.637817
1.462953
1.425043
1.28919
0.8837273
0.5178894
0.2584041
0.5380764
0.2282619
-0.4457107
-0.9585296
-3.056399
1.034499
1.249997
1.601383
1.645214
1.005547
0.8122672
0.5543982
0.4515732
0.09299247
-0.195376
-0.3862277
-0.7316576
-0.9080454
-1.197503
-1.523296
-1.671258
-1.934614
-2.294549
-2.637177
-2.80886
3.125308
2.916296
2.572255
1.993216
1.833154
1.233967
1.027483
0.3860005
-0.3384628
-0.8731081
-1.40181
-1.854592
-2.159666
-2.349546
-2.751636
-3.119193
2.874202
2.630069
2.382687
2.156979
1.799528
1.490898
1.248147
1.070258
0.7759268
0.499844
0.217441
-0.0157194
-0.2857757
-0.4294515
-0.8363706
-1.081879
-1.164063
-1.652503
-1.711188
-1.895603
-0.5955672
-0.00556903
0.1655071
0.2001759
-0.1270491
-0.4980325
-0.6314299
-0.915282
-1.008414
-1.295343
-1.636949
-1.791244
-1.959098
-2.019298
-2.266463
-2.571419
-2.744088
-2.755254
-2.697683
-3.052474
3.028941
3.004453
-3.124307
2.883773
2.523572
2.391463
2.432883
2.182276
1.908482
1.570754
1.513278
1.327504
1.107116
0.6200249
0.5547458
0.2431224
0.02138755
-0.4665035
-1.101782
-1.448246
-1.614828
-2.341332
2.789684
2.307915
1.721235
1.514807
1.327998
1.103045
0.6228991
0.3126116
0.1211522
-0.1255497
-0.3841977
-0.6725773
-0.9943272
-1.255859
-1.476605
-1.716575
-2.047773
-2.370781
-2.604489
-2.927
-3.077863
2.816072
2.532889
2.029852
1.73927
1.440059
0.9225542
0.0985171
-0.5130314
-1.227749
-1.686675
-2.028082
-2.352052
-2.675575
-3.107107
3.10965
2.742485
2.473051
2.154807
1.933879
1.65569
1.462239
1.151073
0.8299836
0.6238993
0.4520375
0.1907866
-0.09242914
-0.3927266
-0.5429175
-0.6504701
-0.8841298
-1.226288
-1.400281
-1.557673
-1.070153
-1.533913
-1.300992
-1.426141
-0.525939
-0.9968272
-1.31212
-1.435857
-0.9399112
-1.48357
-1.735905
-1.792376
-1.677004
-1.757321
-2.187665
-2.092081
-2.026125
-1.876233
-2.57147
-2.189818
-2.508002
-2.429933
-2.845672
-3.033808
-3.111143
3.045796
2.644722
2.366949
2.181218
2.083813
1.821743
1.429779
1.033233
0.9768917
0.7340801
0.462321
-0.02362877
-0.3541617
-0.805822
-0.7801007
-1.438378
-2.598929
-3.056381
2.299261
2.182285
1.720647
1.469188
1.197154
0.7782122
0.5205731
0.2149235
-0.01798986
-0.2733493
-0.578221
-0.826345
-1.112254
-1.349749
-1.616903
-1.879848
-2.19676
-2.436825
-2.645497
-3.089489
3.033094
2.703503
2.447414
2.217498
1.838197
1.238212
1.030256
0.7992802
-0.01806511
-0.8548551
-1.659227
-2.206167
-2.64788
-2.778234
-2.980591
2.92615
2.506168
2.261064
2.049045
1.85672
1.563058
1.304929
0.9309036
0.8635828
0.626793
0.4143967
0.08172836
-0.1851223
-0.2080782
-0.4858966
-0.5526637
-0.843206
-0.9465401
-0.6120171
-0.9520728
-1.188805
-0.6814988
-0.817081
-1.08602
-1.203851
-1.380411
-0.8879383
-1.493582
-1.9842
-1.241143
-1.142468
-1.508769
-1.888453
-0.7685211
-1.008502
-1.353308
-1.762442
-1.635959
-1.638343
-1.949584
-2.297157
-2.514898
-2.655861
-2.821719
3.115593
2.846898
2.6134
2.411101
2.136147
1.944965
1.57839
1.406524
1.152197
0.8331724
0.5904406
0.2799963
-0.04353495
-0.2877379
-0.666443
-1.064329
-1.33902
-2.090346
-2.847922
2.751908
2.180483
1.611727
1.254936
0.9254743
0.6663491
0.4243973
0.1420423
-0.2551869
-0.4885385
-0.7100627
-0.9727598
-1.237002
-1.623473
-1.830223
-2.122867
-2.244369
-2.630486
-2.980137
3.096343
2.80303
2.58237
2.22294
1.824665
1.420166
1.207188
0.9077989
0.2819748
-0.2254381
-0.995221
-1.722198
-1.869892
-2.410949
-2.622625
-2.970102
2.922084
2.824042
2.551546
2.194002
1.950614
1.784905
1.532753
1.445754
1.140952
0.8338876
0.8336687
0.8316794
0.475426
0.2495822
0.2734827
0.2674913
0.1495713
-0.2230761
-0.4136774
-0.4268967
-0.3514576
-0.8793011
-1.108622
-1.202541
-1.279355
-1.36789
-1.861924
-1.919068
-2.043405
-2.066668
-2.472811
-2.479084
-1.804721
-1.469185
-1.693332
-1.251203
-1.621122
-1.751645
-1.995122
-2.228326
-2.315817
-2.646508
-2.914316
-3.140985
2.960037
2.665152
2.444972
2.135091
1.852494
1.615724
1.39521
1.113108
0.7786195
0.5443569
0.198956
-0.01281923
-0.2308683
-0.6670678
-1.006491
-1.526697
-1.798983
-2.269097
-2.614199
2.982832
2.293863
2.058011
1.483316
1.222649
0.9098374
0.3978335
0.1713887
-0.0796203
-0.3666258
-0.6391372
-0.95319
-1.169835
-1.527636
-1.678739
-2.090085
-2.266694
-2.542607
-2.772557
-3.071809
2.878115
2.58688
2.390614
2.229244
1.901105
1.317906
-0.3481108
-1.386837
-2.023024
-1.998943
-2.160306
-2.546779
-2.892608
3.112603
2.908289
2.871122
2.565061
2.199511
2.050848
2.053913
1.805319
1.577397
1.352278
1.155294
1.181353
0.8920906
0.6907706
0.6070472
0.4747601
0.248169
0.04253206
-0.09772495
-0.2616201
-0.4368899
-0.741993
-0.9800639
-1.113096
-1.290289
-1.613292
-1.92247
-2.099551
-2.281359
-2.610458
-2.884429
3.017732
2.704674
2.612739
2.136072
1.415132
0.08056807
-0.5686775
-0.8418943
-1.38851
-1.721391
-1.830045
-2.241724
-2.544527
-2.812505
-3.120153
2.884174
2.695657
2.413258
2.049443
1.874969
1.538685
1.282975
0.9574808
0.6561941
0.3631583
0.1231446
-0.2892129
-0.5724102
-1.019717
-1.384417
-1.798135
-2.379992
-2.923709
2.856783
2.522637
2.087426
1.698175
1.382766
0.9796977
0.7262027
0.5346094
0.1456072
-0.04924831
-0.4439697
-0.596301
-0.9400306
-1.074841
-1.388578
-1.631427
-1.822252
-2.097539
-2.251436
-2.515358
-2.791916
-2.932251
-3.031742
3.069597
2.744955
2.863946
2.59583
2.953642
2.417946
2.7606
2.612496
2.55124
2.283759
2.428138
2.214892
2.225482
1.825332
1.78605
1.786294
1.720948
1.424364
1.221533
1.401987
1.230398
1.043664
0.8585378
0.9432216
0.7038119
0.5697615
0.2591062
0.1949934
-0.002159141
-0.2747951
-0.4944008
-0.7592986
-0.8588703
-1.243345
-1.368794
-1.665725
-1.978647
-2.156473
-2.584568
-2.94158
3.076928
2.867993
2.315974
1.905808
1.568327
0.8670978
0.5263185
0.003000757
-0.4482157
-0.8615075
-1.106872
-1.467519
-1.783274
-2.098357
-2.393347
-2.605363
-2.933583
3.085332
2.809031
2.523327
2.286587
1.962937
1.71819
1.429633
1.231842
0.9747062
0.6294051
0.4660923
0.08504885
-0.07472738
-0.5818696
-0.6447664
-1.354716
-2.920822
-2.550183
2.227663
1.463306
1.421052
1.034985
0.7366912
0.5803617
0.2785197
0.08987729
-0.2455283
-0.4365849
-0.7451578
-0.8627687
-1.178755
-1.387688
-1.628038
-1.854956
-2.03318
-2.306757
-2.513344
-2.681643
-2.868548
-3.053601
2.996656
2.863156
2.731627
2.496305
2.32642
2.118151
2.020999
1.867322
1.52378
1.503348
1.376447
1.259946
0.8643057
0.5210501
0.6422539
0.5599536
-0.1976317
-2.00953
-3.122495
3.005146
2.330008
2.461053
2.15233
1.669343
1.543117
1.374791
1.093077
0.8562575
0.5310948
0.3444995
0.1010071
-0.1265247
-0.4641121
-0.7001641
-0.8430697
-1.183112
-1.516638
-1.812712
-2.043503
-2.304372
-2.609646
-2.948229
2.67148
2.381935
1.77325
0.6012485
0.3048365
-0.2383261
-0.6503606
-0.8923479
-1.323808
-1.548334
-1.853759
-2.155818
-2.387443
-2.647793
-2.936299
3.114339
2.90418
2.56182
2.332056
2.1027
1.815688
1.579758
1.368472
1.055822
0.8400008
0.5621258
0.3383883
0.1011861
-0.06945287
-0.3658388
-0.706645
-0.7336164
-0.9655528
-1.154096
-1.271402
-1.897131
0.7422296
0.7352743
0.1946044
0.3715033
-0.05545743
-0.2651257
-0.4484534
-0.7107982
-0.8378524
-1.202125
-1.095549
-1.546342
-1.695921
-1.896491
-2.084604
-2.187968
-2.374708
-2.655671
-2.914637
-2.776997
-3.090685
3.046557
2.849892
2.674683
2.550763
2.228281
2.144614
1.950504
1.887644
1.267689
1.316872
0.5804052
1.379936
0.1757516
-1.628703
-2.192397
-3.091923
3.1394
-3.10995
2.731523
2.511387
2.089581
1.979616
1.863851
1.515818
1.252539
0.9098057
0.8043005
0.4679682
0.3313732
-0.02658495
-0.2160907
-0.444687
-0.7324309
-0.953326
-1.230483
-1.428349
-1.716851
-2.006827
-2.241497
-2.484751
-2.706479
-3.017806
3.094477
2.589391
2.560084
2.374158
0.9347284
-0.8612353
-1.456909
-1.514377
-2.04877
-2.25801
-2.366958
-2.607396
-2.946917
3.045933
2.793414
2.516789
2.390954
2.116409
1.753024
1.582981
1.32062
1.154481
0.8128033
0.6478532
0.2898866
0.06179813
-0.1610889
-0.4498568
-0.6422819
-1.019488
-1.159547
-1.617516
-1.839736
-2.098855
-2.826864
2.363488
1.918821
1.386427
1.185307
0.6107313
0.7873742
0.3102751
0.04143365
-0.1251307
-0.4540268
-0.5808036
-0.6080375
-0.9305096
-1.262906
-1.392495
-1.511986
-1.610296
-1.834876
-2.132918
-2.365706
-2.361481
-2.581727
-2.937142
3.095725
2.955063
2.872123
2.578169
2.269248
2.120802
1.948398
1.886933
1.544888
1.322369
1.282055
1.362481
0.9901451
2.024373
2.168206
2.080715
1.987638
1.913257
1.970043
1.466371
1.278309
1.068687
0.9530302
0.6895894
0.4119124
0.1538515
-0.08459232
-0.247685
-0.5275096
-0.7930982
-1.083123
-1.359183
-1.492037
-1.81185
-2.014832
-2.389653
-2.580871
-2.850539
-3.07867
2.935489
2.429577
2.163424
1.82129
1.457606
1.041173
0.5025806
-0.1621877
-0.8108827
-1.300825
-1.631575
-2.163294
-2.252481
-2.613567
-2.791929
3.103846
2.821349
2.614431
2.450546
2.153345
1.917596
1.584958
1.390695
1.29473
1.039802
0.7757688
0.550401
0.388529
0.4301897
0.3894825
0.1554953
-0.3486919
0.7461753
0.2629187
0.6585803
0.1453273
0.3990516
0.7421598
0.5244796
-0.04216543
0.1638035
-0.07262428
-0.06317045
-0.3519146
-0.5488341
-0.6559907
-0.7587045
-1.057853
-1.229664
-1.349824
-1.528242
-1.761678
-2.009517
-2.092674
-2.317009
-2.55553
-2.821405
-3.065929
-3.118239
2.934199
2.62797
2.248091
2.266616
1.981184
1.816388
1.41439
1.147768
0.9941503
0.8172939
0.6479895
0.1272877
0.1033193
-0.3455059
-0.8610978
-0.5689957
-2.737139
2.397152
2.282192
1.627167
1.614725
1.140635
1.037775
0.758975
0.4189065
0.3064847
-0.1215245
-0.2390408
-0.544442
-0.7462883
-1.004621
-1.335318
-1.590462
-1.918331
-1.987778
-2.295049
-2.602293
-3.073407
2.886789
2.706053
2.42951
1.99654
1.027974
0.2520176
-0.368136
-0.6962892
-0.8704569
-1.161954
-1.556609
-1.886072
-2.138569
-2.382827
-2.565605
-2.827063
3.118082
2.970881
2.682544
2.575023
2.367181
2.108212
1.835114
1.675578
1.459314
1.282663
1.119253
0.8445243
0.7102141
0.5093226
0.2999656
0.2049573
0.07889973
-0.1802221
-0.4274214
-0.5012007
-0.4983318
-0.6779748
-0.9888279
-1.151068
-0.9853506
-0.84631
-1.401975
-1.469938
-1.073222
-0.9405358
-1.435113
-1.397656
-1.4928
-1.31333
-1.593532
-1.874842
-2.068605
-2.053799
-2.374082
-2.627335
-2.737528
-3.007937
3.027391
2.844474
2.523984
2.468807
2.161768
1.887591
1.545311
1.374824
1.158803
0.8598865
0.5321808
0.1153281
-0.1823294
-0.472345
-0.808869
-1.41867
-2.154487
-2.893104
-3.120937
2.633956
2.631775
2.206852
1.805367
1.492298
1.220577
1.171113
0.7973025
0.5656047
0.2581964
-0.04459876
-0.1686444
-0.4470763
-0.6492179
-0.9283915
-1.071106
-1.340498
-1.505962
-1.704145
-1.976785
-2.061187
-2.394937
-2.460929
-2.52314
-2.578925
-2.771416
-2.559966
-2.41946
-2.190832
-2.424572
-2.482239
-2.502187
-2.605596
-2.694044
-3.00509
3.073717
2.903477
2.897357
2.565325
2.416574
2.057076
1.924398
1.81235
1.641866
1.335485
1.080768
1.02048
0.8395473
0.6374503
0.3133778
0.1449839
-0.005257583
-0.2301501
-0.4194139
-0.8424398
-0.7892632
-1.110397
-1.302733
-1.685192
-1.508859
-1.991044
-2.323072
-2.75674
2.997573
-2.211955
-2.712829
1.671168
0.3356964
-0.2689969
-0.6516742
-0.6560903
-0.8055449
-1.004267
-1.482127
-1.735554
-1.888593
-1.997483
-2.37117
-2.489602
-2.875054
-2.916929
3.004612
2.945205
2.566214
2.268591
2.164513
1.871215
1.812754
1.525567
1.451263
1.019458
1.277218
1.465454
2.373567
2.077657
2.234709
2.363621
2.291264
1.88266
1.665318
1.543516
1.250864
1.258124
0.8784825
0.6071666
0.4257674
0.2836431
0.03880135
-0.2331717
-0.4508496
-0.7043774
-0.812837
-1.061352
-1.298458
-1.581964
-1.760014
-1.929981
-2.131083
-2.338625
-2.591647
-2.824016
-3.006493
-3.048521
2.965956
2.730223
2.448197
2.321041
2.445408
2.315438
2.344543
2.292459
2.794048
2.654047
-3.131659
2.708936
2.746421
2.510718
2.568963
2.314983
2.025261
1.707184
1.800553
1.631887
1.337652
0.9730709
0.7867804
0.8437971
0.6947195
0.2287156
0.01643266
-0.2536601
-0.05677139
-0.3360261
-0.7266753
-1.089658
-0.9763151
-1.172513
-1.634947
-1.064727
-1.120416
1.047141
0.07235585
0.5598679
-0.02272954
-0.1428356
-0.3744283
-0.2887535
-0.6736581
-0.9618493
-1.116971
-1.325117
-1.485777
-1.740823
-2.019161
-2.249299
-2.433183
-2.494533
-2.838447
-3.075499
2.976511
2.788457
2.618983
2.466429
2.152324
1.866104
1.783546
1.618505
1.371787
1.24798
0.9203605
0.8388384
0.7976728
0.6640382
0.501924
0.630848
0.5747048
0.833995
0.8498655
0.719138
0.6783127
0.5495961
0.5420833
0.3024963
0.06632166
-0.2130641
-0.2141021
-0.3762782
-0.6028531
-0.8837513
-1.135166
-1.213221
-1.474752
-1.587052
-1.950115
-2.18459
-2.410016
-2.563552
-2.760334
-2.925084
2.979124
2.506725
2.760031
2.417953
2.126957
1.627922
0.2836413
0.3702275
-1.740303
-0.524676
-1.340472
-2.231939
-2.309971
-2.755891
-2.732253
-3.099408
2.985138
2.769295
2.528023
2.344209
2.018068
1.998829
1.795577
1.60603
1.278914
0.8989497
1.023823
0.7607443
0.5778442
0.1844149
0.09102695
-0.04134613
-0.05683426
-0.3787515
-0.647642
-0.6733913
-0.6650059
-0.8118076
-1.010788
-1.14905
-1.015046
-1.041592
-1.067986
-1.281354
-1.404464
-1.324924
-1.425216
-1.602185
-1.758711
-1.958632
-2.131669
-2.124751
-2.363854
-2.58094
-2.771592
-3.067001
-3.14002
2.9524
2.75213
2.408798
2.284013
2.056928
1.963391
1.734502
1.374324
1.219549
1.010535
0.9366537
0.5979032
0.2736621
-0.00900586
-0.08007675
-0.04773217
-0.6233314
-0.8432652
-2.036654
2.226411
2.387634
1.496581
1.454925
1.455942
1.206995
0.7655631
0.4439831
0.3498613
0.08064961
0.05254145
-0.3196458
-0.6751367
-0.7921824
-0.9372387
-1.194521
-1.438097
-1.518815
-1.932573
-1.87881
-2.19283
-2.293083
-2.511302
-2.801729
-2.995435
-2.812316
-2.621511
3.127972
3.127229
-2.71639
-2.324753
-2.89479
-3.015507
-3.023257
-2.853484
3.12615
2.754521
2.623236
2.537408
2.403378
2.116535
1.911078
1.755242
1.505773
1.391483
1.076661
1.032869
0.746398
0.534867
0.3628653
0.2324446
0.0650868
-0.2031913
-0.4443914
-0.6531962
-0.6053518
-0.844038
-1.187773
-1.314682
-1.551852
-1.3494
-1.673289
-1.855748
-2.253657
-2.110958
-2.084729
-2.055092
-2.527623
-2.588974
-1.934948
-1.966722
-2.31705
-2.258465
-2.177844
-2.226674
-2.4116
-2.70299
-2.763846
-2.912466
-3.090917
3.020161
2.803717
2.586035
2.33194
2.232473
2.115531
1.841262
1.479352
1.336247
1.143362
1.303831
0.9679606
0.4956684
0.3246341
0.8246086
1.098221
1.199244
1.198906
1.968918
1.751632
1.257016
1.232746
0.9639996
0.8391706
0.7098636
0.4954703
0.110214
-0.03204113
-0.1404372
-0.3125125
-0.6667256
-0.8886921
-1.168133
-1.172677
-1.445082
-1.696973
-1.971359
-2.145967
-2.254565
-2.521051
-2.631371
-2.850212
-3.025671
3.057295
2.893673
2.995707
2.792929
2.668297
2.075171
2.963468
2.471399
2.50994
2.163865
2.323354
2.351813
2.237194
1.815248
1.704015
1.900195
1.564406
1.411876
1.011911
0.9864617
0.8591623
0.8095997
0.4608203
0.2680129
0.1584193
-0.02629672
0.003094594
-0.2744532
-0.3668099
-0.6582888
-0.7326089
-0.7701153
-0.9076417
-1.115386
-1.349277
-1.522957
-1.630155
-1.516987
-1.887355
-1.99911
-2.222346
-1.179604
-1.532098
-1.73383
-1.577231
-0.9050608
-1.313286
-1.596452
-1.851223
-1.655073
-1.868979
-2.203775
-2.467889
-2.685093
-2.805334
-2.92635
3.09749
2.823201
2.649035
2.443282
2.203133
2.106583
1.845069
1.55677
1.389738
1.226455
1.073435
0.8843696
0.6303529
0.461599
0.5486283
0.4453183
0.2405056
0.4069716
0.3074988
0.6218857
0.4427368
0.3962362
0.1832447
0.06556807
-0.01884921
-0.1654845
-0.3710784
-0.7736359
-0.8744921
-0.9832922
-1.031877
-1.482591
-1.675948
-1.891602
-1.975848
-2.096894
-2.517969
-2.772537
-2.848515
-2.921569
3.028742
2.884014
2.747021
2.48696
2.775256
2.311388
2.513708
2.385549
2.483008
2.34691
2.808552
2.399416
2.250567
2.274173
2.31228
2.315797
1.851718
1.586325
1.69858
1.889194
1.584612
1.281706
1.245771
1.215398
1.25325
1.095206
0.8170059
0.5022947
0.708435
0.496408
0.2271875
0.05108479
-0.1754603
-0.168689
-0.3756048
-0.6310547
-0.8788245
-0.9093061
-1.17408
-1.243728
-1.49274
-1.660722
-1.837934
-1.917744
-1.971364
-1.882618
-2.089709
-2.362136
-2.015297
-1.971074
-2.084148
-2.415317
-2.473541
-2.494728
-2.635657
-2.874406
-3.137156
2.998645
2.76934
2.683996
2.314448
2.21723
1.883598
1.719997
1.58261
1.347896
1.065384
0.794475
0.6287363
0.5280212
0.324806
0.03026465
-0.390718
-0.1917573
-0.2421796
-0.117997
-0.7850177
0.06858256
0.323838
0.2600248
0.2079966
0.09655198
-0.08630861
-0.3222403
-0.3556113
-0.5533565
-0.7628691
-1.139386
-1.360711
-1.233597
-1.575816
-1.850707
-2.104877
-2.131535
-2.104013
-2.283664
-2.740451
-2.85322
-2.248501
-2.66134
-2.712073
-3.119527
-2.618805
-2.890253
-2.851232
3.031546
2.958154
2.873454
2.801217
2.651086
2.436499
2.261041
1.998543
2.1009
1.838913
1.696697
1.534777
1.370103
1.359609
1.352916
1.178963
0.9462978
1.01194
0.8279358
0.8963589
0.5957872
0.3333776
0.2399403
0.2855327
-0.03926661
-0.2769927
-0.5357305
-0.7589311
-0.7284342
-1.054948
-1.292519
-1.605616
-1.666013
-1.884433
-2.068418
-2.233555
-2.499112
-2.713349
-2.979697
-2.62559
-3.032964
-3.012168
-2.984617
-2.333609
-2.347319
-2.77856
-2.704941
-2.763293
-2.790555
3.113251
2.964429
2.64551
2.639796
2.393656
2.148683
1.881691
1.659801
1.357374
1.26004
1.156776
0.9239533
0.475208
0.3847137
0.1466245
0.7975131
0.05952426
0.0215262
0.1281634
1.363678
0.7620681
0.4484732
0.6684279
0.75229
0.355646
0.0328424
-0.01904994
-0.2615589
-0.3524796
-0.5742198
-0.8120199
-0.9583868
-1.250832
-1.305493
-1.491072
-1.536458
-1.911577
-2.082386
-2.11286
-1.973615
-2.160202
-2.475503
-2.602855
-2.451551
-2.447871
-2.743802
-3.01359
-3.110851
3.108264
2.958918
2.776542
2.421612
2.176252
2.210722
1.978425
1.676981
1.523254
1.255429
1.140532
1.221438
0.9000359
0.6541266
0.7031177
0.6810184
0.9645512
0.7744248
0.652841
0.5993025
0.7783926
0.6715946
0.4331262
0.1181403
-0.1097048
-0.0595214
-0.1922452
-0.5136831
-0.8977569
-1.01598
-1.151536
-1.295174
-1.585328
-1.981761
-2.106423
-2.314456
-2.312463
-2.768496
-2.870034
-3.084239
2.873668
-2.118233
-2.566744
-2.159111
-1.982162
-1.721517
-2.167842
-2.391114
-2.944561
-2.539731
-2.954939
-3.087108
2.764641
2.499197
2.473807
2.323529
2.068164
1.780328
1.598849
1.410445
1.237701
1.250717
0.9614955
0.8723249
0.5529155
1.03531
0.7998847
0.7368011
0.3450943
0.7091063
0.6446247
0.4916098
0.05165187
-0.1342845
-0.03773317
-0.1024183
-0.5197958
-0.7635016
-1.053195
-1.01498
-1.235211
-1.398249
-1.691893
-1.884987
-2.065268
-1.880007
-2.152436
-2.20552
-2.41019
-2.456537
-2.007896
-2.281736
-2.605323
-2.587495
-2.705814
-2.659867
-2.932688
3.040716
2.790466
2.787674
2.625923
2.41446
2.031532
1.744719
1.562478
1.693869
1.339065
0.9171815
0.5723594
0.3924064
0.8713347
0.5109875
0.2231901
-0.1895471
1.967936
1.427979
1.30102
1.19238
1.180522
0.8905406
0.8593451
0.5014145
0.1021369
0.04749299
-0.2269148
-0.2672011
-0.5963014
-0.9883224
-1.173345
-1.214077
-1.321925
-1.713904
-1.921692
-2.337831
-2.031771
-2.157444
-2.443983
-2.699376
-2.642069
-2.186746
-2.248274
-2.209735
-2.717741
-2.452124
-2.521957
-2.608191
-3.007735
3.002293
2.902522
2.885487
2.664487
2.258087
1.98272
1.919539
1.872388
1.613858
1.29372
1.183816
0.9649453
1.235011
0.9005772
0.7924624
0.7352931
0.6247197
0.8116778
0.8336799
0.4523154
0.2847184
0.1030932
0.2543412
0.1028846
-0.2713034
-0.6718882
-0.6840162
-0.682116
-0.8716732
-1.284364
-1.630543
-1.82079
-1.608331
-1.908062
-2.240814
-2.677567
-2.378132
-1.841785
-1.912594
-2.3112
-1.432919
-1.573342
-1.672988
-2.069102
-2.297682
-2.337832
-2.525681
-2.676824
-3.002891
2.974981
2.774643
2.543344
2.409112
2.212108
1.932935
1.549645
1.433514
1.345342
1.327489
1.007051
0.361003
0.6276664
1.086108
1.057237
0.4761821
1.112759
1.608873
1.334702
0.8009081
0.6055086
0.7867191
0.5374245
0.3435738
0.00640124
-0.2527845
-0.4127009
-0.5217498
-0.7012082
-1.085201
-1.186592
-1.674736
-1.60506
-1.74354
-1.945511
-2.316055
-2.473713
-2.328822
-2.43304
-2.510578
-2.699786
-2.682994
-2.487698
-2.480416
-2.762962
-2.929632
-3.061399
3.103292
-3.031198
2.711639
2.488225
2.220776
2.377423
2.219702
1.979334
1.363619
1.225802
1.91341
1.547646
1.106476
0.9394931
1.615319
1.670481
1.436923
1.084431
1.299395
1.174811
1.044739
0.7711542
0.5538038
0.3481401
0.2091
0.003686193
-0.2086204
-0.4820144
-0.7878183
-0.9330184
-1.145857
-1.226332
-1.502238
-1.888386
-2.070513
-2.042624
-1.890932
-2.081209
-2.635795
-1.831945
-0.8636532
-1.565794
-1.88574
-1.905637
-1.674276
-1.912526
-2.369834
-2.668178
-2.809042
-2.852865
-3.068329
2.809734
2.578467
2.386381
2.262081
1.988281
1.695133
1.504413
1.156984
1.133435
0.8311758
0.7604557
0.5419444
0.3605793
-0.02485594
0.781297
0.7636017
0.5084668
0.5717349
1.086437
1.151532
0.5761944
0.2966065
0.179997
0.2361707
0.01894351
-0.3457588
-0.5624866
-0.8881122
-0.8224349
-1.037579
-1.150555
-1.660423
-1.673636
-1.759683
-1.650509
-1.903214
-2.253576
-2.34306
-1.64264
-1.985188
-2.303206
-2.46505
-2.210713
-2.392543
-2.519426
-2.976687
-3.015569
3.13778
2.947278
2.633149
2.631469
2.230258
2.099161
1.844525
1.970863
1.836096
1.612142
1.201321
1.932034
2.017549
1.736181
1.435937
1.800546
1.763591
1.444757
1.134099
0.911761
0.8007911
0.8301847
0.3791068
0.1221737
-0.1499956
-0.2023902
-0.417483
-0.6243411
-1.006253
-1.315557
-1.386445
-1.564222
-1.892677
-2.150488
-2.412179
-2.502629
-2.82819
-2.718224
2.973003
-2.093237
-2.933502
-1.15447
-1.568339
-1.674914
-2.172695
-2.107355
-2.184947
-2.509918
-2.896971
3.056881
2.993038
2.876426
2.637086
2.170559
1.951125
1.910972
1.7054
1.596201
1.099476
0.9391298
0.8036802
0.8385476
0.7256422
0.4087227
0.5142944
0.7718276
1.28784
1.11304
0.8979385
0.9566712
0.9844334
0.7855223
0.4070506
0.3188594
0.165777
0.06776883
-0.2966752
-0.315948
-0.7086867
-0.6738786
-0.987341
-1.028661
-1.043259
-1.283856
-1.520699
-1.385212
-1.488336
-1.487485
-1.842577
-2.070897
-1.954756
-1.967187
-2.407979
-2.638172
-2.884341
-2.776619
-3.119049
2.971458
2.569472
2.494174
2.359844
2.211693
1.766782
1.641117
1.488086
1.321759
1.142415
0.9864706
0.8159458
1.14638
1.264351
1.537211
1.861047
1.580551
1.377023
1.440204
1.126349
1.055651
0.6504753
0.413622
0.177205
0.2389658
-0.2544836
-0.4876657
-0.8194002
-0.9885849
-1.042676
-1.359467
-1.778037
-2.0674
-2.251361
-2.159208
-2.725946
-3.133778
2.558118
1.99401
2.527487
0.2624205
-0.06876852
-0.7173395
-1.291837
-1.316995
-1.73687
-1.9779
-2.152536
-2.402451
-2.560762
-2.897402
-3.096626
2.885161
2.763002
2.650921
2.247235
2.098791
1.873776
1.772888
1.646823
1.555595
1.276569
1.197953
1.213351
1.209751
1.138334
0.7409833
0.8903898
0.8154774
0.7270151
0.4473401
0.1219126
0.1358076
0.136257
-0.1305366
-0.5264731
-0.6421199
-0.6842621
-0.721402
-1.012622
-1.216989
-1.31854
-1.22556
-1.486872
-1.517688
-1.520267
-1.601664
-1.834927
-1.874643
-1.90836
-2.043192
-2.335191
-2.531352
-2.645018
-2.750578
-3.048802
2.935087
2.626537
2.625443
2.336932
2.120238
1.770649
1.372432
1.40102
1.184864
0.8981847
0.2305139
-0.04746576
-0.8333552
-1.240128
-1.45512
-2.192291
3.072326
2.586477
2.277084
1.976505
1.830227
1.430429
1.296237
0.888543
0.8131789
0.4430504
0.1824617
0.02350554
-0.1763293
-0.451378
-0.8157735
-1.013973
-1.153998
-1.312203
-1.533505
-1.999423
-2.048923
-1.947853
-1.681012
-2.293493
-1.28241
-1.470043
-1.10671
-1.479598
-1.743114
-1.750044
-1.788099
-2.068721
-2.314568
-2.590295
-2.874885
-2.882556
-3.074545
2.906867
2.646723
2.450252
2.380859
2.206336
1.942004
1.731768
1.543572
1.493579
1.28192
1.136111
0.907016
0.8204891
0.6424035
0.5909095
0.461489
0.3444799
0.008934557
-0.1296213
-0.1778716
-0.1810796
-0.5982852
-0.976516
-1.228602
-0.9340859
-1.260284
-1.503302
-2.195395
-2.083353
-1.447448
-1.575078
-2.666957
-1.044777
-0.04905164
-0.7012498
-1.157518
-1.077181
-1.197217
-1.351368
-1.685602
-1.997147
-2.247959
-2.414014
-2.568807
-2.888377
-3.08227
2.85302
2.619339
2.481145
2.259075
2.121746
1.590986
1.489794
0.6820399
1.964959
1.16278
0.7695403
-1.484242
-2.838727
2.856136
2.415676
2.377517
2.345577
2.13631
1.678464
1.424329
1.170629
1.136352
0.7802032
0.5756772
0.2631045
-0.04649065
-0.106981
-0.365923
-0.6102369
-0.8203961
-1.113177
-1.374747
-1.388026
-1.559555
-1.84392
-2.161288
-2.30574
-2.350928
-2.295006
-2.629776
-2.820186
-2.827457
-2.534367
-2.71561
-2.653378
-3.009346
-2.948809
-2.824807
-3.088158
2.992288
2.645515
2.53845
2.58778
2.519381
2.14105
1.683481
1.814043
2.026365
1.743222
1.311583
1.207078
1.058263
1.594406
1.022931
0.7676858
0.5818709
0.6933407
0.5472922
0.4478157
-0.07335982
-0.2253914
-0.3687913
-0.426461
-0.535587
-0.929465
-1.288814
-1.662237
0.4946631
-0.5573477
-2.219285
1.04174
1.237141
0.3121141
0.02493127
-0.2085425
-0.233001
-0.3943155
-0.7120678
-1.039893
-1.413249
-1.38722
-1.652772
-1.825357
-2.206164
-2.545658
-2.679174
-2.789843
-3.061168
2.963079
2.572358
2.478989
2.230244
2.163608
1.834665
1.609512
1.238765
1.419791
1.21371
1.232961
0.9571146
0.8013435
2.100127
1.718161
1.472617
1.194327
1.380866
1.34819
1.052738
0.7158598
0.3452552
0.4660872
0.2082707
-0.03791472
-0.3389614
-0.6194511
-0.8505229
-0.9310825
-1.148728
-1.432748
-1.659822
-1.981941
-2.145868
-2.079211
-2.39379
-2.733597
3.032033
-3.115776
-2.965169
3.020818
2.440961
1.69974
-0.3476808
-2.574883
2.320886
0.6948546
-1.611459
-1.702872
-2.541249
-2.877412
-2.614103
-2.242523
-2.713784
-2.892473
3.032761
2.941302
3.001923
2.912114
2.413322
2.119197
2.024079
2.007632
1.788852
1.557556
1.12288
1.085763
0.9200977
0.8637686
0.4793602
0.2043497
-0.06393396
-0.06676643
-0.2046999
-0.3475811
-0.810538
-0.9876063
-0.8410144
-0.4679822
-0.8794121
-0.9439043
-1.223977
-0.1586562
-0.7377782
-0.7776823
-1.183997
-1.056339
-1.231117
-1.410228
-1.750533
-2.060291
-2.190631
-2.335658
-2.551186
-2.80222
3.079233
2.971037
2.753177
2.663553
2.228894
2.023188
1.6473
1.596113
1.397247
1.088264
0.8503218
0.4542468
0.3001712
0.1541452
-0.0418323
-0.3187251
-0.8760607
-1.629892
-3.124299
1.644381
-0.2215807
2.326105
2.135393
1.412023
0.6304207
0.4331225
0.7178985
0.6368427
0.07223769
-0.3083744
-0.5748193
-0.3511365
-0.5200695
-0.7724092
-1.203105
-1.424724
-1.30873
-1.297477
-1.557785
-1.760941
-2.021
-2.106041
-1.439911
-1.776739
-2.155222
-2.175714
-1.821469
-1.740359
-2.11357
-2.499325
-2.53816
-2.143327
-2.525594
-2.660019
-3.006839
-3.091952
-3.037135
3.132597
2.782403
2.561393
2.370746
2.390165
2.173317
1.955774
1.572072
1.448544
1.349942
1.194962
0.8703744
0.54562
0.3462996
0.1802568
0.1129953
-0.2153899
-0.513579
-0.7395657
-0.8997275
-1.029057
-1.295055
-1.532956
-1.960668
-2.068468
-2.046425
-2.379544
-2.389545
-3.103454
-2.692611
-0.5083647
-1.503419
-1.299156
-1.441928
-1.528302
-1.578134
-2.032417
-2.374677
-2.531415
-2.663905
-2.725399
-3.125638
2.763639
2.379062
2.410631
2.351704
2.026783
1.50131
0.9739278
1.190357
1.037341
0.7265373
-0.07690996
-0.8723118
-1.77894
-1.825453
-2.057535
-2.544238
3.138537
2.707519
2.449598
2.126503
2.001484
1.71638
1.613774
1.280149
0.9937043
0.6838527
0.6681427
0.4510625
0.2299851
-0.1025072
-0.3770718
-0.3647416
-0.5127138
-0.7782117
-1.051875
-1.289425
-1.410161
-1.447025
-1.689308
-1.987774
-2.18456
-2.397002
-2.319157
-2.593157
-2.903331
3.132402
3.119352
-3.129273
2.854484
2.668926
2.379221
2.64529
2.59825
2.461253
2.015511
2.379683
2.202044
2.19487
2.013475
1.861077
1.728412
1.559279
1.554667
1.289593
1.055143
0.8268262
0.5251216
0.5512611
0.2647456
-0.01550555
-0.3588987
-0.524975
-0.790039
-0.8149361
-1.219403
-1.617848
-1.953625
-2.028642
-2.272883
-2.493981
3.091391
2.438688
1.982458
1.602372
1.866665
1.012849
0.569931
0.003392313
-0.2407751
-0.3660546
-0.6038334
-1.015924
-1.370477
-1.582212
-1.686577
-2.032094
-2.22364
-2.531244
-2.605795
-2.988786
3.09223
2.871478
2.775006
2.661765
2.209096
2.079911
2.075061
2.05366
1.778869
1.541334
1.318758
1.876876
1.638798
1.288591
1.244316
1.413417
1.475526
1.076213
0.9043346
0.7443665
0.7765282
0.5457453
0.410411
0.07566924
0.01857484
-0.1586792
-0.2707738
-0.5462042
-0.815563
-0.9153236
-1.192724
-1.272557
-1.578122
-1.78476
-1.950267
-2.165909
-2.34903
-2.583026
-2.734451
-3.008653
3.043913
2.762616
2.64849
2.456894
2.140489
1.820178
1.427897
1.51487
1.36219
0.7390109
0.4095095
-0.4281458
-0.8225541
-0.7814682
-1.207826
-2.123073
-2.7087
3.085544
3.007365
2.876413
2.609384
2.236949
1.745393
1.646513
1.423104
1.342583
0.8200099
0.7874807
0.4145374
0.4228377
0.1601086
-0.1433303
-0.3593708
-0.333292
-0.5099572
-0.7278778
-1.175576
-0.003491945
-0.1992899
-0.155529
0.263245
0.135224
-0.1079631
-0.5754591
-0.6667176
-0.5491993
-0.893573
-1.210565
-1.442968
-1.572263
-1.677877
-1.968712
-2.318216
-2.500208
-2.607322
-2.829386
-3.122979
2.928887
2.745369
2.56336
2.359824
2.105183
1.867896
1.726118
1.458018
1.258185
1.018331
0.8759672
0.6697326
0.4804875
0.2460369
0.05881768
-0.05516268
-0.1749105
-0.3970191
-0.7433062
-0.7046226
-0.5349407
-0.5440186
-0.7467833
-1.013146
0.1350613
-0.3612902
-0.5821722
-0.792233
-0.4520798
-0.6805524
-0.982922
-1.357457
-1.563928
-1.309148
-1.685413
-1.962709
-2.446309
-2.383524
-2.585471
-2.930006
3.081158
2.68885
2.838377
2.285581
1.929169
1.339736
-0.3183414
0.3675667
-0.5135782
-0.9130372
-1.409997
-1.9004
-1.872355
-2.232737
-2.285161
-2.757514
-3.046367
3.072617
2.967458
2.731281
2.404936
2.10452
1.966543
1.826254
1.609055
1.248566
1.007762
0.856454
0.7758961
0.4219497
0.1978802
-0.06975831
-0.1518628
-0.3829808
-0.5820199
-0.9208686
-0.8997384
-1.090986
-1.406277
-1.587429
-1.619268
-1.744985
-1.9285
-2.133996
-2.165214
-1.808728
-2.110871
-2.361852
-2.194901
-2.047298
-2.254877
-2.617042
-2.735634
-2.802024
-2.816654
3.055805
2.837392
2.625946
2.552646
2.319243
2.125504
1.791869
1.491769
1.377657
1.218532
0.931293
0.555397
0.3802955
0.008548263
-0.07830764
-0.4246891
-0.8617404
-1.179554
-1.487056
-1.699792
-2.326697
-2.609838
-3.067976
2.734071
2.511914
1.965297
1.715165
1.514879
1.366724
1.088019
0.5852185
0.4296109
0.153383
0.1706875
-0.2003934
-0.5399846
-0.802138
-0.9008482
-0.9322723
-1.262079
-1.562136
-1.851497
-1.832849
-1.990375
-2.218264
-2.471989
-2.772196
-2.638717
-2.796315
-3.025785
3.031794
3.002728
3.07219
2.94494
2.777585
2.727615
2.682455
2.580589
2.463735
2.359237
2.185093
1.993968
1.699986
1.671353
1.553341
1.303689
1.005156
0.7769874
0.797588
0.60106
0.3061929
-0.06538634
-0.2152158
-0.2694271
-0.4963959
-0.8222287
-1.135481
-1.372499
-1.390347
-1.658141
-2.002138
-2.337061
-2.516096
-2.739169
-2.883113
3.015682
2.691321
2.230174
1.930542
1.587078
1.424904
0.870491
0.4322223
-0.08070146
-0.8689378
-0.8339165
-1.246585
-1.555786
-1.8285
-2.158362
-2.521183
-2.703025
-2.799134
-3.030102
2.913435
2.619634
2.196411
2.262803
2.340087
1.999015
1.447793
1.348567
1.797377
2.099357
1.655696
1.085356
2.690258
2.101041
1.776129
1.445105
1.367165
1.538185
1.253394
0.9653494
0.6635633
0.5335323
0.4233849
0.1921916
-0.02712587
-0.3052463
-0.4463713
-0.6940935
-0.7731633
-1.096492
-1.278366
-1.529147
-1.776127
-1.8963
-2.10027
-2.2916
-2.595818
-2.808046
-2.93426
-3.101807
3.065516
2.647771
2.391986
2.237344
2.339158
1.966716
1.678656
1.240698
1.356535
1.39672
1.048757
0.6254269
0.2073393
0.571139
0.7771774
0.2764863
-0.04040873
0.5886574
1.463809
1.220839
0.8242941
0.9128015
0.7471501
0.9052206
0.5151058
0.1323106
-0.123334
-0.6015832
-0.1495199
-0.54203
-0.7979919
-1.63362
-1.672518
-2.093181
-1.860077
-2.422598
3.028697
2.314204
1.569978
0.9568822
1.084005
0.7730259
0.4886554
0.008834425
-0.4640583
-0.6337718
-0.7073191
-0.9170924
-1.286176
-1.613026
-1.938353
-1.948152
-2.155106
-2.454757
-2.815738
-3.011789
3.092263
2.966633
2.693137
2.38679
2.172309
1.964491
1.8483
1.594577
1.423164
1.134909
0.8841363
0.8461923
0.6626669
0.580642
0.2435835
0.1816956
0.03247051
0.2519721
-0.01624134
-0.2865584
-0.4668512
-0.3002514
-0.2999725
-0.5475779
-0.7962194
-1.175484
-0.6899624
-1.037516
-1.269693
-1.638389
-1.79446
-1.724373
-1.815236
-2.192214
-2.630549
-2.691113
-2.678382
-2.85263
3.067294
2.762603
2.540512
2.418964
2.325632
2.013206
1.700744
1.407709
1.089723
0.882809
0.7742189
0.3829476
-0.300981
-0.7308159
-1.206144
-1.074326
-1.419307
-1.716036
-2.397391
-2.837274
-2.97421
-3.105246
2.889009
2.604142
2.211831
1.955272
1.799141
1.6443
1.387005
1.069391
0.7492465
0.5198613
0.4710907
0.2472865
-0.04986206
-0.3813573
-0.6382405
-0.6335621
-0.7627311
-1.066894
-1.415288
-1.477562
-1.414972
-1.372917
-1.685306
-1.954128
-1.685458
-1.617126
-1.647134
-1.89753
-2.034166
-2.184451
-2.13631
-2.386877
-2.589295
-2.853499
-3.100603
3.104533
2.894182
2.664588
2.287455
2.107362
1.963498
1.784281
1.551549
1.237342
0.9199201
0.8000121
0.6876967
0.4345531
0.06495153
-0.1827607
-0.426928
-0.4474569
-0.6070858
-1.057001
-1.525387
-1.563315
-1.663744
-1.766695
-2.173733
-2.585953
2.829719
-3.019518
2.706398
2.033858
2.012702
1.223557
0.9367468
0.354944
0.5126167
0.4206015
0.002458737
-0.4394428
-0.8614765
-0.9003992
-0.839027
-0.989547
-1.451408
-1.837312
-1.763496
-1.933379
-1.967054
-2.428513
-2.590933
-2.911891
-2.621963
-2.876808
-3.035899
2.952302
2.794706
3.077756
-3.034211
2.775104
2.555218
2.684954
2.708809
2.581553
2.16888
2.004736
1.908093
1.850993
1.530072
1.209985
1.048469
0.8442
0.7282247
0.414438
0.2422356
-0.07784046
-0.2577691
-0.4769672
-0.7278308
-0.8936169
-1.222972
-1.432285
-1.750061
-1.820315
-2.045239
-2.349911
-2.648614
-2.918168
-2.99068
-3.12308
2.895836
2.458407
2.246777
2.397167
2.603876
2.234392
1.71255
-2.693137
-2.829179
2.953937
2.478541
2.42755
2.901973
2.379503
2.074008
1.667326
1.23436
1.533574
1.170048
0.8381532
0.2498022
0.1052233
-0.2446959
-0.7436923
-0.6683732
-1.528287
-2.05653
-2.854801
2.997743
2.70856
2.479573
2.600311
2.068909
1.614178
1.425448
1.266209
1.239015
0.9549819
0.6518209
0.3988771
0.3004862
0.2296807
0.005502165
-0.2826019
-0.4765451
-0.6810481
-0.7621183
-0.8559263
-1.224679
-1.471776
-1.657635
-1.738484
-1.986407
-2.188442
-2.539428
-2.691828
-2.802667
-3.006821
2.954922
2.729637
2.5644
2.368638
2.129491
1.915124
1.594257
1.569719
1.252957
1.13691
0.9765703
0.9914612
0.7054771
0.6009797
0.7525504
1.044206
0.7453066
0.6102737
0.7118938
0.7886268
0.5636822
0.1215328
-0.06058463
-0.08278329
-0.3228085
-0.5177755
-0.9475508
-1.182471
-1.329897
-1.534698
-1.821777
-2.216029
-2.510077
-2.78707
-2.968476
2.982821
2.548466
2.234424
1.770939
1.619076
1.19236
0.8182595
0.3841247
-0.02408279
-0.2722645
-0.6459215
-0.9359657
-1.186586
-1.492043
-1.673558
-2.063018
-2.32799
-2.520102
-2.588194
-2.95558
-3.119892
2.829289
2.81793
2.682331
2.498266
2.193779
2.090114
2.04415
1.934892
1.673526
1.514659
1.323163
1.263109
1.115094
0.9047616
0.5585672
0.5338107
0.3527611
0.3042686
-0.05102628
-0.1412456
-0.4261248
-0.3480476
-0.6781605
-0.8605104
-1.056161
-0.9987195
-1.268383
-1.380368
-1.531718
-1.578684
-1.666314
-1.899156
-2.104652
-2.084296
-2.312087
-2.535568
-2.839645
-2.897063
-3.088205
2.978063
2.600444
2.415443
2.196991
2.125192
1.684254
1.391023
1.133282
1.018278
0.7574126
0.3543447
0.01746337
-0.3875132
-0.534231
-0.8531758
-1.312482
-1.731605
-2.121298
-2.304533
-2.845148
-3.134289
2.688213
2.085231
2.143195
1.707751
1.442689
1.128323
0.7712406
0.5813034
0.3818653
0.1789854
-0.3049679
-0.3934764
-0.4805768
-0.4170875
-0.8478791
-0.9049741
-0.3441273
-0.06638811
-0.4234433
-0.5300865
-0.3537211
-0.478467
-0.8113967
-1.03535
-1.225367
-1.315269
-1.607807
-1.866172
-2.09645
-2.26384
-2.453838
-2.694666
-3.001745
-3.111322
2.944092
2.82304
2.502252
2.333461
2.116137
2.015807
1.782849
1.610257
1.410219
1.274844
1.205674
0.9299314
0.7370881
0.5767265
0.454169
0.3138226
0.01029957
-0.2060828
-0.3810974
-0.4358878
-0.7168306
-1.0635
-1.275405
-1.385128
-1.561028
-1.885954
-2.223022
-2.450802
-2.458619
-2.825015
3.002249
2.457646
2.648207
2.339376
2.017988
0.8336189
-0.5533113
-1.151004
-1.578361
-1.02842
-1.743833
-2.438753
-2.794403
-2.808409
-2.908103
3.047539
2.378496
1.658167
1.090217
1.571734
1.003724
0.001549673
-0.5143918
-1.273929
-1.810858
-1.937151
-2.137408
-2.479979
-2.917324
3.090233
2.877662
2.615733
2.368569
2.099262
1.757561
1.626057
1.340188
1.113236
0.7839327
0.6023251
0.3878681
0.1404047
-0.1066112
-0.3299037
-0.4672229
-0.7018864
-0.9152064
-1.246737
-1.343035
-1.388113
-1.609084
-1.803586
-2.037959
-1.969662
-1.994301
-2.1962
-2.434613
-2.465092
-2.52331
-2.632718
-2.912525
3.115895
3.00652
2.95266
2.756394
2.360752
2.232245
2.016369
1.984504
1.671166
1.423619
1.120577
1.139704
0.9597856
0.7243779
0.4459908
0.3036777
0.351138
-0.06555954
-0.1050358
-0.08503132
-0.07225953
-0.3522117
-0.9352451
-0.582471
-0.6343384
-0.8447138
-1.788097
-2.019458
-2.273202
-1.930138
-2.61561
2.926898
2.538588
2.056267
2.411495
1.835952
1.372362
0.80784
0.5852091
0.4935669
0.2577836
-0.1487549
-0.4388223
-0.7520384
-0.9402428
-1.133829
-1.399544
-1.761064
-1.92057
-2.24756
-2.437285
-2.700752
-2.89137
3.116967
2.947132
2.726598
2.453874
2.442433
2.234036
2.152458
1.826164
2.002706
2.060222
2.082017
1.762066
1.736309
1.933122
1.751653
1.453463
1.140405
1.099942
0.9466481
0.8128768
0.3972142
0.1180349
-0.02232413
-0.1322791
-0.4109239
-0.7295808
-0.9636353
-1.241594
-1.313122
-1.559584
-1.869803
-2.126265
-2.30112
-2.494088
-2.66646
-2.915129
3.046851
2.928669
2.742272
2.646545
2.368825
2.396441
2.038281
1.947536
1.933687
1.942224
1.765451
1.270546
0.665828
0.1946734
0.9532968
0.5676544
-0.3259423
-0.8475808
-1.871064
-1.179457
-1.567264
-1.87118
-2.583726
-3.130822
3.106045
-3.105564
2.843571
2.389236
1.999798
1.838619
1.855977
1.530346
1.189568
0.8931625
0.7878451
0.5921903
0.4672855
0.1822888
0.1121101
-0.09350029
-0.1210995
-0.1207284
0.01813029
-0.05607506
-0.3332918
-0.3027587
-0.3597908
-0.4259541
-0.7671402
-1.043702
-1.157866
-1.322589
-1.492597
-1.796931
-2.088234
-2.30333
-2.41838
-2.64421
-2.955733
3.004156
2.771012
2.643897
2.462474
2.142062
1.828813
1.53049
1.492103
1.296711
0.9915133
0.6753706
0.4010737
0.3561321
0.3284142
0.0009131882
-0.1623805
-0.3379155
-0.1410127
-0.01395339
0.3055428
-0.06429395
-0.0668449
-0.1064437
-0.2152078
-0.5114675
-0.7055293
-1.127525
-1.461051
-1.302352
-1.826409
-2.095465
-2.68856
-3.136411
2.7558
3.036922
2.507418
1.844573
1.065034
0.4935256
0.3640183
0.5091169
0.1986301
-0.3864835
-0.9226043
-1.172116
-0.9124529
-1.232302
-1.58422
-2.031446
-2.049841
-2.06088
-2.143973
-2.626864
-2.556626
-2.754667
-2.655159
-3.037737
-2.933306
3.035706
2.917645
2.755552
2.564101
2.475092
2.172073
1.849075
1.673551
1.562047
1.400778
1.066179
0.8200143
0.5054724
0.4830064
0.1896605
-0.003960814
-0.4100091
-0.612535
-0.7564584
-0.900849
-1.145168
-1.459337
-1.773295
-1.75376
-1.744008
-1.995989
-2.277658
-2.361594
-1.767656
-1.870817
-2.108749
-2.241015
-2.175791
-2.195028
-2.524306
-2.772043
-3.091272
3.064192
2.828945
2.66153
2.353608
2.128407
1.717381
1.448303
1.312945
0.8798895
0.7382808
0.2088224
-0.1725913
-0.4463208
-0.5930755
-0.9930008
-1.462536
-1.94048
-2.464623
-2.694174
-2.788052
-3.10943
2.724525
2.266284
1.945948
1.936473
1.766784
1.538844
0.9668486
0.7634809
0.7885677
0.8568892
0.4968035
0.2513754
-0.0005630876
0.372744
0.07940884
-0.01800102
-0.3057659
-0.2452936
-0.4804468
-0.6687165
-0.8390972
-1.041021
-1.315797
-1.480868
-1.707498
-1.86019
-2.06195
-2.38636
-2.682095
-2.66813
-2.89145
-3.118668
2.800946
2.612878
2.530658
2.509521
2.262251
1.903614
1.85781
2.001824
1.88929
1.696983
1.529911
1.44754
1.48426
1.345441
1.072011
0.8493105
0.6555331
0.5532755
0.3288865
0.03568082
-0.2413681
-0.5285373
-0.5981355
-0.9029717
-1.1722
-1.502587
-1.805759
-2.072681
-2.254923
-2.641604
-2.918973
2.942217
2.610492
2.142185
1.951199
1.597629
1.224203
0.7248992
0.1433115
-0.1663142
-0.4790463
-0.5096065
-0.9852902
-1.354617
-1.915027
-1.965739
-2.139083
-2.084912
-2.733298
-3.02264
3.139208
-2.289367
-2.55797
-2.8763
-2.674844
-2.08995
-2.449183
-2.7871
-3.075173
3.106531
3.05723
2.810172
2.457604
2.245344
1.975884
1.846914
1.524694
1.373836
1.09406
0.8723882
0.661386
0.4332287
0.2661421
0.06176088
-0.147575
-0.4783724
-0.5126706
-0.5847085
-0.7994776
-1.066575
-1.18586
-1.179662
-1.207612
-1.466508
-1.729887
-1.779208
-1.801435
-2.031554
-2.262406
-2.51844
-2.690384
-2.835586
-3.014087
2.957612
2.734233
2.402371
2.316875
1.986424
1.887293
1.445644
1.18317
0.9440452
0.7725109
0.4423193
0.01408877
-0.2684813
-0.8152484
-0.8110277
-1.055385
-1.907899
-2.796082
3.118929
2.249934
2.054101
1.259761
1.409392
0.9800066
0.5382931
0.291967
-0.5654954
-0.9493196
-2.034189
-0.8273897
-2.314762
-2.913516
2.680323
1.842971
1.694635
1.326307
1.299603
0.8887041
0.5450165
0.2021252
0.04347958
-0.174417
-0.4272512
-0.7536403
-1.058987
-1.323571
-1.443103
-1.731713
-1.946448
-2.312829
-2.427197
-2.674971
-2.844684
-3.070953
2.95738
2.855098
2.619577
2.462565
2.324622
2.294023
2.143611
2.014191
1.921717
1.981867
1.828176
1.565784
1.462793
1.344548
1.236168
0.971036
0.6510048
0.5248089
0.3788176
0.1550414
-0.1659726
-0.4230556
-0.61836
-0.7648434
-1.006858
-1.231055
-1.580735
-1.735648
-1.972212
-2.128333
-2.328587
-2.65067
-2.94064
-2.980254
-2.906626
-2.94436
3.089134
-2.85446
-2.459136
-2.703164
3.105715
3.122195
2.948205
2.857898
2.000215
2.099755
1.519549
1.06131
0.7309543
0.1271171
-0.2514026
-0.6410837
-0.7642552
-1.406743
-1.731265
-2.085932
-2.153728
-2.508808
-2.791204
3.07889
2.885519
2.624998
2.512174
2.137451
1.778249
1.628466
1.386789
1.193087
0.9270027
0.6158495
0.4600005
0.3644115
0.2010286
-0.05292674
-0.2488621
-0.2691536
-0.2933772
-0.3774676
-0.4615484
-0.5649904
-0.4615435
-0.6311568
-0.8735235
-0.9328188
-1.110586
-1.309476
-1.514176
-1.779356
-1.924719
-2.119897
-2.438713
-2.664996
-2.892365
-3.040907
2.953166
2.673437
2.423131
2.245008
2.087111
1.787167
1.488495
1.281432
1.271722
0.9747942
0.7772178
0.3956555
0.2750772
0.570002
0.2936814
0.336371
0.02742557
0.5972381
0.311618
0.06438438
-0.1399507
-0.3021506
-0.5137776
-0.6294745
-1.085232
-1.671211
-1.753263
-2.254571
-2.336149
-2.926569
2.804434
2.319573
2.161487
1.747403
1.457804
0.9874082
0.6494282
0.4563893
0.2142307
-0.1876875
-0.4469244
-0.7075963
-0.7984133
-1.12692
-1.499069
-1.689122
-1.977061
-1.86464
-2.275245
-2.522547
-2.719685
-2.488757
-2.772698
-2.828741
-3.076679
-2.759002
-2.873091
-3.136563
2.956263
2.828039
2.850204
2.580313
2.298926
2.090767
1.901616
1.77879
1.478628
1.219311
0.9629924
0.8186745
0.5373898
0.3427473
0.038359
-0.1597077
-0.3555773
-0.5935077
-0.8796759
-1.095681
-1.204809
-1.405638
-1.687558
-1.946681
-1.955562
-2.017114
-2.033623
-2.57247
-2.042363
-1.823673
-2.259793
-2.452802
-2.503571
-2.292542
-2.614991
-2.978329
2.906058
2.900907
2.723156
2.412096
1.963968
1.54769
1.399172
1.004762
0.9031551
0.3434355
-0.1654878
-0.5916349
-0.8781915
-1.269408
-1.600209
-2.04248
-2.443518
-2.783977
-2.999839
3.059705
2.710079
2.380794
2.180622
2.002092
1.711614
1.49512
1.250179
1.229689
1.011322
0.7424362
0.6209395
0.830255
0.7453409
0.5421783
0.2203953
0.4787893
0.354697
0.1143953
-0.2711514
-0.3894498
-0.3910415
-0.6204982
-0.9678209
-1.256266
-1.381833
-1.502763
-1.761844
-2.068008
-2.352104
-2.477965
-2.656496
-2.914172
3.098413
2.835966
2.747082
2.520558
2.375752
2.096651
2.024428
1.907587
1.808638
1.705925
1.686505
1.826631
1.538617
1.410604
1.378678
1.344945
1.063192
0.7694477
0.5559786
0.4478807
0.3742492
-0.08385051
-0.4101229
-0.6392419
-0.698183
-0.969637
-1.341984
-1.890876
-2.202842
-2.233948
-2.448675
-3.05157
2.814004
2.254256
2.017834
1.795745
1.448328
0.8904923
0.4528622
0.0869561
-0.1108294
-0.3608153
-0.7211104
-0.9039013
-1.264235
-1.452844
-1.679551
-1.815061
-2.146384
-2.173027
-2.267158
-2.385695
-2.234366
-2.324554
-2.182811
-2.462052
-2.594399
-2.637018
-2.605343
-2.983345
2.937909
2.78795
2.673615
2.528698
2.221779
1.826575
1.66486
1.598988
1.401115
1.050962
0.7539194
0.5594712
0.5448654
0.290084
0.01230149
-0.327731
-0.3151598
-0.417622
-0.6168035
-0.9611729
-0.8713614
-1.04291
-0.9565859
-1.277087
-1.299496
-1.398898
-1.52608
-1.738159
-1.891959
-1.983976
-2.240905
-2.58173
-2.735857
-2.952548
-3.028641
2.881863
2.629265
2.174306
2.261919
1.927744
1.712675
1.148678
0.7178561
0.704374
0.5977158
0.151051
-0.4186659
-1.290602
-2.06395
-1.622929
-1.90708
-2.526283
2.932129
2.587606
2.077345
2.459974
1.983253
1.661642
1.086617
0.9913583
0.9867472
0.8585051
0.6007873
1.502964
1.268196
1.800866
1.594082
1.628843
1.303459
0.9774506
0.8682241
0.6861777
0.4801374
0.1433169
-0.1353132
-0.3503809
-0.5494829
-0.709626
-1.011967
-1.360733
-1.55692
-1.684602
-1.876146
-2.106459
-2.463039
-2.739655
-2.662771
-2.884989
3.12213
2.786567
2.675743
2.789403
2.669386
2.33763
2.188646
2.271189
2.37658
1.958906
1.888999
1.798352
1.711384
1.439255
1.251782
1.012241
0.9155707
0.6106917
0.3796801
0.1600647
0.05483767
-0.2238377
-0.5796086
-0.9005014
-0.8583543
-1.198154
-1.327777
-1.888063
-2.324439
-2.146215
-2.230335
-2.614884
3.033507
2.264771
-0.004164381
-2.217242
3.08285
1.002497
-0.5586554
-1.427969
-2.326706
2.86095
-1.575442
-2.326551
-2.696944
1.985997
0.4350666
-0.025972
-0.4369397
-0.4485988
-0.6104285
-1.111274
-1.425516
-1.625602
-1.923078
-2.167496
-2.476099
-2.624436
-2.843597
-3.113282
2.766184
2.599727
2.403581
2.187152
1.944812
1.57065
1.401066
1.262428
1.109825
0.8401379
0.5384956
0.3134719
0.3495068
0.1805349
0.02094606
-0.2603611
-0.3831824
-0.06816295
-0.1969816
-0.5116391
-0.6558394
-0.5290779
-0.5852271
-0.8630905
-1.126858
-1.36238
-1.39416
-1.586541
-1.875843
-2.206249
-2.281887
-2.576979
-2.752453
-3.058519
3.011152
2.868758
2.579852
2.304617
2.063209
1.960523
1.74656
1.305561
0.9623178
0.9501002
1.009327
0.679306
0.2391048
-0.5057096
1.969737
0.7938822
0.2150701
0.04817973
1.700043
1.234691
0.4411693
-0.2839021
-0.6817905
0.7115055
-0.02272672
-1.184473
-2.361228
-2.757262
2.509903
2.395436
2.5552
1.981528
1.503083
1.149829
1.102867
0.7507195
0.5908815
0.2866155
0.008556618
-0.1819889
-0.4577327
-0.6944116
-0.9350973
-1.051387
-1.27316
-1.673654
-1.751433
-1.940366
-1.960847
-2.265399
-2.453304
-2.656589
-2.387795
-2.586383
-2.810716
-2.999237
-2.911731
-2.954541
-3.11996
2.850015
2.715466
2.577251
2.467125
2.204915
1.959361
1.672641
1.577566
1.388859
1.130643
0.7997692
0.5818443
0.3680498
0.2658705
-0.06347806
-0.3129171
-0.5644233
-0.7274933
-0.9443932
-1.183928
-1.449182
-1.612928
-1.753708
-2.022343
-2.300994
-1.865567
-1.990493
-2.093336
-2.127025
-1.208642
-1.695061
-2.05575
-2.439999
-1.938035
-2.233111
-2.76853
3.041178
2.747993
3.040228
2.657671
2.031728
1.458661
0.6335686
0.7258704
0.4868779
0.07086334
-0.753065
-1.293673
-1.648924
-1.964423
-2.182878
-2.324994
-2.812645
-3.031499
2.997383
2.80972
2.551263
2.338493
2.11098
1.794944
1.750987
1.498916
1.3338
1.276543
1.046158
0.8782326
0.7510843
0.7877846
0.5998423
0.4143742
0.1896798
0.1485475
0.06394946
-0.1074058
-0.4658303
-0.6426557
-0.7277197
-0.8861502
-1.11276
-1.376776
-1.680387
-1.744171
-1.955129
-2.2095
-2.46173
-2.705441
-2.866731
-3.022528
3.055614
2.781763
2.52979
2.477024
2.39333
2.288835
2.015476
1.870784
2.120158
2.184512
1.842595
1.963085
1.777862
1.76706
1.507968
1.396166
1.143769
0.9692749
0.6348277
0.5162479
0.2384948
0.1229411
-0.3400572
-0.8226567
-0.9121519
-1.090551
-1.41844
-1.854662
-2.533062
-2.829137
-2.897278
3.078812
2.373366
1.760149
1.300105
0.9691855
1.092686
0.5983541
0.281288
-0.09569172
-0.3705724
-0.4742632
-0.7680559
-1.015777
-1.256224
-1.579811
-1.608775
-1.89848
-1.908352
-2.171906
-2.336098
-2.445738
-2.381229
-2.620292
-2.592001
-2.851281
-2.921828
-3.00116
3.094861
2.965522
2.729329
2.528837
2.425209
2.216261
2.087412
1.744652
1.5502
1.475805
1.304363
1.05911
0.8040971
0.5259491
0.4846546
0.3474846
0.1379606
-0.1233085
-0.2554212
-0.3338299
-0.3456488
-0.5911141
-0.7584386
-0.9554442
-0.8105823
-1.036545
-1.258081
-1.413808
-1.70301
-1.661139
-1.84569
-2.229032
-2.420169
-2.569644
-2.800852
-2.996365
2.979882
2.655578
2.439271
2.108139
1.894524
1.4296
1.279894
0.9248008
0.3490305
-0.3506406
-0.6088903
-0.9457175
-1.283141
-1.676785
-2.313749
-2.89178
-2.830543
-3.020726
2.999842
2.480624
2.080041
2.097141
1.928565
1.761517
1.335987
0.910937
1.051249
1.078709
0.866756
0.7188771
0.757524
0.9942243
1.206851
0.8954515
0.9784495
0.5965571
0.7048528
0.4933735
0.2295794
0.01223934
-0.252471
-0.379562
-0.6048676
-0.8413053
-1.028068
-1.294799
-1.457975
-1.688083
-1.857413
-2.131572
-2.30624
-2.592428
-2.705087
-2.845663
-3.063187
2.971541
2.710325
2.755264
2.64302
2.422614
2.207742
1.946185
2.104205
1.92985
1.726713
1.419155
1.308351
1.304031
1.158664
0.8119504
0.606798
0.4206111
0.2926898
0.2431501
-0.1769863
-0.4847337
-0.5371407
-0.6832647
-0.9186668
-1.244136
-1.667228
-1.792213
-1.615429
-1.538325
-2.178004
0.09266602
-0.3362152
0.229813
-0.1484066
-0.6431803
-0.8975211
-1.32878
-0.94129
-1.103159
-1.688744
-2.306307
-2.303102
-1.535661
-2.07546
-2.897517
0.9938369
-0.4846367
-1.119193
-1.542363
-1.214368
-1.071633
-1.66184
-2.001616
-2.168739
-2.374923
-2.451742
-2.796004
-3.095944
2.949725
2.778766
2.551279
2.322639
2.137049
1.843935
1.600481
1.434227
1.219765
1.016583
0.7568591
0.5887872
0.2869474
0.2121574
-0.009440278
-0.1729759
-0.3039937
-0.506082
-0.4961076
-0.594606
-0.5394872
-0.9017761
-0.9212182
-0.818275
-0.8437041
-1.155549
-1.432058
-1.538118
-1.482757
-1.670876
-2.060051
-2.335776
-2.3849
-2.457894
-2.672938
-3.068271
2.984819
2.824577
2.847468
2.499443
2.197232
1.930314
1.921046
1.758777
1.535555
1.207268
1.30665
1.051682
1.371411
0.9275637
1.115471
0.9282898
1.133307
-0.4680616
1.934977
1.381676
1.01546
-2.094291
2.94445
2.303156
1.598481
2.470735
2.39631
1.984891
1.364416
1.267954
1.389272
1.297203
0.8212974
0.4722726
0.2530736
0.3863907
0.02288353
-0.2697106
-0.6487718
-0.6731452
-0.8630086
-1.069161
-1.387817
-1.653079
-1.715265
-1.85762
-2.128558
-2.292745
-2.470244
-2.650279
-2.832427
-2.749223
-3.002094
-2.80369
3.110761
-3.044366
-3.09707
-3.052564
2.937762
2.810998
2.692802
2.471103
2.404884
2.102806
1.831948
1.622782
1.54745
1.306077
1.027747
0.7311332
0.4782051
0.4550965
0.2168295
-0.1102936
-0.5128966
-0.6263776
-0.608333
-0.9712564
-1.289457
-1.645802
-2.073685
-1.672718
-1.996645
-2.506191
-2.87453
-2.57545
-1.574922
-2.107242
0.1127473
-0.5327753
-0.9278014
-1.250099
-1.075375
-1.318556
-1.591278
-2.194695
-1.678599
-2.156773
-2.170565
-2.688202
-2.25288
-1.949375
-2.431901
-2.775502
-2.749839
-2.23048
-2.561132
-3.009863
2.946212
-3.038025
-3.069675
2.895711
2.325305
2.274152
2.386053
2.278494
1.865158
1.537943
1.589315
1.725364
1.32778
1.093709
1.035245
1.142017
0.9783096
0.6300738
0.5758201
0.5375552
0.3198308
0.2010067
-0.04122506
-0.08009642
-0.3341112
-0.5262587
-0.8108803
-0.8770216
-1.064888
-1.32215
-1.62753
-1.779332
-1.956323
-2.166448
-2.362072
-2.708312
-2.971857
-2.963965
2.996868
2.829716
2.439563
2.222479
2.190687
2.12836
1.816061
1.27878
0.7759176
2.491333
2.173855
1.880909
2.969058
2.763116
2.467052
1.803187
1.976063
1.929519
1.546259
1.276394
0.9545216
0.8224359
0.6794801
0.2464918
-0.02111351
-0.3783388
-0.08599194
-0.6570764
-1.23611
-1.55302
-2.122105
-1.903202
2.454441
2.388467
1.411114
0.6451182
0.7112438
0.7027509
0.474136
0.05667358
-0.3706188
-0.4542445
-0.4898323
-0.6552528
-1.054447
-1.457399
-1.445669
-1.424987
-1.756541
-1.997437
-2.27786
-2.37346
-2.335182
-2.685853
-2.951459
-3.057309
-2.993893
3.027345
2.753451
2.59076
2.585765
2.44844
2.169054
1.938791
1.808967
1.750521
1.396499
1.192792
1.057013
0.9820203
0.8010625
0.3762017
0.3171323
0.350416
0.1723698
-0.05614774
-0.3876519
-0.1527789
-0.09709474
-0.2493688
-0.5274122
-0.5460485
-0.3923019
-0.506568
-0.7885928
-1.060844
-1.052229
-1.213191
-1.340397
-1.785923
-1.977884
-2.06347
-2.20319
-2.437469
-3.009641
3.076001
2.893493
2.816936
2.428899
1.898226
1.61013
1.333496
1.078362
0.4030508
-0.5285467
-1.078616
-1.513183
-1.350284
-1.97695
-2.479823
-2.662336
-3.037832
-3.040033
2.910665
2.473467
2.213096
2.15027
1.971662
1.630145
1.324707
1.121795
1.090484
0.9560538
0.6486685
0.2150525
0.1775328
0.4233491
0.1569066
-0.1811665
-0.2904756
-0.09116427
0.01469374
-0.2330215
-0.5060009
-0.3123776
-0.3416501
-0.6169798
-0.9339055
-0.9940174
-1.050761
-1.251328
-1.540675
-1.865191
-1.839141
-2.014346
-2.324873
-2.536276
-2.623672
-2.75056
-2.974502
3.029975
2.945294
2.946306
2.762315
2.369144
2.280308
2.345312
2.218474
1.863679
1.607258
1.479275
1.557681
1.353686
0.919736
0.7903677
0.6733354
0.5851748
0.2703594
-0.1556086
-0.3552091
-0.7622211
-0.2982872
-0.9532262
-1.431093
-2.462025
2.255859
1.336951
1.259489
1.500094
1.289095
0.6267464
0.3494603
0.2458872
0.03978442
-0.1981798
-0.6099502
-0.7011426
-0.9931612
-1.154052
-1.505055
-1.802026
-1.852357
-2.016143
-2.360881
-2.74589
-2.857859
-2.543157
-2.860405
2.975085
-2.350211
-1.797268
-2.125622
-2.533227
-2.242692
-2.070406
-2.548344
-2.957009
3.122313
3.030079
3.009327
2.611494
2.350899
2.031612
1.974506
1.746637
1.487459
1.138572
1.004357
0.8029411
0.6323715
0.376972
0.09668727
-0.08245762
-0.1529675
-0.4427018
-0.6227327
-0.8500581
-0.7347027
-1.101491
-1.091231
-1.344877
-0.9795032
-1.335696
-1.472008
-1.712283
-1.022476
-1.658351
-1.850608
-2.11449
-1.923259
-1.875457
-2.349063
-2.756832
-2.999596
-2.570382
-2.928261
2.926204
2.817505
2.814355
3.006737
2.834204
2.650106
2.264531
2.968179
2.681373
2.642517
2.199122
2.04782
2.300868
2.028659
1.769891
1.272922
1.445738
1.166496
1.123878
0.8448967
0.5108879
0.5189581
0.9647484
0.7270972
1.888375
1.410338
1.353476
1.674669
1.381688
1.172212
0.712704
0.5356747
0.5664867
0.272109
-0.03272539
-0.3858132
-0.5307067
-0.5538992
-0.8672603
-1.182809
-1.575193
-1.664204
-1.799099
-1.995351
-2.396631
-2.672662
-2.823074
-2.905704
-3.058469
2.820191
2.695425
2.576524
2.637393
2.644466
2.471247
3.094527
2.947504
3.060726
2.910522
2.830505
2.517457
2.364964
2.15473
2.06967
1.686642
1.583503
1.156188
1.178921
0.9748387
0.6793921
0.2622896
0.04109356
-0.07119475
-0.09150684
-0.4508619
-0.8927992
-1.266239
-0.9654433
-1.017086
-1.349007
-2.143886
-1.251892
-1.385194
-0.5794635
-1.82969
-0.004284565
-0.4924287
-0.6878312
-0.9976189
-1.321105
-1.379469
-1.283692
-1.428675
-1.848133
-1.956765
-2.04551
-1.803623
-2.075688
-2.114573
-2.470084
-2.173517
-2.187559
-2.587014
-2.581535
-2.972057
-3.099468
3.116789
2.953404
2.748266
2.36566
2.197586
2.031695
2.066908
1.708029
1.330358
1.060024
1.089962
1.065776
0.6046833
0.3119937
-0.01101087
0.9119557
0.4569747
0.1215494
0.1962995
1.040472
0.7028131
0.4480861
0.2442136
0.1924161
0.08159531
-0.09485353
-0.4070012
-0.6350502
-0.8615245
-1.102776
-1.290076
-1.477044
-1.818107
-2.037036
-2.3436
-2.494826
-2.715724
-2.933322
2.997002
2.70633
2.441837
2.38278
2.107513
1.691737
1.270002
0.3612432
2.247337
1.777795
-0.369085
-1.795174
-2.518389
3.115885
2.63043
2.701621
2.607826
2.310476
1.890402
1.530103
1.399544
1.280171
1.0394
0.8108494
0.4708317
0.1789153
0.1333903
0.07534309
-0.1363222
-0.3092646
-0.7458832
0.09836592
-0.03697041
0.2538638
-0.5080173
0.5210364
0.03729643
-0.02327794
-0.521367
-0.6189702
-0.7398869
-0.7848523
-0.9305301
-1.273359
-1.47373
-1.796391
-1.693232
-1.783364
-1.969904
-2.384556
-2.604522
-2.069664
-2.443201
-2.508471
-2.949665
-2.624187
-2.74643
-2.889721
2.884529
2.838703
2.758838
2.641913
2.333165
2.036664
1.820143
1.662198
1.535466
1.206694
0.909794
0.7521504
0.4199263
0.2980921
0.1408694
-0.08319363
-0.476131
-0.7454785
-1.084538
-0.7245945
-0.6884212
-0.469764
1.970226
0.9766436
0.4071295
0.2674425
-0.04394191
-0.1186762
-0.1971425
-0.5643668
-1.008516
-1.224823
-1.371667
-1.560573
-1.789669
-2.214895
-2.558359
-2.709069
-2.752731
-3.072139
2.769316
2.402312
2.100627
1.951178
1.86639
1.327324
0.06679871
-0.7116266
-1.466073
-1.969002
-2.307756
-2.44015
-2.706002
-2.989513
2.828163
2.676291
2.424011
2.279519
2.007455
1.732728
1.463939
1.247156
1.18298
0.8361972
0.7789125
0.3814427
0.2764455
0.2233768
0.2787466
0.2440736
-0.1499801
-0.1389576
0.02047911
0.2150576
-0.3335011
-0.5311792
-0.6983155
-0.3611418
-0.7483858
-1.172564
-1.41762
-1.425021
-1.46577
-1.813925
-2.10105
-2.279874
-2.406882
-2.280951
-2.773201
-2.7552
-2.858989
-2.677681
-2.874245
-2.72455
-2.912057
-2.984506
-3.125497
-3.068039
3.028371
2.766484
2.458791
2.310609
2.251875
2.011549
1.646739
1.439035
1.014996
1.026955
0.7690313
0.43971
0.03514309
-0.2142323
-0.4539774
-0.5621908
-0.8508729
-1.505656
-2.28175
2.942882
2.058781
2.511142
1.754647
1.371677
0.9581001
0.4120316
0.342347
0.1045857
-0.1206188
-0.5411897
-0.7524772
-1.088975
-1.312507
-1.536773
-1.749458
-2.009876
-2.319348
-2.572773
-2.815369
3.10341
-3.119143
2.648494
2.615157
2.142974
2.933812
3.128999
-2.300835
-2.226389
-2.171825
-2.430338
-2.838124
3.096776
2.969171
2.922066
2.631167
2.286006
1.911774
1.785419
1.757687
1.459598
1.142416
0.7807558
0.7466701
0.7750766
0.4309885
0.194459
0.01150824
0.1672546
-0.01834547
-0.2501425
-0.3078026
-0.1809776
-0.3184416
-0.510618
-0.6414163
-0.6865996
-0.7832707
-1.189864
-1.202468
-1.369758
-1.5535
-1.88683
-2.323822
-2.208055
-2.456328
-2.556062
-3.076471
2.962887
2.9405
-2.785386
2.960668
2.684686
-2.040487
-1.782278
-2.436158
-2.598644
-2.682793
-2.774463
-2.943787
2.855315
2.666058
2.433559
2.295589
1.97811
1.676767
1.361682
1.173561
1.048279
0.6932046
0.4014984
0.01671646
-0.07898671
-0.5373752
-1.05144
-1.239252
-2.453689
2.63407
2.801741
1.957999
1.533805
1.076632
0.8765705
0.7025838
0.4300552
0.1468944
-0.2335149
-0.4331768
-0.6827492
-0.8424284
-1.167953
-1.502599
-1.722088
-1.89853
-2.127751
-2.323409
-2.790385
-2.937724
-3.021606
-3.119574
2.761871
2.495423
2.454335
-2.851242
3.092293
2.854666
-2.490122
-2.792883
-3.130963
2.818411
2.981529
2.688433
2.388798
2.102099
1.82609
1.93022
1.522115
1.196525
0.8869836
0.8966362
0.7547207
0.3840597
0.1653264
0.01161706
0.26154
0.04460673
-0.2332135
-0.3810708
0.3813145
-0.002023916
-0.2531328
-0.3024827
-0.2723393
-0.3240143
-0.8041372
-0.9967886
-1.199309
-1.318363
-1.532214
-1.863662
-2.13557
-2.27603
-2.443014
-2.685239
-3.134143
2.827139
2.696669
2.886443
1.787212
-0.509575
-0.8848549
-1.60039
-1.991405
-1.985542
-2.273178
-2.506671
-2.885499
3.127216
3.010278
2.801552
2.436954
2.123359
1.86
1.712658
1.48445
1.150229
0.8281071
0.611517
0.4077435
0.3052009
-0.318992
-0.398145
-0.8436556
-0.5860883
-1.102289
2.058572
1.834492
1.393287
0.872364
0.9171216
0.5956336
0.3817328
0.02419307
-0.3287107
-0.4636556
-0.7145101
-0.8314269
-1.309287
-1.503725
-1.663611
-1.902786
-2.145167
-2.564316
-2.80654
-2.941167
-2.905408
2.893674
2.495901
2.471226
2.806664
2.610691
1.950375
-2.802468
-2.559446
-3.025926
2.787658
-3.08365
2.956272
2.513574
2.268073
2.11114
1.972046
1.745916
1.333454
1.069909
1.085136
0.9442887
0.6417824
0.2202501
0.4246742
0.3516447
0.3907199
0.03486286
0.5603235
1.072993
0.836508
0.2211807
0.4907418
0.1422075
0.303139
-0.1874177
-0.4406071
-0.7325546
-0.7764409
-0.969771
-1.325611
-1.727154
-1.907925
-1.961282
-2.192389
-2.565542
-2.86638
2.876806
-2.455035
2.774589
-1.23319
-0.7651201
-1.431333
-1.647013
-1.78027
-1.950799
-2.238504
-2.592152
-2.772082
-3.024916
3.092869
2.676873
2.38531
2.222133
1.990941
1.834351
1.428153
1.166236
0.8869869
0.7827473
0.6080089
0.1380602
-0.1782221
-0.6044359
-0.217086
-0.7287259
-0.8637922
-2.206362
1.996108
1.004195
0.895269
0.749149
0.7943719
0.3486649
-0.07748359
-0.2594388
-0.4927376
-0.6200845
-0.9909616
-1.291737
-1.512339
-1.645874
-2.020916
-2.328229
-2.529068
-2.646549
-2.915908
3.010301
2.447966
2.662181
2.694974
2.463971
1.368746
-0.7425255
-2.262733
-2.811424
-2.820192
-2.745872
-2.650877
3.012682
2.65515
2.36325
2.566183
2.208323
1.940288
1.491885
1.260701
1.194743
1.278556
0.9112585
0.6247006
0.6586215
1.235518
1.389006
1.268996
1.081979
1.341768
1.074927
0.8231319
0.6727622
0.4657093
0.1175171
-0.04902857
-0.2842486
-0.4360566
-0.8081337
-1.018622
-1.420905
-1.424241
-1.607714
-1.921244
-2.392141
-2.550446
-2.535692
-2.567268
-3.017331
2.605729
0.3759614
-1.460856
-1.863726
-2.082508
-1.69672
-1.967275
-2.287399
-2.68411
-2.945306
-3.034485
3.038729
2.694959
2.400332
2.080874
1.925156
1.695315
1.42195
1.114616
0.8356663
0.6231793
0.3257113
0.05008453
-0.2363333
-0.4400822
-0.713979
-1.433287
-1.792562
-2.84557
1.482874
-2.942352
1.948987
1.358846
0.7451239
0.05146449
0.2941563
0.1923764
-0.1354
-0.6809815
-1.003171
-1.027641
-1.190185
-1.433131
-1.996687
-2.276166
-2.40811
-2.377581
-2.712184
3.108961
3.074862
2.083064
-2.475335
-2.403106
-1.873287
-1.816201
-2.055328
-2.092685
-2.432267
-2.814984
-2.989517
-3.116091
2.964643
2.682305
2.373578
2.106642
1.806719
1.942997
1.60926
1.44285
1.072558
1.004205
1.139441
1.442308
0.8027883
0.7901518
1.294077
1.42968
0.9681296
0.627708
0.6019048
0.629222
0.4673702
0.01604855
-0.2690398
-0.4088197
-0.5759488
-0.7868215
-1.104012
-1.466319
-1.690512
-1.813447
-2.106949
-2.347567
-2.698175
-2.989781
3.045292
2.859622
2.632398
2.400949
1.572392
-0.1801492
-0.9701657
-1.481493
-2.051382
-2.023897
-2.341162
-2.525332
-2.920729
2.884042
2.688949
2.519338
2.435396
2.021664
1.615153
1.265941
1.151387
1.124336
0.6447417
0.2403817
-0.315967
-0.4977323
-0.3713668
-1.100963
-1.464263
