18.33135
14.47121
13.78941
12.76949
14.0231
14.25671
13.14211
10.9099
9.650638
10.12137
9.606511
8.16663
6.648498
4.843753
4.690293
3.057826
3.027434
1.363151
0.3666227
0.9153122
2.456794
2.253255
2.855504
2.924324
4.556671
4.965984
5.549278
4.516229
4.476888
4.580412
5.983634
6.327775
4.854726
3.362186
3.111795
3.561131
4.69225
4.482733
2.90462
1.288667
2.024493
2.589232
3.442401
3.255999
1.85564
1.458153
2.404949
3.486493
3.635834
2.335733
2.161145
2.809832
3.746841
3.95624
4.055518
3.930116
4.902813
5.700576
7.113276
6.905719
8.235108
7.691664
9.052981
10.04505
11.56717
11.04269
11.44785
10.88537
11.7785
13.2668
13.0145
12.10281
11.32057
11.11556
12.99554
11.64807
10.35548
8.094852
7.82956
8.690548
8.087986
6.047279
2.629092
3.17533
2.487481
2.476766
0.8286397
2.428816
3.546514
3.623418
4.464688
5.84328
7.128268
7.310261
9.104224
8.778595
10.01345
9.553041
9.803734
10.46739
11.25903
10.91745
9.704152
9.422394
9.74737
10.25366
9.683804
8.058929
7.201851
6.995955
7.938981
8.616765
6.494531
5.878012
4.942313
5.308229
6.237334
6.784828
5.901478
4.297886
5.104775
5.317895
6.065386
5.688018
4.566031
3.953166
4.894259
5.172318
4.31136
4.235878
4.000414
4.441002
4.992582
4.903399
5.259018
5.204793
6.031423
6.014542
7.35248
6.971313
7.355589
6.227703
7.417482
8.037127
7.702181
7.11396
5.585357
6.066546
6.650095
6.617209
4.638088
3.605312
3.720758
4.399019
4.281524
2.772708
3.954748
5.426766
6.653751
5.962691
6.673984
7.800494
10.20028
10.30102
9.68157
10.24907
11.13163
12.23166
12.47165
11.85305
11.97266
12.60932
11.81543
11.8385
11.48598
11.73849
10.65682
10.02382
8.582297
8.68553
9.367099
8.295877
7.21488
5.975473
5.990248
6.655161
6.719228
6.38865
4.931275
4.586332
5.904345
5.76265
6.993582
5.463022
5.049683
4.717189
4.964983
5.480172
4.35682
3.870489
2.022318
2.676475
1.559121
1.651624
1.875834
1.699908
1.761205
2.452898
3.315415
3.8056
4.837439
5.389236
6.455633
6.330322
7.570657
6.860942
7.823802
7.860304
9.015262
7.722318
8.096348
8.114227
8.743662
8.817909
7.738177
7.242499
7.766343
8.565642
8.191584
7.235143
7.048647
8.21489
9.09541
8.745493
9.108692
8.302593
10.13534
10.13058
9.871737
9.890579
9.386765
10.04369
10.25468
9.622696
8.73055
8.650613
8.537864
7.954966
7.240446
6.229691
5.95928
5.526385
4.40631
3.426051
2.840983
2.677379
3.224628
2.648121
2.473897
2.757004
2.649901
4.94859
5.039154
5.273777
4.84647
4.725731
5.627702
6.628406
5.724428
5.318248
5.042841
5.520858
5.471879
6.084118
5.365355
4.990303
6.08422
5.479125
6.932267
6.704453
7.62537
7.793995
8.774403
8.59461
9.938387
9.95946
10.66729
10.63562
11.17539
10.9505
10.98859
11.30985
11.08379
10.91719
10.4708
10.07399
9.079099
9.92391
9.086672
7.888001
7.375621
6.620479
6.439209
6.400818
4.869459
5.317294
5.436159
5.59914
5.45044
5.099228
6.025251
6.581482
6.255361
6.50125
5.884135
6.890242
6.503367
6.376668
6.09236
5.753767
5.638247
5.214835
4.912775
3.878534
4.522982
3.673375
3.469153
2.803202
3.975033
3.574251
3.865437
3.838748
3.709929
5.720615
5.019071
5.108654
5.300457
5.975949
6.308955
6.122009
5.91139
5.160732
6.971273
6.022648
6.645522
5.884913
6.024951
6.859469
6.899581
7.028693
7.32994
7.392476
8.415668
8.70419
8.8823
8.987575
9.882737
10.50555
10.18609
10.40698
9.972393
10.76688
10.06861
10.6739
9.231388
9.269042
8.241654
8.437684
6.867175
7.098357
5.15427
4.867312
3.648398
2.807328
2.040057
0.8795021
2.04446
2.857565
3.149614
3.810778
5.246719
6.582411
7.554554
7.496358
8.306333
9.240986
9.375506
10.2896
9.499185
10.42186
9.918352
10.47487
9.598223
9.853572
9.761705
9.249192
8.393894
8.153118
8.016682
7.492612
6.956761
5.810733
5.859405
5.807094
5.201316
4.978547
3.7807
4.665573
4.601633
4.826161
4.009352
3.518647
3.675244
4.867838
4.633115
3.045701
3.538551
2.606216
3.859989
4.243285
3.733638
3.824821
3.581902
4.700796
4.606015
4.851164
5.066875
5.332451
5.776601
5.91339
5.817449
6.312407
6.116981
6.775967
5.292837
5.201501
5.072392
5.334977
4.401984
2.860617
2.248989
1.496667
1.367404
1.018639
1.6701
2.504014
3.348647
4.444061
4.755036
5.998992
7.473428
9.138883
8.770911
9.946508
10.05602
11.42194
12.61723
12.91455
12.3011
12.45011
13.39211
13.63
13.23
12.50911
11.4684
12.01702
11.51443
10.95875
9.979995
9.236758
8.429048
7.424327
6.642843
6.031793
5.35418
3.546753
2.812392
2.224097
2.698162
1.639108
0.7037355
2.003593
3.027517
2.685311
2.271929
2.350687
3.719895
4.251846
3.656219
2.762481
2.567081
3.237648
3.549171
2.810611
1.868961
0.6780143
1.638392
1.254143
1.612984
1.193665
0.9009819
0.5233085
0.5623332
1.292864
1.095884
1.613145
1.270884
1.344773
0.9449308
0.9707498
1.223177
2.41262
1.107206
1.935595
2.736628
4.38778
4.464776
4.08875
5.128949
6.388485
8.464467
8.007088
8.105754
8.658497
10.17487
11.58142
11.12426
11.50502
10.4193
11.74537
12.41252
12.8895
12.04425
10.83516
11.22083
10.30414
11.42358
9.686396
7.951154
7.611917
6.999455
6.654656
5.493519
3.86032
2.333965
2.433138
1.360976
0.8949643
1.35529
2.650323
3.292846
4.810584
5.296881
5.264019
5.87711
6.763807
8.38507
7.998882
7.532338
6.368623
8.3505
8.706818
9.26022
7.013349
6.411454
6.475121
7.286816
7.274991
6.062553
4.061393
4.706307
4.762681
4.897603
4.482446
3.336321
2.338468
2.995552
3.805603
3.484867
4.269769
3.023327
3.285481
3.236423
3.843156
3.606571
4.207914
3.308435
3.861373
3.309453
4.99087
5.01666
5.281621
4.440905
5.050921
6.697114
7.506573
7.242122
6.175564
6.537168
8.577481
8.572756
8.028268
6.408402
7.511389
7.688411
9.071877
6.936939
5.752168
5.795835
5.774373
6.112375
4.470978
3.197904
2.815372
3.292005
3.523469
3.145006
2.621323
4.805185
5.456944
6.103793
6.459116
6.689216
8.008564
8.755406
9.49747
9.820317
9.614176
10.16477
9.713114
11.00301
11.03084
10.39184
9.566895
9.192895
9.46001
10.22954
9.4019
6.80551
5.972507
6.453255
7.515913
6.815507
5.345606
3.256295
3.737497
3.921535
5.504542
4.531836
3.418808
2.880578
3.979252
4.236404
4.865478
4.620036
3.308124
3.561149
3.276582
3.505952
2.911106
2.79975
2.106132
1.298954
1.603668
1.205686
2.035615
1.013101
1.848647
3.001188
4.348804
3.42214
3.648795
3.809988
6.021729
6.642846
5.450309
4.731537
4.9643
7.047067
7.555993
5.702451
5.314142
5.768636
7.246831
6.906199
5.916019
4.788646
6.718844
6.929632
7.190152
6.597086
6.552336
7.753545
8.314983
8.650125
8.725176
8.56746
8.966763
9.174705
9.998142
9.702718
9.17924
8.838818
8.509816
9.027465
9.127749
8.027244
7.505245
6.008543
6.277351
6.213692
6.103808
3.988018
2.978189
1.822281
2.254144
3.266927
3.11678
2.639952
2.034356
1.17653
2.447667
4.236011
4.646154
4.910515
2.899019
3.465192
4.224545
5.318874
4.396411
3.459459
3.203327
3.034513
3.511061
2.856586
2.81338
2.691307
2.842822
3.36916
3.334185
3.251806
4.506825
5.69641
6.154435
5.967541
6.278998
6.156035
8.456067
8.859515
7.662754
7.491231
7.415257
9.06179
9.251741
8.960842
6.839875
7.199891
8.370081
8.602149
7.567061
5.712096
6.322776
7.044763
7.441789
6.252538
5.369301
6.484994
6.852078
6.978267
6.112766
6.611016
6.271078
6.653764
6.798865
6.243234
6.597028
5.902229
5.302096
5.684713
5.648882
5.017923
3.99548
3.533345
3.680201
4.195049
3.01073
1.67022
2.25127
3.03945
3.21227
2.167595
2.338729
3.34062
4.796205
4.459429
3.582775
3.720026
4.833897
5.89859
5.205869
4.463558
3.559399
4.3568
5.401433
5.017483
4.102787
3.188693
3.84702
4.16478
4.643837
4.710907
4.221337
5.009402
5.807481
6.063909
6.219893
6.902192
7.51549
8.189705
7.774992
7.083282
8.113247
8.882538
8.92259
7.734996
6.872853
7.255738
8.24748
7.745095
5.936933
5.151378
5.590321
5.613427
5.049799
3.065935
2.713147
3.972178
4.132836
2.948214
3.378573
4.074132
5.351068
5.570168
5.002282
6.047745
6.314116
7.154887
7.001705
6.77346
7.326458
7.111506
7.249605
6.912947
7.309177
7.02492
6.763732
5.719387
6.226416
6.595263
5.724809
5.296637
4.37511
5.262919
5.40049
4.644533
3.606446
4.002878
5.273899
4.445306
4.515378
3.418196
3.573787
4.341999
4.521799
3.311972
2.577494
2.800591
2.621732
3.232704
3.372297
2.28526
2.522559
2.182343
3.560848
3.797015
3.795681
3.724821
4.452474
4.697376
5.418378
5.503416
5.082173
5.756315
6.30907
5.725842
5.074369
5.148783
5.569965
4.925534
4.251116
2.919455
3.584898
3.860526
2.974869
0.7910343
2.139274
2.229825
2.609715
1.520272
3.720613
5.089212
5.129951
4.869765
5.993696
7.050696
8.132346
7.954319
8.115584
8.55382
9.30046
9.375492
9.570088
8.767896
9.667309
9.146514
9.416473
8.298337
8.621246
7.636199
8.175519
6.668269
6.604891
5.883379
6.095338
5.059879
3.957756
3.778773
3.737099
3.637304
2.880237
2.07146
2.886745
2.728365
3.184022
1.631499
2.654362
2.90685
3.186642
1.603324
2.350473
1.457467
2.249533
1.813676
0.5755142
0.9275171
0.6714316
0.2624997
0.3856123
0.7303404
0.9020242
1.5227
1.029832
1.94675
2.08321
2.339727
2.044047
2.554955
2.282966
2.563777
2.206623
1.601951
1.726644
2.079931
1.656646
0.8782542
1.588912
2.527866
2.314375
2.559729
3.37987
4.621628
5.554319
4.639732
5.843359
6.911607
7.613489
7.528355
7.906108
7.870217
9.49005
9.492373
8.753657
8.732836
9.796968
9.495864
9.023098
8.358446
8.326222
8.298392
8.077605
6.734309
6.02681
6.161743
5.726501
4.748981
3.88107
2.934882
3.412589
2.499193
2.622026
1.793359
3.077404
2.984176
3.132323
3.235573
4.110144
4.163177
4.891868
4.565445
4.393326
5.065258
5.2395
4.610543
4.910567
4.021484
4.638597
3.788774
3.486822
3.130861
2.870817
2.583673
2.06962
1.314897
1.053695
1.030967
1.181675
1.304711
0.8343354
1.05214
1.010707
1.733398
1.896755
2.300797
1.782084
1.820763
2.6545
2.344021
2.959955
2.406831
2.874522
3.815598
3.856591
4.371593
3.915908
4.730709
5.35583
6.091248
5.714476
5.684396
6.23339
6.870735
7.201051
6.536708
7.174959
7.218669
7.350938
7.070442
6.828779
6.892992
6.435429
5.970441
4.868361
5.430087
5.262103
4.103447
3.154724
3.420646
3.313475
3.632472
2.278366
3.13756
4.448592
4.175369
4.116611
4.384564
5.60935
6.077442
6.336954
5.930692
6.184299
6.520611
7.200997
7.063552
6.596276
7.027312
6.142328
6.526197
6.381248
5.724677
4.934725
4.539314
4.210349
3.723916
3.573548
3.030284
1.820698
1.849167
1.681286
1.115446
1.581545
2.032529
2.215693
1.851779
2.282548
2.38069
2.907776
3.5504
2.842889
2.226576
2.74311
2.705619
3.520241
2.577162
2.282511
2.226979
3.094584
3.118198
2.790975
2.640932
3.421382
4.120327
4.052644
3.886117
3.728238
4.557446
5.348252
5.181378
4.885289
4.579273
5.595262
5.401505
5.790573
4.791599
4.841401
5.190076
4.878856
4.596112
4.734085
4.292785
4.234508
4.304131
5.04773
5.369427
4.471089
4.781051
5.960451
6.421108
6.734378
5.715508
6.05288
7.502645
7.862415
6.739154
6.391562
6.764007
7.439862
7.317653
6.882141
5.771892
5.514416
5.758713
5.227219
4.743493
3.961883
2.690999
2.498548
2.215976
2.145558
1.443929
1.15519
0.8153311
0.8245595
1.090677
1.687911
2.834401
3.05794
2.83923
2.881157
3.260641
2.650613
4.094862
3.047393
2.961502
2.21482
2.222174
2.087953
2.421927
1.590988
0.1061892
1.073793
1.198924
0.928076
0.6453475
2.543814
3.307442
3.77015
2.79586
3.675124
4.58177
5.129198
5.670177
4.815294
4.873493
5.539077
6.329524
6.288543
5.349268
5.355552
5.586509
5.820265
5.864153
5.273258
4.81113
5.390509
5.55617
5.121557
5.477665
5.181001
5.140486
5.700354
5.941508
6.372811
5.518932
5.283428
5.836126
6.926979
6.732785
5.447056
5.037531
5.515209
6.506045
5.880552
4.152003
3.661249
4.094478
4.232041
3.233364
1.87108
1.083616
1.890461
1.121163
1.06096
0.557619
1.632654
2.36133
2.323185
2.484326
2.650536
3.116256
4.051808
4.072128
3.483808
3.11118
3.244902
3.809945
3.509194
3.14067
2.464489
1.733456
1.791291
1.276043
1.966448
1.210294
1.433887
2.052302
1.629462
1.988609
3.410201
4.890101
4.620493
4.182691
4.550974
4.950194
6.375716
7.344222
5.2512
5.737087
5.874115
7.282697
6.494667
6.391078
4.841179
5.603907
5.781054
5.665629
4.419035
4.314517
4.026897
4.428816
4.115359
4.385718
3.491735
4.477508
4.137598
4.992158
4.693972
4.985622
4.595515
5.147947
5.752175
5.546568
5.01973
4.663777
4.547521
6.125867
5.566593
4.190119
3.212241
4.207985
4.488145
4.306146
2.131362
2.342593
3.641896
3.362659
2.473059
2.007158
3.108222
3.752865
3.736771
3.143253
3.286193
3.837597
4.154507
3.749809
3.912234
3.367083
3.144647
2.860289
3.137727
2.816727
2.090566
1.423466
1.051501
0.8254821
1.511819
2.083799
2.683901
2.862759
2.749225
3.545542
3.504609
5.419654
5.423767
5.428561
4.943335
4.957681
6.100049
7.004704
6.081378
5.381918
4.83777
6.06994
6.242742
5.562738
3.59569
3.791649
4.056554
3.773409
2.711334
1.798792
2.140434
2.796366
2.422692
2.332556
3.030464
3.90112
4.035761
5.222778
4.784905
5.746542
5.25516
6.090725
6.465525
6.741602
6.26947
5.75872
5.829706
6.639361
6.460449
5.328161
4.716836
4.80617
5.236946
5.506236
3.432311
3.08766
3.426479
4.171032
3.731285
2.222661
2.231347
3.961344
4.119808
2.681604
2.417844
3.341847
3.587494
3.567698
2.842912
2.02161
2.734251
2.524782
1.516419
1.51916
1.41554
0.4928272
0.3905104
0.7203159
0.5742218
1.259557
2.288708
2.965664
3.200921
3.137213
2.925047
4.841291
4.891783
4.809735
4.382728
4.101839
4.582243
5.621144
5.092775
4.02085
3.656866
3.529012
3.722548
3.624892
2.160341
0.9196706
1.575254
1.841536
0.7015853
1.504575
2.598454
3.884026
3.515211
3.655178
5.123255
5.713474
6.352156
6.340265
6.543315
7.344334
7.514217
7.425528
7.463696
7.85229
7.556557
7.035563
6.458973
6.839734
7.273694
5.880557
5.297878
3.988366
4.744265
4.505212
3.430094
1.813464
2.241171
2.776546
2.451898
1.242741
1.727721
3.122386
3.428822
2.618243
2.481967
3.258502
4.244501
3.830905
3.121707
2.422637
3.821581
3.177739
2.623024
2.005374
1.738057
2.018036
1.824037
0.908502
1.711683
1.475403
1.241957
2.002058
2.514316
2.961324
2.446556
2.432419
3.348193
3.921589
3.273297
2.504107
2.709075
3.621214
3.27198
2.360611
1.291012
1.737256
1.810112
1.377585
0.2341114
1.794994
2.263265
2.603592
2.690184
3.41116
4.307103
5.776658
5.354171
5.698471
6.198517
6.926559
7.57115
7.793408
7.212911
7.574696
8.074135
7.610847
7.02032
7.055762
6.500056
6.692431
5.745295
5.06106
4.589301
4.570537
3.566028
1.806573
1.890818
1.708339
1.190133
0.5819801
2.44489
2.55755
3.029787
2.416976
3.857028
4.914165
5.515146
4.494649
4.857198
5.426894
6.3372
5.92122
5.521347
4.380169
5.641886
4.882297
4.527722
3.464956
3.207868
2.964684
3.007521
2.043013
1.295583
0.8982664
1.218843
0.2226976
0.9588497
1.669228
1.842487
1.282418
2.179698
2.610561
2.98873
1.99791
2.000714
2.408419
3.36353
2.081521
1.421956
2.338135
2.52174
2.278199
1.512536
2.766511
3.477621
3.573693
3.166402
3.892394
4.590204
5.53507
5.065772
5.19977
5.615992
6.392771
6.322085
6.331737
5.98578
5.997375
6.037026
5.449926
5.254692
4.530656
4.075188
3.509712
3.252252
2.115421
1.299892
1.548853
0.5268093
1.380083
1.623651
3.130674
3.539181
3.542978
4.733242
5.741271
6.121671
6.014529
6.280371
7.111697
7.827088
7.536203
7.030266
6.856721
7.380745
7.789085
6.450992
5.437369
5.697822
5.343289
4.971335
4.079919
2.566677
2.526927
2.23961
2.274464
1.168894
0.651603
1.096911
1.593303
2.512854
3.281837
3.965053
3.328076
3.637693
4.400114
4.617316
4.224007
4.461689
3.576594
4.959856
3.915211
3.988816
2.769177
3.27242
3.048857
2.829827
1.579124
2.466518
2.374745
2.496511
1.766796
2.835018
3.45592
3.58695
2.820484
3.575271
4.048912
4.464777
3.738603
3.590677
3.713147
4.148717
3.638575
2.675243
2.480581
2.834338
2.144359
2.479171
1.726368
2.885245
2.804043
3.448372
3.844042
4.289861
4.994699
5.857702
5.496088
6.324416
6.50925
6.599988
7.576149
7.191024
6.865068
7.358036
7.066949
6.791471
6.235746
5.814924
5.514213
5.054039
4.331065
3.267456
2.575593
2.913335
2.225218
1.433116
1.318935
1.223258
1.928075
3.271136
3.970448
4.755947
4.26021
5.043849
5.865353
6.937766
6.107219
5.730237
6.286095
6.053763
6.700053
6.283777
4.819183
5.315378
4.979997
4.381306
3.641691
3.089738
2.135184
1.687486
1.470195
0.389969
0.5541015
1.170886
1.499692
2.635705
2.755125
3.327784
3.612482
3.771162
4.587721
5.22199
4.490063
4.614874
4.744087
5.263799
5.038299
4.136193
3.697049
4.166199
4.403141
4.012211
2.658168
3.598416
4.215168
3.91306
3.949378
4.085411
4.129914
5.284846
4.575147
4.895051
5.035297
4.978157
5.097028
5.00082
4.8543
4.59485
4.035853
3.835491
3.649761
3.023887
2.299796
1.428636
0.9400442
0.4705554
0.3758874
1.609704
2.090724
2.972628
3.332495
4.441913
4.338462
5.047928
5.960436
6.809255
6.513108
6.998917
6.22083
7.757759
7.533632
7.098687
6.254666
5.910194
6.119099
6.110289
5.332656
3.816485
3.470895
3.326825
3.008038
2.675413
2.276523
1.723542
2.582469
2.933515
3.713424
4.32706
4.919156
5.493984
5.91076
6.281002
6.52929
6.678806
7.418176
7.215089
6.723675
6.879614
6.369323
6.427421
6.34191
5.33181
4.391206
4.122107
3.973712
3.176125
3.006847
1.28713
1.778715
1.520191
1.929994
0.8167602
2.345329
3.024128
3.05662
2.943056
3.200318
3.646276
4.075706
4.098802
3.612676
3.837265
3.870762
3.392612
3.865859
3.267672
2.829149
3.104322
3.135708
3.265177
3.474902
2.952653
3.538614
4.641203
4.542254
4.313501
4.883319
5.011363
5.718354
5.678667
5.559532
5.501967
5.445601
5.340507
5.017942
4.961581
4.382637
3.173376
2.976446
2.56078
3.126469
1.681914
1.61507
1.640266
1.305555
2.479984
3.676514
4.955669
4.589298
4.935701
5.764972
6.470206
7.157907
7.765424
6.973903
7.759501
7.717485
7.795187
7.502848
7.763353
6.893976
6.672015
5.836456
5.590042
5.055106
4.629008
3.406382
2.396873
2.219512
1.687994
1.853886
2.234328
2.464593
2.774205
3.31817
4.069416
4.873327
5.507631
6.39144
5.597954
6.279119
6.225115
6.996491
7.128399
6.482388
5.892537
6.180789
5.917904
6.058856
5.053489
4.363618
3.943847
3.846303
3.10657
3.403496
2.00141
2.297
2.194887
2.650308
2.318735
2.434047
2.328557
3.521287
3.259218
3.020888
2.725825
3.484735
2.545355
3.088308
2.081149
1.788234
1.808391
1.740598
1.494608
1.730252
1.610816
2.32693
3.398098
3.784778
4.199077
3.833399
5.242755
6.117661
6.265759
6.045926
5.58357
6.742856
7.383476
6.638466
6.167902
6.013758
5.756141
6.392696
5.434022
4.549952
3.734007
3.800879
2.826371
2.41008
2.100602
2.286454
2.628728
2.976617
3.506881
4.26432
4.648952
6.038783
6.688331
6.370761
7.317666
7.443953
8.299968
8.632205
8.284953
7.986542
7.984137
7.809535
7.8294
7.60579
6.462751
6.120366
5.415867
4.95251
4.753621
3.488819
2.112836
1.518852
1.323558
0.856729
1.790199
2.52916
2.427704
3.13096
3.278323
4.126373
5.016786
5.052591
5.442756
5.283895
5.698781
5.858329
5.751645
5.971982
4.970595
4.976472
4.591099
4.822306
3.655503
4.410893
3.169161
3.677373
3.592288
3.203376
3.679654
3.204866
3.240592
3.799908
3.916318
3.968897
3.362239
3.088429
3.855227
4.201466
3.174797
2.513566
1.843584
2.845766
2.08409
1.045964
0.1742269
0.8392553
0.8474172
1.02262
2.671863
3.726176
3.725201
4.184913
4.674759
6.162714
5.789898
6.576349
6.933867
7.200215
7.756654
7.572098
7.133166
7.631456
7.691675
6.721306
6.097891
6.085296
5.220165
5.718656
4.788069
3.621582
3.030698
2.438963
2.861002
2.687021
3.403578
3.605073
4.028301
4.51382
5.424269
6.594455
7.021827
7.280179
7.186155
7.687125
8.409322
8.705425
8.508779
7.841923
7.891786
8.341481
7.733934
7.057507
6.508441
5.835625
5.1024
5.240467
3.425334
3.481194
2.658137
1.496172
0.9863824
0.2525916
0.6654449
1.180747
1.817273
2.742701
2.95607
3.209124
3.580446
3.653517
4.726123
4.311614
4.240605
3.945957
4.183862
4.717535
4.391011
3.420431
3.071651
3.973761
4.104577
3.422663
3.107889
3.475353
4.31047
4.397826
3.736514
3.920624
4.86412
5.152591
4.74272
4.372977
4.750962
5.044532
4.275848
3.498001
3.455811
2.810727
3.249178
2.14622
1.266922
1.213421
1.894834
2.127906
2.550961
2.979312
3.316626
4.12219
5.368475
6.735968
6.345547
6.704093
7.183667
8.292406
8.220652
8.795175
7.948303
8.372216
8.156804
8.73691
7.662307
7.56985
6.544262
6.319264
6.051656
5.216708
4.393418
2.930505
2.764855
2.517979
2.405782
2.298654
2.786835
3.03597
3.814874
4.34596
6.050321
5.801613
6.374076
7.460455
7.45914
7.70899
7.742335
7.624262
7.822881
8.570698
7.572485
7.075891
7.170809
6.963568
6.324061
5.797368
4.740959
4.215369
4.278104
3.639587
2.584487
1.297487
1.796514
1.548397
1.172237
0.4051306
1.791977
1.870252
2.129308
1.58166
2.243373
2.888814
2.447689
2.275348
1.688061
2.411392
2.333505
1.709832
1.484024
2.865992
2.791931
2.487337
3.02765
3.7988
4.704083
4.128083
4.493934
5.348763
6.09393
5.451443
5.363551
5.337892
6.207754
6.446198
5.163372
4.665636
4.596595
4.707397
4.508386
3.222599
2.515182
1.743888
2.177336
1.608505
2.38279
2.888172
3.043819
4.231435
4.33391
6.000728
6.435629
6.87525
7.572197
8.052495
8.800686
9.569992
9.549417
9.597261
9.288052
9.871699
9.167979
9.397641
8.170559
8.845067
7.919065
7.095045
6.474924
5.424671
5.177214
4.84428
3.589841
2.125151
1.826234
1.578212
1.930785
2.417414
3.154578
3.219804
3.445309
4.362229
5.61651
5.534909
5.47201
5.453705
5.978344
6.366827
6.701265
5.969496
5.187283
5.619402
5.236929
5.341621
4.293124
3.798618
3.778078
3.254024
3.136659
1.977787
2.17791
2.322607
1.572075
1.120203
2.033364
1.481892
2.191339
1.159108
1.719291
2.361226
1.56565
0.9134199
1.364665
1.934994
1.459004
0.9692956
2.140167
3.108716
3.292761
2.815768
3.975969
5.513113
5.614879
5.601537
5.868757
6.702195
7.585981
7.76016
7.431976
7.933892
8.284816
8.411456
7.997022
7.347167
7.634381
6.774885
6.403341
6.15641
5.266804
4.450124
4.237555
2.838421
2.444301
1.947688
1.475513
1.960714
2.829746
3.611827
4.182789
4.835525
5.38034
6.437966
7.428814
8.013531
7.537816
8.084318
8.447898
9.351778
8.899147
8.521163
8.274394
8.104335
9.01715
7.413171
6.631088
6.22358
5.63769
5.664827
4.957735
3.862361
2.765121
2.807931
2.428162
1.723098
2.474376
2.209974
2.577782
3.450217
3.30089
4.057589
4.03862
4.166108
4.540134
5.20962
4.415633
4.670918
4.473105
4.709412
4.876909
4.147196
3.758743
4.102455
4.719377
3.818035
3.420449
3.558214
4.255085
4.515156
3.508421
3.171292
4.392783
5.024756
3.644342
4.008321
3.321087
4.125905
3.800708
2.740133
2.176845
2.139105
1.919895
0.7346594
0.8991198
1.352386
1.479978
1.977876
3.300873
3.592061
4.927523
4.827623
6.081137
6.787848
7.341653
7.243081
8.005369
8.505765
8.83518
9.058187
8.714149
8.728897
8.596807
8.825621
8.607463
8.082061
7.687155
6.282303
6.737494
5.818358
5.242321
4.311602
3.309096
3.591974
2.947513
4.076645
3.364817
3.320347
4.058567
4.394489
5.534048
6.200117
6.075964
6.580888
6.709521
7.309866
7.163544
7.205189
7.089862
6.960572
6.90856
5.88028
5.925377
5.213928
5.309512
4.362548
3.579404
2.687976
2.516779
1.576895
1.361804
0.5991165
1.073793
1.486666
1.345913
2.57414
3.25022
3.575361
3.766331
3.693348
4.06987
5.495303
4.949271
4.76163
4.500909
5.442277
4.989295
5.533887
4.527975
5.082991
5.60459
5.471811
5.189358
5.835823
6.285865
6.122042
5.718509
6.207155
6.590623
6.780364
6.21485
6.150767
6.027116
6.652654
5.691358
4.999764
4.8493
5.000642
4.052853
3.829823
2.625944
2.07435
1.678818
1.428803
1.411539
1.507107
2.525567
3.110766
3.459149
4.110908
5.104534
5.540952
6.35149
6.480278
6.888769
7.080558
7.911713
7.41072
7.447918
7.268911
7.435586
6.993886
6.838907
5.934832
5.996305
5.350382
4.857055
4.467638
3.494769
3.661858
3.421722
3.523245
3.125454
3.719806
4.371326
5.208535
5.559771
6.441885
5.817151
7.034488
7.09794
7.787068
7.753135
7.503945
8.021682
7.548188
8.363969
7.391561
7.227437
6.706795
6.527778
6.185854
5.405343
4.97441
4.465142
4.442809
3.70394
3.518413
2.565754
2.862089
2.859303
2.197434
2.504202
2.738294
2.648767
2.651647
2.763391
3.33841
3.337981
2.54251
2.954252
3.222294
3.429031
2.801975
3.065156
3.552923
3.60509
3.918456
3.726284
4.538329
4.6843
5.16971
4.481639
5.729312
5.777784
6.187716
5.706696
6.241241
6.380648
5.833923
6.096714
5.361743
5.312477
5.442201
4.488738
4.002877
4.119279
3.988763
3.03697
3.435977
3.042388
2.882877
3.779057
3.937799
4.645514
4.80839
5.851956
6.438592
6.881523
7.026556
7.636388
8.034767
7.674502
8.331768
7.945699
7.924438
8.269463
7.558984
7.568221
6.648401
7.227135
5.59585
5.329195
4.425145
3.516752
2.798958
2.113237
1.749575
0.5347583
0.6036316
1.838343
2.496653
2.69175
4.15187
4.354795
5.042174
5.59872
6.261652
6.506507
6.878343
7.042426
6.975838
7.54354
7.103906
7.468695
6.799564
7.11908
6.932434
6.463063
6.04321
6.114549
5.803997
5.464939
4.673746
4.566891
4.284266
4.145705
3.60961
3.38833
3.547342
3.328775
2.428737
2.824434
2.42541
2.316014
1.591956
0.7026395
0.7726601
0.8978899
0.4963182
0.6245276
1.338316
1.290314
1.974812
3.041026
3.416455
3.233346
4.333222
4.605807
5.129361
5.545864
5.330572
5.858764
6.25219
6.149343
5.490469
5.772208
5.844858
5.275563
5.086759
4.173285
3.901812
3.78303
3.323775
2.459841
1.352918
1.567834
1.574045
2.161738
3.026467
3.405848
4.419386
5.211728
5.509583
6.682089
7.10531
7.622627
8.40293
8.844491
8.762737
9.475434
9.527357
9.108469
9.592727
9.224307
8.756968
8.953756
8.552594
7.822757
7.631427
6.622835
6.165467
5.478509
5.278297
4.207869
3.053213
2.527898
1.612814
1.354022
0.2865278
0.5461737
0.8597822
1.703256
1.591416
2.712626
2.443798
3.57267
3.200689
4.093879
3.708544
4.035129
4.29448
4.014759
3.993458
3.605382
3.714274
4.243407
3.905991
3.233842
3.345346
3.505569
3.09571
3.417882
2.47236
3.15843
2.503333
2.770805
1.714263
2.756025
1.849543
1.348449
0.8198741
0.7402023
0.9300416
0.7944047
1.32647
1.77644
1.437693
2.56703
3.587332
4.351364
5.05205
4.30145
6.035579
6.354455
7.316542
7.07408
7.463908
7.955172
8.335728
8.900081
8.350227
8.992673
8.320621
8.266398
7.904694
7.356574
7.510453
6.852601
6.083416
5.349699
4.999859
4.113935
3.438144
2.603763
1.235048
0.7896793
0.2804596
1.051817
2.042203
2.792547
3.980688
3.923432
4.532871
5.332603
6.324039
6.398013
6.400285
6.77325
6.809747
7.854096
7.626967
7.290382
7.057521
6.702148
6.928099
5.934837
6.278929
5.02007
5.306212
4.302519
4.165267
3.417526
2.871797
2.449079
1.439586
1.176445
1.555256
1.077525
1.20873
1.389431
1.648052
1.919514
2.246363
3.122953
2.579233
3.416882
3.16956
3.480118
3.289178
4.809139
4.318606
4.483826
4.115877
5.074432
5.591842
5.507585
4.66448
4.893679
5.610289
5.769638
5.036227
4.933624
4.742447
5.746101
4.74933
4.344971
3.556248
3.857736
3.168399
2.616266
1.828957
1.911897
0.9718323
0.8438547
1.8485
1.88502
2.537818
2.72811
4.296094
5.231891
5.175199
5.756036
5.969683
7.329255
7.84336
7.964319
7.605758
8.034618
8.666523
8.396266
8.829385
7.959452
7.952685
8.112909
7.919254
7.518644
6.346533
6.002214
5.013601
5.354354
4.782794
3.401867
3.264593
2.404545
2.051273
1.965278
1.770328
2.265285
2.223209
3.281795
3.295506
3.541393
3.857035
4.462984
4.963601
4.691136
4.62657
4.723717
5.077967
4.807207
5.01579
3.85189
4.139494
4.413756
3.86815
3.487916
2.985258
2.44834
2.178058
2.516649
1.52826
0.8995411
0.8952023
1.735481
1.409126
1.233024
1.27491
3.105875
2.66345
2.521931
3.200982
3.59457
4.128878
4.081723
4.144126
4.940562
5.359829
5.401919
5.535398
6.165606
6.713022
6.478478
6.221019
7.63763
7.290903
7.586403
6.729882
7.284781
7.644587
8.281621
6.964844
6.146029
6.68685
6.361434
6.868444
5.266181
4.725438
4.080744
4.492363
3.714198
2.06663
2.127159
0.713726
0.6772366
0.96934
1.013182
1.813524
2.431006
2.761001
3.658966
3.59144
4.892109
4.684098
5.56645
5.454387
5.240674
5.786448
5.34748
5.795836
5.959236
5.357214
4.66863
4.515161
4.41455
4.262698
3.911284
2.69472
1.93215
1.92839
1.979292
1.854168
1.828538
1.943912
1.976857
2.833405
3.514268
4.036552
4.399701
4.445674
4.832365
5.315796
6.143801
6.116523
6.407128
6.529631
5.996873
6.997854
6.836749
6.509113
6.277552
6.445167
5.925311
6.431848
6.002386
5.762714
5.691206
5.343378
4.665862
5.045092
4.841115
4.36674
3.49473
3.615176
3.739078
3.518921
2.445393
2.010427
2.687377
2.996511
1.878931
1.489456
2.663662
3.386512
2.549975
2.872888
3.160681
4.67421
4.22
4.111039
4.53206
5.169818
5.002219
5.317148
5.896471
5.47165
6.044039
5.649036
5.110507
6.021321
5.475867
5.144149
4.199345
4.636456
4.147954
3.982674
3.411199
2.3397
2.112083
2.265815
1.988384
2.550932
2.262213
2.233842
2.848475
3.047179
4.385937
4.827321
5.248411
4.820447
5.243452
5.998852
6.089804
6.573079
6.054485
6.048753
6.639227
6.383594
6.313828
5.912408
6.105079
4.900952
5.093429
4.293381
4.193887
3.596605
2.885524
2.591158
2.453379
2.192477
1.468434
1.616155
2.071752
2.82816
2.242161
2.985047
3.289838
4.309968
4.365868
5.069807
4.304338
5.187824
5.517324
6.12927
6.117755
5.360286
6.032949
6.553184
6.879035
6.265601
5.922998
6.267353
6.271124
6.365639
4.903504
5.531697
5.149542
5.474172
4.696804
4.323529
4.226533
3.966718
3.228493
2.855726
2.749729
2.305056
1.683503
0.8433934
0.1890265
0.7727992
1.221969
1.862428
1.883501
1.915843
2.033119
2.482249
3.662568
4.000542
3.949565
3.566787
4.747661
4.782289
4.986463
4.986905
4.36697
4.86317
4.339542
4.97815
3.895641
4.124306
3.377864
3.225575
3.117466
2.524163
2.116189
0.8744682
1.194509
0.33044
1.538462
0.8997956
2.049977
2.399617
3.950224
3.512075
4.482617
4.263893
5.467083
6.415454
6.045608
6.194925
6.541945
7.174961
7.417419
7.676094
6.930359
7.185699
7.713966
7.215831
7.409139
6.582992
6.58713
5.979743
6.502102
5.710402
5.314263
4.220133
4.020469
3.965232
3.387648
2.939316
2.090679
1.881769
1.821152
1.386033
0.9465249
1.468269
1.157519
1.948501
1.991987
2.340774
2.45247
2.472302
3.314641
3.675851
3.188221
3.236899
3.630048
4.483303
4.084225
3.53356
2.859789
4.432703
4.228596
3.345331
3.044787
2.581815
3.102147
2.758289
2.023673
1.365233
1.21393
1.122738
0.2180936
0.5628293
0.5107628
0.8291261
1.567796
2.332817
2.345726
3.000523
3.214001
4.463427
4.448945
4.543417
4.631115
5.567499
6.242992
6.139476
6.226428
6.114077
6.493148
7.306829
6.915544
6.718203
6.190695
6.242929
6.507194
6.850364
5.780889
5.138292
5.190949
4.859776
4.740744
4.30087
3.150879
3.233572
2.867472
2.432385
1.934755
2.089236
1.366289
2.219222
2.162472
2.20253
2.59365
2.983608
3.787232
4.02041
4.20292
3.964314
4.831101
5.299557
5.429404
4.811561
5.027038
4.700227
5.066384
5.356823
4.860339
4.218024
4.082113
4.046327
3.732675
4.013636
2.857435
2.05447
2.222484
1.847623
1.837662
0.7866513
0.3227276
0.6238016
0.3199791
2.095732
1.973992
2.311349
2.645603
2.374631
3.768085
3.562454
4.255746
4.446265
5.041574
4.999385
4.451877
5.384593
5.155104
6.04638
4.711419
4.637822
4.951006
5.563232
5.381415
4.144817
4.244281
4.455293
4.785329
3.652712
3.264383
3.142223
3.343148
3.207093
2.419472
2.427291
2.423254
2.773848
2.768059
2.835073
2.780591
3.301476
3.770525
4.302737
4.300759
4.36657
4.443185
5.58713
5.051415
5.741636
5.327443
5.209851
5.536414
6.29519
5.970258
5.598056
5.576687
5.195115
5.845612
5.667434
4.357857
4.052331
4.290642
4.389037
3.431402
3.051103
2.058621
2.063745
1.793209
1.632668
0.855292
0.1424137
0.6746634
0.9493834
1.069823
1.495113
2.455275
3.296192
2.860136
3.245737
3.414995
3.583184
4.613116
4.280049
4.190456
4.024915
4.861378
4.116328
4.583844
4.199426
3.533715
3.668503
3.048754
3.305852
2.700445
2.172338
1.550254
2.172801
2.40154
1.222243
1.12485
2.314415
3.148394
2.329737
2.525665
2.918775
4.60932
4.261721
4.125032
4.453286
5.144814
5.333598
5.318054
5.660727
5.56414
5.823027
6.075046
5.524896
6.402065
5.905252
5.627657
5.314737
5.936807
5.536384
5.143175
4.59491
4.465883
5.042569
4.75312
4.110774
3.342705
3.182704
3.751203
3.243846
2.590333
1.683876
1.981774
1.827629
2.195318
1.099319
1.187632
1.652984
1.730882
1.827963
1.697829
2.232661
2.884445
2.806784
2.749053
3.262907
3.289369
3.735428
3.706177
3.967227
3.352195
3.656212
3.358507
4.153645
3.515647
3.140196
2.436528
2.44824
2.947442
2.216478
1.038201
0.8499203
0.7261832
0.8805912
0.7111909
0.7754094
2.160375
2.340004
2.843063
3.273862
3.349625
4.209533
5.337004
5.02108
5.070972
5.278284
5.973833
6.249691
6.554086
5.833029
5.55237
6.579184
6.370861
6.185786
5.341515
5.60298
5.280163
4.836843
4.943199
4.142572
4.229769
3.145473
3.147284
2.635051
3.650093
2.333322
2.113467
2.675596
3.087681
2.907704
2.10085
3.147708
3.643433
4.020272
2.599036
3.373078
3.72924
3.856473
3.993898
2.960954
3.573456
3.469262
4.263277
3.322319
3.679442
3.016364
3.410755
3.396976
3.384693
3.029403
2.756805
2.629122
2.644839
2.579696
2.38791
2.043892
1.425677
1.885758
1.782942
1.330925
1.058313
0.8977796
1.207446
1.344332
0.6381732
1.917026
2.117788
2.718197
2.346955
2.351498
3.519793
4.291773
4.312963
4.249589
4.382472
5.080503
5.469533
5.709792
5.426162
5.555342
5.017977
5.526075
5.569817
5.251454
4.707459
4.553617
3.92879
4.414666
3.702188
3.068197
2.5262
3.009294
2.076699
2.340928
1.872322
2.399197
2.480579
3.005007
3.281583
3.157648
3.729433
4.079785
5.217314
5.17633
4.593416
4.732977
5.636171
6.357144
5.163313
5.199474
4.296447
5.426628
5.326381
4.38327
3.806545
3.902893
4.097412
3.179404
2.89394
2.541042
2.402973
2.282022
1.367499
1.811045
1.639683
1.138159
1.57671
2.185487
1.589471
1.652544
1.474109
2.263308
2.675688
2.082357
1.857251
1.903809
2.938399
2.695078
2.478926
1.988394
2.759319
3.180767
3.212237
2.663663
3.105524
3.697256
3.721232
4.021672
3.712571
3.717188
4.375273
4.472085
3.860226
3.813217
3.813791
3.476795
3.779751
3.188495
3.106045
2.411287
2.446082
2.246211
2.802565
2.054471
1.99794
2.466098
3.128006
3.770041
3.012194
3.856006
4.277513
5.242432
4.862613
5.375455
5.021194
5.815238
6.171669
5.790197
6.183729
5.436716
5.67077
5.653344
5.601417
5.156548
3.891628
4.055445
4.033545
4.029402
2.851514
2.094018
1.784049
2.034645
1.533217
0.925308
1.300939
1.536696
1.828099
2.402019
2.39484
2.623755
2.851464
3.395944
3.421793
4.14058
2.632447
3.478513
3.952034
3.869965
3.064293
2.666621
2.961388
3.151651
2.996291
1.564705
2.029281
2.300449
2.171829
2.109489
1.637623
2.377199
2.640274
3.289844
2.552403
3.12893
3.032834
3.496981
3.465978
3.67121
2.997064
2.950503
3.405175
2.943546
3.308305
2.829089
2.634259
2.791638
3.657778
2.901697
3.259036
3.403174
3.998194
4.547179
4.477886
3.955441
4.738075
5.572095
5.318814
5.447836
4.656462
5.116775
5.799027
5.466006
5.416385
4.416688
4.531981
4.164604
4.392856
3.380007
3.101381
2.254313
2.142993
1.880131
1.677703
1.360104
0.9310573
2.254998
2.256752
2.394417
2.397536
3.681393
3.858964
3.987299
4.036984
3.786981
4.566927
4.420208
4.609559
4.378433
3.841641
3.662228
3.573515
3.923941
3.510872
2.645074
1.629935
2.030909
2.419408
1.027096
0.6054052
1.392671
1.954006
1.702034
1.529354
2.419847
3.158266
3.260143
3.31467
3.481754
3.468278
4.384166
3.707841
4.28254
3.603166
3.697809
3.173997
3.880379
3.866718
3.139589
2.567958
3.054607
3.537915
3.553034
3.145346
2.922244
3.523081
4.5144
4.172663
3.809761
3.945909
4.613614
4.602259
5.018703
4.153093
4.010262
4.647226
4.631082
4.262084
3.868491
3.015404
3.48046
3.466432
2.497284
2.160672
1.778494
1.810831
2.17091
2.266552
1.969637
2.220826
3.21923
3.692116
4.08796
3.689205
3.715511
4.579092
5.313695
5.177145
3.929981
4.577248
4.202249
5.002636
4.165149
3.494607
2.864824
3.136537
3.078182
1.895826
1.957947
0.7015069
1.062502
1.125028
1.019542
0.9531529
2.288849
2.702944
3.670449
2.943842
2.835597
4.335028
4.450101
5.049323
3.96317
4.351556
4.263095
4.68095
4.69547
4.019525
3.625055
3.382523
3.423224
3.302267
3.188819
2.538708
2.003993
2.841832
3.085882
2.776308
2.187245
3.135689
4.086083
4.128477
3.382641
3.314366
4.410931
4.654
4.685557
4.067415
3.45337
4.266803
4.235994
4.091942
3.561645
2.980132
2.81758
2.955129
2.70627
2.479233
1.933843
2.102071
2.997323
2.794305
3.004798
2.917192
3.488134
4.353359
4.723642
3.930124
4.035508
4.403094
5.065402
4.953569
4.229542
3.360172
3.429055
4.40672
3.728231
2.854032
1.827995
1.747047
1.903202
1.494683
0.6888164
1.203682
1.43811
1.918169
2.226309
2.531513
3.107783
3.537431
4.623154
4.003464
4.308213
4.594363
4.40414
5.855202
5.242222
4.533794
3.700961
5.093843
4.517546
4.251119
3.246207
2.2783
2.932256
2.917143
2.329419
1.326851
1.56133
2.174666
2.673729
2.816961
2.118802
3.363664
3.625407
4.755639
3.833419
3.930093
3.836647
5.098198
4.980022
4.419842
3.549608
4.177495
4.454589
4.287804
3.519732
3.061096
2.6714
3.500716
2.415964
2.975466
2.052857
2.294607
2.786094
3.757592
3.030616
3.115703
3.062616
4.411298
4.672832
4.272177
3.506181
3.555909
4.310754
4.583255
3.471294
2.715601
2.449728
3.099115
2.514799
2.207428
0.6328503
1.141886
1.677768
1.541122
1.209592
2.06753
2.936611
3.908273
3.284059
3.528357
4.264621
4.615061
5.045389
5.051437
5.062613
4.593389
4.81245
5.193326
5.389643
4.875879
3.656118
3.540125
3.420134
3.985924
2.809091
1.009331
1.556836
1.861793
1.617577
0.729086
1.73277
3.099366
3.37065
2.688621
3.29245
4.283529
4.648828
5.337565
4.805822
4.762228
4.513418
5.500317
5.17528
5.332346
4.580669
3.707083
4.429338
4.245881
4.096609
3.011757
2.428249
2.705644
2.656346
2.612075
1.587488
2.18575
2.378488
3.153016
2.384609
3.423501
2.267967
3.740348
4.039427
3.837954
2.951146
2.91061
3.361655
4.054876
3.423523
1.996895
1.718498
2.779839
2.460589
1.825961
0.8190268
1.925293
2.681756
2.690591
2.030308
3.336183
3.479124
4.421659
3.978081
4.502766
4.188199
4.872277
4.741256
5.214104
4.605591
4.447768
4.142877
4.054845
4.361189
3.839659
2.45038
2.240406
1.804517
2.348098
1.495027
0.4520274
1.691354
2.723929
2.550819
2.44151
2.670268
4.666547
5.309891
4.85257
4.688874
5.102648
6.294788
6.421661
5.878555
5.404235
5.42441
6.19142
5.287452
5.312241
4.654019
4.230481
3.917761
3.350048
3.397774
2.528003
1.912013
0.7847456
2.110969
1.166689
1.363041
1.219718
2.569
3.165601
2.831527
2.931954
2.770515
4.06649
4.046488
4.152058
3.621654
3.393203
3.497926
4.081214
3.963529
2.407804
2.487252
2.538517
3.112964
2.533794
1.328502
2.123611
3.0438
2.959335
2.142929
2.925893
3.058279
4.059999
3.721515
3.292457
3.675156
3.984875
3.343692
3.798755
3.915913
3.082513
2.929678
2.677992
2.650481
2.835083
1.769389
1.485676
1.891385
2.978883
2.141425
2.174571
3.099219
4.378555
4.320369
4.61843
3.857472
5.813297
6.211566
6.327304
5.821507
5.539394
5.949771
6.658918
6.394198
5.286382
4.849699
5.038863
4.591815
4.496724
3.480096
3.0622
2.400079
2.199038
1.104873
1.192589
0.7181085
1.289262
1.727883
2.755291
2.830005
2.617431
3.466579
4.489597
4.896502
4.244465
4.152057
4.719972
5.541519
5.664804
4.284923
4.197228
4.156491
4.504265
4.195364
2.865946
2.547972
1.88495
2.226529
1.672216
1.170587
0.5965203
1.451285
1.740485
1.910237
1.97743
2.61451
3.268512
3.251032
3.283465
3.201518
3.652035
3.600286
3.67799
3.635538
3.087886
3.987711
2.736996
3.496063
3.81309
3.309195
2.734942
3.451777
4.020988
4.48084
3.585762
3.542965
4.848436
5.393873
5.221385
4.470019
4.752322
5.63551
5.701189
5.511604
4.52912
4.864522
4.852171
4.953961
3.484864
3.684404
2.505938
3.012208
2.094007
1.670858
0.8981068
1.205799
1.32085
1.668252
2.807797
2.321675
3.402463
3.647854
4.478711
4.81911
5.120341
4.396069
5.175532
6.168499
5.728627
5.604381
4.615944
4.93325
5.520739
5.101683
4.060443
2.971137
3.152496
3.257429
2.080449
1.559007
0.3950838
0.2781854
0.6507887
1.033921
2.179951
2.456491
2.64699
3.497513
3.765543
4.144724
4.115077
4.912456
5.228536
4.675331
5.079154
4.335515
4.935417
5.128656
4.39411
4.436302
3.766443
4.043815
3.736213
3.941092
2.834245
3.229865
2.615771
3.777613
3.36072
2.869694
2.945468
3.885446
4.171631
3.840358
3.091211
4.026144
4.449026
4.494991
3.481369
3.552027
3.621007
4.247809
3.130376
3.187934
2.743792
3.424869
2.517383
3.230601
3.02059
3.642833
3.135969
3.953372
4.179071
5.011196
4.32375
4.57122
4.677405
5.825714
5.467666
4.874359
4.516346
5.340524
4.801051
5.468592
3.885813
3.196562
3.235979
3.647403
2.538003
1.948309
1.126149
0.1133641
0.6625011
1.378694
2.427349
2.402328
3.030415
2.960934
4.065723
4.130264
4.765098
5.243567
5.041676
5.961906
5.455269
5.395374
5.180298
5.881851
5.426741
4.358376
4.194123
4.161672
4.346811
3.643015
2.332721
1.81073
2.275403
2.120267
0.6715649
1.389249
1.870643
3.130792
2.524929
2.966022
3.429244
4.493057
4.526396
5.248339
4.808583
4.736919
5.686507
5.944509
5.895586
5.407685
5.138359
5.671278
5.51858
5.357775
4.314929
4.776965
4.64739
4.622299
4.160314
4.480703
4.114306
3.866205
4.113867
4.653963
4.057649
3.658364
3.206388
3.876488
4.196064
3.837341
2.370883
2.595655
2.984559
3.129387
2.413419
1.011333
0.8859245
1.50966
0.6986133
0.4849363
1.094611
2.428097
1.825379
2.399202
2.707291
3.281559
3.918502
4.353956
3.81966
4.216304
4.377837
4.82122
4.691697
5.192644
3.795861
4.184905
3.175349
3.909944
3.101509
2.736717
1.92517
0.6659821
1.212949
0.464761
0.5809672
1.8128
2.876804
2.972908
2.84076
3.470898
5.247607
5.85884
5.698293
5.694037
5.950055
7.154612
6.969316
7.865763
6.758544
7.105844
7.167032
7.227058
7.450434
7.18679
5.812609
5.620298
5.716497
5.803307
4.759386
4.166885
2.907447
3.568554
3.627912
2.809141
2.00258
2.426628
2.691747
2.669471
2.822087
2.318805
2.744992
3.061957
3.455782
3.516735
2.509525
2.813784
3.418786
4.053659
3.385782
2.244293
2.641196
3.742606
3.352928
2.76194
1.803218
2.892399
3.799959
2.824695
2.48051
2.299495
2.661934
3.061567
3.218488
2.288503
2.385464
1.868848
2.394354
2.235385
1.724882
0.793439
0.1237598
0.8614298
0.1672456
0.8022254
1.61076
3.039436
2.544286
3.094499
2.719098
4.769688
5.164182
6.252567
5.44374
5.637576
6.264491
7.20702
7.925786
7.209172
6.339092
7.139681
7.010959
8.137132
6.893455
6.110512
5.554894
5.879503
5.616918
4.875266
4.211839
2.985432
2.800777
2.486155
2.423517
1.248071
1.036049
2.706608
2.696049
2.9522
2.310822
4.219335
4.679233
5.950653
4.758967
4.892579
5.589599
6.223344
6.322901
6.249004
5.620011
5.451873
6.129558
5.979201
5.895513
5.375838
3.843427
4.284112
4.291135
4.367123
3.277218
1.714956
2.056129
2.437761
2.183253
1.421747
0.1432105
1.124801
1.222676
0.4236574
0.5220763
1.318381
1.618692
1.420585
1.070674
1.894998
2.554587
2.815961
2.941316
2.346355
2.681106
3.897147
4.521152
3.983309
3.862751
4.15486
4.819648
6.037796
5.404181
4.363183
4.931712
5.026256
5.686847
5.133851
4.521256
3.627456
4.059527
4.390838
4.088658
2.664828
2.136194
2.370827
2.76969
2.485475
1.513819
2.792264
3.5341
4.151866
4.167482
3.846023
4.883156
6.000462
6.841514
6.498391
6.304962
6.910121
7.618373
8.769994
7.986455
7.438426
6.974922
7.756326
8.282492
7.408736
6.951048
5.388753
6.647907
5.616718
5.765961
4.691275
3.449548
2.913981
2.603208
2.347116
2.132508
1.453512
1.120104
0.9201677
0.09439812
0.8188484
1.901112
3.205995
2.757613
2.347889
1.81024
3.167952
4.100638
3.840929
2.658147
2.581175
3.409144
3.446866
3.371809
2.22489
1.993971
2.141794
2.712345
2.180811
2.12921
1.353877
1.856022
2.573019
2.358171
1.610196
1.768322
2.191837
3.138623
2.904539
1.934243
2.676927
3.560384
3.787195
4.039431
3.511874
3.965145
4.995236
5.77986
5.539744
5.372297
5.651156
6.792912
7.467234
7.668229
6.310475
6.767442
7.618487
8.852898
7.600888
7.777951
6.715534
7.711979
8.177055
7.691879
6.63068
5.881015
5.804656
5.696841
5.361697
4.878971
2.878678
3.214014
2.364677
2.714735
1.240343
0.6710069
0.7060881
1.881359
0.9738266
1.966939
2.032564
3.317626
3.836125
4.002346
3.677042
3.432533
4.418983
5.406626
5.015635
4.332335
3.18277
4.196591
4.610229
5.039489
3.060441
2.03467
2.194448
2.712729
2.555196
1.936704
1.019804
0.6045006
1.275954
1.779995
2.720335
2.777148
3.38073
3.646031
4.007627
4.195168
4.812773
5.492487
5.651171
5.388042
5.198098
6.007864
6.656485
7.05837
6.077662
5.741496
6.541913
7.120702
6.910845
6.559559
5.468887
6.073837
6.956591
6.350816
5.830649
5.219871
5.227736
5.862492
5.580479
5.219495
3.598899
4.583149
4.652709
4.534363
3.21675
2.859782
3.016913
3.52038
3.119208
2.432631
2.898913
3.184588
3.845354
3.848833
3.977881
4.091505
4.759534
5.246302
5.105856
5.817834
4.951632
5.104404
6.05094
6.307744
5.631384
5.479366
4.906958
5.088891
5.819833
5.141239
3.967521
3.465818
3.41132
3.608172
3.995246
2.549961
2.452971
1.360179
2.636096
3.670546
3.715798
3.873731
3.197367
3.673731
4.617636
5.405315
5.46269
5.000695
5.670398
6.040064
5.741164
5.833353
5.710756
6.399166
5.14697
5.8271
4.456116
5.829421
5.48778
4.376127
3.321938
4.286466
4.126116
3.743695
2.308921
2.814307
3.803372
3.315954
3.013905
2.521735
3.920823
4.456262
4.440757
4.337185
4.461345
5.498115
5.979219
6.270256
5.733429
6.416439
6.347463
7.209698
6.681721
6.720355
6.655491
7.069734
7.552866
6.739412
7.29492
6.909006
6.974497
6.514845
6.432586
6.299558
6.179514
5.430373
4.900552
5.130555
4.981871
4.604528
3.583193
2.425791
3.439599
2.934816
2.44895
1.895794
0.783039
0.5786889
1.36559
2.409033
2.395846
2.526573
2.24314
2.908069
2.886546
4.2813
3.532941
3.317147
3.38002
4.30149
4.24984
3.954628
3.816588
3.206874
3.770859
3.166921
2.181305
2.414976
2.0793
1.956934
0.3969981
1.580991
1.506956
1.658031
1.177513
3.118661
3.778178
4.457436
2.930314
5.061032
5.979936
6.555388
6.329962
6.250954
6.95609
8.597521
8.059301
7.688363
7.71223
8.923089
8.858758
8.930061
8.332909
8.434246
8.46136
8.488579
7.607201
7.635666
7.564635
7.179101
6.509927
6.307272
5.918722
5.790382
4.978631
4.395777
3.739314
3.602369
3.430441
2.70885
1.97429
1.811395
1.598191
1.993636
1.139841
1.223557
2.036193
2.088294
1.929824
1.540504
2.835644
3.022762
3.141969
2.002726
3.006688
3.044871
3.287781
2.881047
2.206405
2.638687
2.690877
2.487999
1.884232
1.665415
1.983106
0.8733016
1.319353
0.9940282
0.240578
1.896326
1.70842
2.857089
2.683744
3.028485
3.379247
4.523995
5.52194
5.266826
5.247424
6.038725
6.876442
7.775352
7.013477
7.067985
7.410324
8.742496
8.815066
8.018857
7.428594
8.278239
8.820221
8.250766
7.700369
7.323032
7.574636
7.620717
6.788588
5.737348
6.408546
5.536721
5.011962
3.966162
4.215913
4.013152
3.617455
2.47511
3.002759
3.894004
2.947455
2.664866
3.394051
4.299891
4.196514
4.213974
3.8715
5.076089
5.737076
5.734941
5.145759
5.133739
5.927099
6.061203
6.223154
5.385758
5.194401
4.931477
5.858616
5.077869
4.589965
4.285364
3.643963
4.188925
3.797658
3.316065
2.547114
2.956465
2.881972
2.149458
2.909448
2.687818
3.252972
4.108141
3.569942
4.069723
3.894679
5.716703
5.356703
4.893603
4.938563
5.221686
6.783287
6.284367
6.102252
5.103308
6.18658
6.487558
6.56193
5.664475
4.710799
5.553293
5.67265
5.508358
4.59348
3.817031
4.761536
4.447573
4.27231
3.464386
3.499603
4.172232
4.251253
3.69193
4.245437
4.213799
4.68586
4.494484
5.31488
5.801547
5.720276
5.302926
6.753732
7.28303
7.697811
6.852062
6.963351
7.658702
8.971658
8.184698
6.746675
7.146626
8.383818
8.261196
7.816373
6.547145
6.416555
7.172035
7.136811
5.904305
5.430094
4.753218
4.843573
4.594928
4.189452
3.558259
2.574732
2.465858
2.247512
2.577668
2.298557
2.989756
2.380958
2.064718
2.736719
3.011647
3.536083
3.862718
3.813118
3.453069
3.220504
3.933288
3.877656
3.868362
3.31587
2.296121
2.771664
3.585109
3.150679
1.233636
1.291131
1.962889
2.454507
1.466926
1.065125
2.988493
3.543896
3.470242
2.984886
4.084422
5.16863
5.857442
6.18096
5.665337
6.458982
7.306393
7.901151
7.804677
8.290412
7.899926
8.201412
9.07432
8.425929
9.004725
8.24772
8.585637
8.271593
9.139807
9.152182
8.028062
7.606791
7.120776
8.260818
7.933136
6.73394
5.527279
5.764897
6.675338
6.005409
5.292768
2.828433
4.333771
3.957969
4.114525
2.317987
1.34218
1.781043
2.186453
0.938597
0.4503177
0.842985
1.382294
1.54312
1.232989
1.767317
1.580953
2.955724
2.676988
3.103997
1.929723
2.479129
2.732862
3.242643
2.764003
1.640612
1.376093
1.236988
2.193142
1.867684
1.949571
1.842411
1.402819
1.725602
2.763871
3.384091
5.285568
4.821128
4.316367
4.927134
6.50245
7.37749
7.944657
7.260822
6.896272
8.592858
9.593854
9.306765
8.612251
8.370381
8.796928
9.556382
9.63933
8.761199
7.950106
8.00369
8.054433
7.591352
7.923622
6.400461
6.286019
5.648824
6.406186
5.575567
4.961329
4.063735
3.949314
4.825751
4.429622
3.505188
3.089556
4.144704
4.657284
4.98198
4.171962
3.484703
5.408477
5.366042
5.65253
3.94477
4.250659
5.085778
6.33006
4.992589
4.344679
4.029087
4.991992
5.044529
4.920456
3.906894
3.914321
3.980971
4.248787
3.766755
3.914487
2.704153
2.623024
2.434587
3.291283
3.423218
3.280688
2.346076
2.256724
3.18807
3.915454
4.801221
3.960426
3.869199
4.283142
5.645019
6.474379
6.643279
6.143812
6.252477
6.622616
7.724835
7.947557
7.852211
6.702783
6.804266
7.345851
8.045541
7.492746
5.83252
5.579887
6.187836
6.486435
5.404298
3.810339
3.817751
3.773426
4.40932
2.951848
2.833811
3.262982
4.004339
4.730992
4.894488
5.12248
5.425753
6.813256
7.311886
7.804485
7.018508
7.548857
8.198816
9.252381
9.308672
8.356488
8.039638
8.728349
9.281403
9.194554
8.211199
7.131374
7.118447
8.010054
7.58374
6.500462
5.308009
4.787954
5.355083
5.700529
4.346291
3.060448
2.57127
2.900447
3.004952
2.470283
1.910852
0.5933539
1.317388
0.9217789
1.857204
1.831534
1.810119
1.7936
1.08169
2.119826
2.749547
3.057035
3.029205
2.350122
2.829448
3.926904
4.573812
3.532414
3.183077
3.357692
3.989633
4.330197
3.824635
3.131888
2.816142
3.615757
3.400438
3.573115
2.375422
2.487679
3.301339
4.63997
3.428681
3.751554
4.093741
6.156776
6.524189
5.736261
6.208437
7.347416
8.803026
8.87102
8.905646
8.713453
9.926002
10.57625
10.4967
10.7683
9.914269
10.51055
9.628556
10.75197
10.18274
9.862411
8.907331
8.174417
8.565873
8.194772
7.604
5.948559
5.009159
5.142849
5.16596
4.212711
2.641064
1.628628
1.598633
2.16396
0.8835123
0.4210074
1.303314
2.318652
2.118487
1.322773
2.041497
3.193861
3.009862
3.050083
2.048255
2.013043
2.600566
2.583067
2.546782
1.710491
1.832487
0.8793041
1.205919
1.279417
1.233193
2.019785
1.701225
2.04762
1.857125
2.642648
3.602628
3.608064
3.372243
3.291834
4.053203
4.950919
4.935616
5.364337
4.525618
5.623891
6.183491
6.95928
6.324694
6.896245
6.474252
8.050193
8.595758
8.39941
7.709854
8.255251
8.845782
10.1145
9.398433
8.688313
8.985332
9.828003
9.543111
8.759024
7.973502
8.170634
7.809582
7.953313
6.654871
6.519601
6.078898
5.169839
4.441409
4.351071
3.94294
2.893302
2.202024
2.969694
3.340373
3.272163
2.683108
4.001542
5.054348
5.780281
4.43353
5.270039
5.687085
6.780762
6.97027
6.084578
5.957295
6.287351
6.822164
6.33756
5.670472
5.352522
4.831511
5.699577
5.376941
4.884033
4.195138
3.929812
4.144652
4.057344
4.525167
4.257305
4.513468
5.261919
4.587133
5.25453
5.03877
5.528091
5.845806
5.59968
5.165937
5.459365
6.167168
5.982833
5.591035
4.868533
5.603093
5.750079
5.912885
5.135901
5.172086
5.6412
6.269941
5.637691
5.437701
5.7537
6.109856
7.058026
6.253115
6.355591
6.115058
6.858186
6.915296
6.432436
6.16862
5.494602
6.668109
5.768116
5.51917
5.457962
5.9494
5.722632
5.777699
5.334787
6.089076
6.772042
5.843656
6.219499
7.063773
7.708746
7.132575
7.152785
7.467524
8.49464
8.45456
7.591809
7.267962
8.252612
8.998104
7.474227
7.284398
6.286152
7.10682
6.657187
6.282874
5.133047
4.49396
5.439743
4.8013
4.358741
3.875757
3.520046
4.066943
3.73284
4.789193
4.078486
3.879062
4.719495
4.300301
4.855261
3.983442
4.068045
3.889381
4.011327
3.841747
2.569186
2.640434
2.109076
2.637656
1.04296
1.344998
1.729312
2.692021
2.215307
2.904182
4.022323
5.25374
4.999451
5.420422
6.045854
7.004301
7.282549
7.337208
7.557366
8.212482
8.935048
8.539062
8.246064
8.602822
8.316908
9.043565
8.195483
8.200162
7.850268
8.600189
7.853066
8.061132
6.980802
7.965001
7.790914
7.663137
6.891819
6.954201
7.466454
8.176805
7.067916
6.640333
6.8849
7.858491
7.001258
6.486468
5.745867
6.174445
6.129033
5.729984
3.919716
4.254298
4.283465
3.560626
2.381065
1.743227
1.424363
1.792252
1.791427
0.9917793
0.9679102
0.8760869
1.243086
2.807709
2.782089
2.01184
1.676827
1.917853
2.450055
2.894701
2.198287
1.303501
0.9970436
1.669263
1.876918
2.092613
2.77193
2.561973
2.990116
3.683024
5.27141
5.85919
5.859617
6.69613
7.190423
8.140982
9.027784
8.63942
8.908274
9.717589
10.01917
10.195
9.731814
10.18398
9.955257
10.18226
9.207784
9.013955
8.635754
9.145881
7.897806
6.465037
6.980719
6.969592
6.633585
5.877138
4.760037
5.547911
5.981133
5.682499
4.426872
5.365614
5.926567
6.534301
5.888468
5.870064
5.797642
7.062365
6.69838
6.364327
5.610801
5.87944
6.383482
5.974474
5.0403
4.328149
4.741803
4.179988
4.097354
2.868072
3.164308
3.190551
2.314656
2.336194
2.437365
3.269904
2.248786
1.770433
1.947758
3.131444
3.231466
1.789273
1.722718
2.152165
4.00111
3.525666
3.135248
2.254009
2.971551
4.459369
5.345897
5.375234
4.817191
5.267643
6.736327
7.644672
7.81981
7.688708
7.5426
8.502341
9.001445
8.798161
8.666984
8.913652
8.118983
8.687778
7.943102
8.048381
7.2613
7.636214
5.709624
5.946035
4.835726
5.065527
3.778505
3.385447
3.403781
4.032284
4.67517
3.624185
4.621512
6.16379
7.436224
6.944672
6.607244
7.584358
8.829183
9.998454
8.895638
8.565652
8.794602
10.29914
9.81176
9.447171
8.541491
8.1659
8.904971
8.48066
7.571358
6.672623
6.474278
5.630477
5.820312
4.678052
4.058966
3.409543
3.575675
3.066844
2.698669
2.638373
2.076868
1.76313
1.727443
2.043462
2.52216
1.805294
1.336888
0.8817739
2.495078
2.672717
2.823123
2.280448
1.192241
2.533564
3.518261
5.219531
3.896932
3.097077
4.126908
5.836865
5.82395
5.840702
4.545838
5.559281
5.821118
6.615147
5.050301
5.180764
4.521819
5.134956
4.354996
4.346328
3.878282
3.558504
2.842316
3.893264
3.965266
4.55224
3.952308
5.072029
5.746819
7.796818
7.137695
7.789315
8.186568
9.836406
10.48555
10.91224
9.706995
10.44205
11.18098
12.21509
11.57074
10.4849
9.889305
10.82339
11.04468
10.39262
8.543038
7.561535
8.135035
7.747835
6.675244
5.605412
3.926138
3.966557
3.629442
2.910301
1.786778
1.590058
1.46565
1.936901
2.322217
2.052536
2.617026
2.658713
3.416878
3.350787
3.59462
2.258193
3.087578
3.277158
3.288063
3.576384
2.462108
1.659976
1.775022
2.680747
3.226292
3.692633
2.558621
2.166852
2.67538
4.152672
4.803337
4.777431
2.597414
3.786589
4.427504
5.430874
4.202657
3.822897
3.395365
4.898517
4.514349
4.131024
3.925386
4.969719
4.916255
5.368942
6.140556
6.114434
6.535175
6.91203
7.620313
9.346442
9.034455
8.87723
8.761835
10.43554
10.84669
11.28331
9.490673
9.64457
10.11338
10.39333
10.58797
8.385912
8.217501
7.98738
8.374485
7.446423
6.263632
4.620806
4.639109
4.555945
4.051377
2.529937
2.112276
3.233243
3.620074
3.379558
2.975973
4.400089
5.268132
5.851278
5.790975
5.916177
6.059446
6.509843
7.030815
6.655533
7.068115
5.598486
5.895499
5.608132
5.93934
6.271177
4.86149
4.470443
3.99752
4.758826
4.770456
4.831315
4.302495
3.414196
3.999208
4.85868
5.497846
5.314536
3.978878
4.114185
4.256274
5.678508
5.320514
3.750417
3.147082
4.198915
4.631544
4.394198
3.635653
3.668718
4.528389
5.202124
5.163461
5.104421
6.191003
6.209091
6.648445
7.335396
7.920403
7.493422
8.203308
8.21751
9.082994
9.574668
8.062132
7.699388
8.225123
8.711704
8.567241
6.594849
6.276655
6.269435
7.264014
5.801102
4.95675
4.416751
5.259166
5.372108
5.509368
4.576889
5.271431
6.329939
7.077658
6.760303
6.93586
6.871873
8.052715
8.293276
8.644357
7.501838
7.841737
8.331654
8.198729
7.852939
7.343637
6.16508
6.212134
6.141024
5.839535
5.691665
5.092379
4.389719
3.463029
3.969723
3.672668
4.535415
3.896308
3.515313
3.189201
3.621065
4.288576
4.337692
3.687583
2.819303
2.793649
3.114779
3.340917
2.312722
1.463101
0.8856347
2.058239
1.896655
1.33154
2.103417
3.531995
4.776071
4.532375
4.79475
5.322716
7.106826
7.196482
7.71848
7.485366
8.058253
8.859221
8.464162
9.131465
8.951065
9.13199
8.308819
8.452481
8.449492
8.447339
7.653349
6.593132
6.929849
7.422788
6.832337
5.852946
5.471621
6.098592
7.158367
6.401317
5.654408
6.560209
7.330916
7.783703
7.668141
7.373095
7.140953
8.303326
8.076612
8.338008
7.645123
7.284
6.969858
6.92676
7.297602
5.46025
5.324207
4.281075
4.90535
3.880047
3.558719
2.409961
1.752231
1.453651
1.745593
1.146876
1.361014
1.61646
1.835939
1.953796
1.045487
2.283713
1.216335
2.453218
1.981131
1.422108
0.8858538
0.9171576
1.34328
1.586743
2.68547
2.769002
3.157679
3.148453
4.3471
5.686346
6.428801
6.39058
6.843049
7.249602
8.449664
8.973499
9.000214
8.32022
8.913474
9.651828
9.757583
9.843361
8.711263
9.063237
8.243111
8.74073
7.473823
7.117998
6.994966
6.264328
5.768298
5.680788
5.708255
5.309925
5.247094
5.098984
6.538752
6.368106
6.209484
6.348547
7.235711
8.195775
7.832167
7.388772
7.779407
8.26924
8.685759
8.030429
7.508407
7.065376
7.535412
7.152515
6.630716
5.319685
5.249655
3.899593
4.367206
3.381786
3.014258
1.721553
2.204439
1.268263
1.602395
0.6923566
1.664929
1.571367
1.946795
1.60171
1.564082
2.139176
2.595131
1.422992
2.48983
1.848246
2.491405
2.277127
2.77329
2.529508
3.681678
4.675624
4.431215
4.699076
5.169215
6.325913
7.108597
7.531817
6.904143
7.314766
7.745329
9.098561
7.733974
8.079024
7.693103
8.139494
8.216112
7.874022
6.410738
6.450007
6.306452
6.248862
5.005975
4.204414
4.068422
4.560925
4.219645
4.370007
4.265132
6.057384
5.769394
6.161197
7.230402
7.698642
8.302422
8.508939
8.501655
9.480178
9.823106
9.601049
8.912292
9.155763
10.05167
9.075902
8.779319
7.914461
8.031224
7.879487
7.17517
5.358965
5.163774
5.099145
4.497555
3.67512
2.351423
2.427691
2.472238
1.916078
2.217412
1.487365
2.565837
2.120367
2.792965
2.168298
2.526157
2.428211
3.354732
2.420023
2.630461
2.115361
2.383547
3.042597
2.814926
2.929879
2.755345
3.54314
3.825255
4.759237
4.342048
4.689937
5.351442
5.916452
5.707535
5.622769
5.616329
6.924149
6.07088
6.018075
4.805803
5.68156
5.951709
5.324569
4.01543
4.160639
4.566658
4.364139
3.917371
3.12682
5.1068
5.555658
5.385214
5.514739
6.525949
8.009546
8.081409
8.694078
8.427351
9.193622
10.30249
10.3376
9.705797
9.976229
10.35275
10.1579
10.1725
9.220493
9.187534
8.85386
8.655869
6.991592
6.658495
6.434795
6.030093
4.195894
4.050344
3.082472
3.521066
2.777924
1.562502
2.890994
3.382805
3.163344
2.813429
3.435902
4.525691
4.852823
4.451885
3.482736
4.35577
4.373344
5.072293
3.642538
3.8299
3.393563
3.612673
3.954218
3.560611
3.281528
2.888684
3.253248
3.543112
4.114962
4.248335
4.273981
4.050517
4.941863
5.244233
4.903625
4.884221
4.863851
4.694685
4.867925
4.211971
4.132887
4.533414
4.502544
3.176754
3.362569
4.366212
4.831812
4.235911
3.790764
5.673233
6.427081
6.764332
5.979151
6.959031
8.390724
9.474627
8.751444
8.162389
8.991147
10.21103
9.99013
9.556459
8.428879
9.13473
9.169448
9.249299
7.471344
7.375365
6.830931
6.805327
5.862534
5.212683
4.595572
4.425731
3.649132
3.493131
3.616048
4.534232
3.56218
4.159925
4.252903
5.954836
5.494289
5.80356
4.979578
6.749412
7.048271
6.630145
5.112337
5.408673
5.840126
6.492376
5.68242
4.560645
3.48997
4.670592
4.917799
4.242814
3.700632
2.801775
3.150954
3.467434
4.399507
3.81561
3.970496
3.513359
4.36693
3.874767
4.275725
4.154776
3.549098
3.5363
3.503175
3.000974
2.723948
2.943028
2.281252
2.418999
2.753245
3.261979
3.695978
3.918773
4.075226
5.151495
6.712691
6.522857
6.396595
6.56875
7.808551
9.395714
9.063929
7.874279
7.977305
9.764911
9.972477
9.223687
7.419158
7.970036
8.594053
8.493212
7.070164
5.98474
6.175116
6.645584
5.669068
4.92493
4.764398
5.142039
5.287889
4.777842
5.339207
5.66257
5.536566
5.957823
5.97371
7.271398
6.74455
6.952214
5.991953
7.064393
7.275861
7.261938
5.927615
5.226687
5.742682
5.572982
5.998789
3.837793
2.758454
3.181793
3.570558
3.348948
3.224231
1.323703
1.249349
1.849441
3.012067
2.861463
2.792695
1.747159
1.894897
2.78266
2.540624
2.484944
1.417978
1.558123
1.060003
0.7305687
1.021884
0.8641983
1.609149
1.840453
2.873536
3.984431
4.115913
4.660588
5.288887
6.301198
7.260379
6.968427
7.457043
7.551888
8.465397
9.615358
9.486704
8.2808
8.580622
9.067563
9.429091
9.454946
7.464746
6.743172
7.903633
7.839667
7.022041
4.897682
5.127642
5.906115
5.804662
4.798257
3.972773
5.508876
5.838942
5.19295
5.549292
5.93856
6.67865
6.843729
6.485521
6.822923
7.721828
6.902779
6.78831
6.934489
7.332322
6.962543
5.692242
5.144564
5.103472
5.22364
5.517009
3.020796
2.481482
2.674307
3.022621
2.18697
1.463179
0.6609293
0.9275947
0.6985056
0.7012532
1.469537
1.573848
1.74323
0.4706349
0.6241084
0.6851789
1.497077
1.420726
1.013209
0.7382648
0.8244627
1.117567
2.070467
3.091992
3.150977
4.017526
4.812407
5.085733
5.56582
5.860922
6.551134
7.447616
7.686664
6.954553
7.509915
7.835979
8.798051
8.412773
7.26331
7.404392
7.408517
7.727443
7.343591
5.645597
5.116643
5.577061
5.372658
5.094629
3.671005
3.863872
4.922462
5.265062
4.730727
4.390619
5.840418
7.083596
7.282267
6.44146
6.835376
8.002142
8.738653
7.953615
7.99445
8.539234
8.210624
8.776433
7.520811
7.647707
7.590626
6.990814
5.842423
5.348603
5.682466
5.136289
3.749012
2.739537
2.673013
3.115978
2.495281
1.368178
0.8316971
1.995437
1.220546
0.4408326
0.8752715
1.913524
2.113828
1.481545
0.3660268
0.723819
1.357987
1.4696
0.9883148
1.160492
1.244553
0.709771
1.847532
2.67046
3.18753
3.242779
3.633082
4.111525
4.717458
5.458669
5.184566
5.847001
5.973842
5.798878
5.981861
5.813758
6.628187
6.383958
5.522591
5.093193
5.319884
5.793479
5.11615
4.048792
3.779634
5.11502
4.822968
4.604258
4.209898
5.200863
6.210002
6.783977
6.382336
6.625459
7.840568
8.562696
8.68867
8.397417
8.31228
8.86113
9.585589
9.488409
8.629005
8.06942
8.170569
8.779163
7.79843
7.158161
6.030733
6.281215
5.390073
4.718922
3.722552
3.518946
2.96973
1.891142
1.512329
1.814236
1.504667
0.6661365
1.842938
2.536492
2.754821
2.070011
2.030208
3.212434
3.647019
3.023199
1.802643
1.993735
2.901673
2.624094
2.666653
1.84267
0.6005067
1.491767
1.985442
2.437236
2.677349
2.823273
2.896232
3.075024
4.109821
4.441002
4.27333
4.703944
4.47921
5.085405
4.813897
5.586717
4.857148
5.194453
4.977895
4.672924
4.885156
5.228053
4.588181
4.674106
4.428053
5.280077
5.317981
5.616396
4.920307
6.049951
6.916469
7.571539
6.488058
7.153128
7.596785
8.403342
8.608647
8.12911
7.306854
8.503693
7.91035
8.310168
7.188958
6.990054
6.352856
6.959632
6.222458
5.283421
4.074203
4.398453
3.82347
3.761129
2.763725
2.361953
2.901282
3.273149
2.838397
3.292113
3.6196
4.395824
4.118451
4.569049
4.971663
4.755323
4.432373
4.605572
4.783972
5.33715
4.208645
3.481706
3.584261
3.899848
4.170367
3.466404
2.217684
2.37826
2.6337
3.795496
3.57153
3.441213
2.96468
3.720254
4.607286
4.761709
5.177422
4.40291
4.583701
5.07767
4.859285
5.60131
4.560387
4.911663
4.584669
4.572122
4.670714
4.367227
3.798719
4.076087
3.944835
4.143196
4.528532
4.170178
4.54929
5.281045
5.187181
6.262038
5.627912
6.415419
6.414131
7.491094
7.362985
6.740345
6.569715
7.066747
7.04559
7.611983
6.2025
5.675223
6.012784
6.582825
5.572757
5.358106
4.618508
5.189409
4.944643
5.158944
4.177986
4.429973
5.178833
5.224782
5.126907
5.191414
4.663825
6.068404
5.829817
5.553601
5.145801
5.137689
5.37816
5.414626
4.444319
4.407516
3.814739
3.751085
3.350775
2.852731
2.995132
3.23787
2.434736
1.712058
1.843016
2.142483
2.938741
3.872243
3.142899
2.690176
3.449899
4.20963
4.895237
3.526598
3.239365
3.32685
4.023836
4.140233
3.046899
2.285356
2.556346
2.416341
2.110962
1.87599
1.324217
2.523418
2.683915
3.177946
3.415916
3.726246
4.763417
5.175141
5.972081
6.208466
6.080975
7.133969
7.322268
7.762241
7.70529
7.835477
7.764369
7.759505
7.959805
7.76623
7.265777
6.693562
7.034304
6.911287
6.983407
6.231456
4.92561
5.744661
5.766614
5.768322
4.53744
4.400537
5.090321
5.255464
5.116889
4.248369
4.279013
5.22281
5.267937
4.566416
4.383969
3.854795
4.459943
4.510577
3.443758
2.989886
2.644327
2.671217
2.476895
1.767402
0.9620021
0.7421375
0.6027411
0.2987483
0.5524551
0.7701244
0.6315492
1.908992
2.036091
1.889844
1.620703
1.464028
2.327014
2.51413
2.236313
0.5400521
1.268864
1.612136
1.410873
0.3997917
1.282053
1.941666
1.75155
1.290733
2.975961
4.403166
4.047844
4.404831
4.713495
5.610076
6.398329
7.070383
7.079174
6.981383
7.625309
8.018312
8.118599
8.668636
8.017766
7.873492
7.492944
7.76002
7.198878
7.207456
6.589058
5.97116
5.954995
5.33824
5.377581
4.547598
4.11201
3.840544
4.197409
4.306013
3.181831
3.581577
4.105479
5.239051
4.571019
4.258476
4.274532
6.01716
6.098765
5.219204
4.831809
4.972498
6.014294
5.776358
4.81024
4.094825
4.270202
4.467774
3.937558
3.547153
2.652812
2.836905
2.758927
2.294941
1.560233
1.346717
1.413526
1.251637
0.6141163
0.5968955
0.6522833
0.1018903
0.4875708
0.5218566
0.5266696
0.5615507
0.8920619
1.60629
1.251411
0.7157917
1.903082
3.498107
3.312093
2.509073
2.977494
4.39125
5.437704
5.326152
4.211634
4.974591
6.265188
6.792777
6.088015
5.539976
6.375039
6.674327
6.902017
6.190831
5.437536
5.757288
5.644588
5.027838
4.613468
4.569822
3.443402
3.747948
3.166563
3.662556
3.541589
3.414331
3.486168
4.187891
5.020123
4.858494
5.2705
5.466475
6.125737
7.20681
6.708124
6.700897
6.60609
7.815736
7.664356
7.920869
6.469584
6.534853
7.160088
7.420219
6.434761
4.94635
4.734784
5.437755
4.913567
4.546378
2.325642
2.776567
2.84619
2.226667
1.131708
0.8029833
0.363448
0.3876538
0.5869758
1.111605
1.406334
0.9496868
1.440232
1.406781
2.017766
1.181486
1.79618
1.517254
1.947276
1.715506
1.091512
1.59608
2.532704
1.966652
1.534715
1.722442
3.429909
3.346635
2.729295
2.235768
3.454956
4.495503
4.496675
2.752922
3.472721
4.238425
5.002966
3.931106
3.478557
3.998679
4.968401
4.016478
3.780992
3.561853
4.756505
4.984623
4.10373
4.956145
5.083866
5.88602
5.64011
6.130318
7.001341
6.950177
6.938105
6.725408
7.547263
8.047797
7.964346
7.184504
7.160172
7.50883
7.537307
7.545436
5.814807
5.954613
5.65805
5.570457
5.373323
3.58819
2.984427
3.086097
2.954585
2.204106
0.3931619
1.430944
1.428689
1.067153
0.8416454
2.27774
3.21971
3.450102
2.018309
3.449833
3.411537
3.8117
3.280205
2.992728
3.579671
3.495492
3.112841
2.387062
2.102837
2.825236
1.680313
0.9991758
0.2659014
0.4628797
0.5193639
1.186661
2.587712
2.11306
2.011771
2.5127
3.659455
4.411359
4.264316
3.63116
4.230889
5.15498
6.040889
5.353884
4.260746
4.901696
6.064606
5.791872
5.288218
4.022762
5.593181
5.876138
5.277235
4.639906
5.152795
6.085323
5.961796
5.267122
5.149046
5.880143
6.08754
5.598717
5.012616
5.932628
6.024587
5.084212
5.013835
4.975338
5.451619
5.181688
3.834933
3.771464
3.946111
4.24068
3.250298
2.265059
2.853243
3.36756
2.923213
2.558849
2.642528
3.550613
4.081049
3.708724
3.669578
4.231994
4.970058
5.327299
4.08164
4.455292
4.079071
5.295351
4.930109
3.811798
3.348331
3.383829
3.954436
3.099787
2.282157
1.839339
1.544592
2.191037
2.051002
2.078793
2.015486
2.187828
3.971619
3.69086
3.934083
3.959759
4.296679
5.533583
5.592524
5.22307
4.720925
5.69031
6.146959
5.70163
4.707988
4.604265
5.201965
5.182113
4.488019
2.776428
3.289016
3.825536
3.648375
2.832367
2.158388
3.366613
4.046821
3.492082
3.129536
4.502389
5.020272
4.800203
4.310606
5.053306
5.356864
6.25109
5.289437
5.11271
5.938852
6.20486
5.400068
5.358589
5.428344
5.920692
5.204461
4.831317
4.497069
5.728549
4.963663
4.133876
3.75028
4.930057
5.008272
4.491689
3.834568
3.864467
4.685692
4.785579
3.737947
3.524689
3.062042
4.1766
2.831708
2.788581
1.693211
1.973763
1.989797
1.625606
1.124147
0.6957065
0.6608964
0.8310121
1.260822
2.523163
3.105828
2.73734
3.330058
3.19
4.505571
4.311609
3.96642
4.196138
4.721795
4.609745
3.868533
3.651339
3.962898
3.885725
3.47419
1.955695
2.07478
2.194888
1.627751
0.1087244
1.410335
2.155224
1.980487
1.662864
3.246794
4.967079
4.932308
4.891867
4.715292
6.16486
7.010794
7.208388
6.796025
6.396184
7.336293
8.052525
7.470203
6.995062
6.829048
6.945252
7.224152
6.477021
5.352312
5.669076
5.35902
4.763574
3.960387
4.08552
3.554292
3.244284
2.566651
2.804893
2.991051
3.162178
1.848977
3.023795
3.814874
3.53661
2.956557
2.209808
3.374143
4.112574
3.094825
2.492564
2.123298
3.383144
2.592095
2.655742
1.265148
2.299788
2.093794
2.653135
0.9119193
2.034496
2.001724
2.470889
2.44328
1.879302
2.190693
2.540018
2.895991
2.487005
1.896266
2.128834
1.837245
1.996435
1.430609
1.006877
0.8561004
0.4687854
1.257264
1.714415
1.629294
1.977326
3.149472
3.879694
4.631644
3.858946
4.794022
5.896278
6.861912
6.683372
5.596078
6.78791
7.854359
7.819538
7.338826
5.975847
6.566132
7.221293
7.529418
5.929955
5.525928
4.705119
5.352663
4.410473
3.638915
2.516537
2.041959
2.167044
1.745142
1.694008
1.57922
2.576789
2.824895
3.533376
3.894592
4.63553
4.318087
5.370084
5.688302
6.025942
5.888765
5.112535
6.045261
6.384225
6.036002
4.73298
4.160644
4.669188
5.344936
4.796647
3.137158
2.462626
2.581247
2.920055
1.896012
0.767818
0.2344836
1.324899
1.058934
0.7078189
1.196288
1.741621
1.856004
1.919901
1.670215
1.754689
2.208702
2.651742
2.013934
1.731071
1.916003
2.550229
2.529016
2.580176
1.86508
3.274863
3.156224
3.540814
4.122318
3.445665
3.985218
4.539389
5.36524
5.361424
5.129292
4.573618
4.871031
5.797082
5.363393
3.965492
3.45977
4.449186
4.287208
3.639593
2.498894
1.737337
3.07447
2.367809
1.779551
1.648467
3.157933
3.561519
3.869297
3.883911
4.548707
5.651119
6.180342
6.123773
6.61175
6.47012
6.592692
7.39743
7.498529
7.289967
7.223968
6.42269
6.379106
6.467471
6.152623
5.13736
4.400578
3.619329
4.101644
3.316879
2.674896
1.212317
0.3943448
0.555405
0.4797549
1.535789
2.596715
3.225835
2.460342
2.406163
3.153622
4.103994
4.624102
4.185652
3.599311
3.826585
4.265224
4.174362
3.906553
3.348427
2.650746
2.541376
2.369897
2.522935
1.190881
0.8935331
1.07638
1.793362
1.436393
1.264022
2.378964
2.774211
3.342184
2.789757
3.418697
2.919553
4.335663
3.92367
3.992649
3.371262
2.953152
3.440491
3.703984
4.339444
2.225055
3.097072
3.568583
4.317513
3.834785
2.725039
4.291727
5.3521
5.660578
4.396204
5.105228
5.861226
6.802499
6.197777
6.083859
5.815789
6.251816
6.634531
6.111273
5.844948
5.458237
4.529789
4.534548
4.357303
3.802006
2.736652
1.929944
0.9453762
1.138991
0.75232
0.1552129
2.024532
2.602807
3.170551
3.321795
3.601042
4.558676
5.508605
5.672101
5.030892
4.950941
5.514797
6.449904
6.399233
5.517159
4.731038
4.49756
5.090292
4.716251
3.693263
2.528795
2.014558
1.567913
1.807228
1.479927
1.289891
1.974171
2.172848
2.145618
2.915317
3.397748
4.334622
4.831143
4.541851
4.87022
4.947753
5.948904
5.174397
5.588738
4.203335
5.054053
4.456316
4.794936
4.581139
3.573967
3.283937
2.966114
3.646785
3.714697
2.249552
2.482912
3.418808
4.351055
3.449212
3.235786
3.493517
5.356947
4.833063
4.593549
3.463929
4.707255
5.034113
4.73813
3.737812
3.483279
3.785218
3.797776
2.515214
2.658679
1.967035
2.243366
2.240891
2.874281
2.63935
2.996204
3.473193
4.327668
5.10729
5.256856
4.722657
4.842039
6.1265
5.764449
5.872438
5.451504
4.8119
5.317892
5.492768
5.191682
3.809218
3.207731
2.92932
3.046788
2.660545
2.040262
1.318961
0.7278306
1.100281
2.613654
2.952705
4.270038
4.158106
3.976696
4.419494
5.41068
6.050967
5.771029
6.201304
5.679224
6.024175
5.757908
5.730493
5.566645
4.607278
4.792809
3.394747
3.598387
3.265013
1.995664
1.552829
0.5753549
0.52037
1.390667
0.8085597
2.444287
3.211343
3.967375
3.797204
4.079185
4.313371
5.668287
6.159349
5.921
4.493967
5.861661
6.138308
6.582117
5.397102
4.475797
4.83364
5.396571
4.494608
3.681755
2.761718
4.070936
2.851848
2.910014
2.463862
3.958343
3.114161
3.801368
3.519152
4.72291
4.349576
4.017557
4.445397
4.449687
5.123848
3.964417
3.381164
3.684595
3.696928
3.72499
2.046988
1.658308
1.20795
1.81082
0.3066163
0.6220443
1.880641
2.593922
2.498402
3.03204
3.18067
4.891543
5.041591
4.598051
4.944361
5.193413
5.873959
5.789496
5.65576
4.50209
5.423402
4.881911
4.452857
3.634502
2.893498
2.796623
1.848338
1.460145
1.016325
0.6744446
1.158164
2.632036
3.246517
4.092793
3.743949
5.195551
5.174596
6.48411
6.621715
6.294166
6.499012
7.143405
7.84567
7.102853
6.652022
6.606311
5.906113
6.746267
5.935207
4.418106
3.976382
3.990093
3.642194
2.538426
1.218448
1.198532
1.639406
1.271518
1.472249
2.875566
3.333947
3.419323
3.52298
4.93816
4.886551
5.551406
4.225892
4.908154
5.568728
5.45095
4.760442
3.971008
4.804033
4.723493
3.883533
2.676042
2.700415
3.295023
2.502745
1.499891
1.979325
2.902994
2.443553
2.74488
2.505374
3.740763
4.037251
3.777167
3.646337
3.792297
4.298572
4.238421
3.752409
3.345818
3.309534
2.728594
2.649744
1.283132
0.5170465
0.3502531
0.3092386
0.8297507
1.881971
2.605914
2.671789
3.323051
3.963803
5.173302
5.639301
5.415883
5.349092
6.512665
6.786489
6.682915
6.224003
5.916684
6.405422
6.401025
5.496579
4.851179
3.899862
4.422476
3.488046
2.246355
1.576139
0.4415556
0.3192008
0.9162243
1.824004
3.282968
3.128603
3.654289
4.514272
5.420963
6.596849
6.105192
6.694705
6.541662
7.65361
8.421185
6.530373
6.887526
6.516091
7.41584
6.714366
5.46878
4.600338
4.863744
5.323961
3.507267
2.438811
1.499588
2.424507
1.190663
0.8389184
1.166989
2.787889
2.269415
2.183576
3.452236
4.253054
3.594528
3.643988
3.975862
4.649698
4.629366
3.902762
3.216763
3.765521
3.804753
2.99101
1.592
1.762559
1.802545
1.390903
0.6589507
1.125261
2.828747
2.748244
2.384647
2.988854
3.761104
4.821763
4.506688
4.205283
3.946413
4.623901
4.975811
4.473583
3.687909
3.408396
3.397251
3.214108
2.529689
1.109913
1.175161
0.5326868
0.7590789
1.281423
2.72837
2.618874
3.691678
4.181022
5.765167
5.347949
6.065446
6.057303
7.216174
7.92219
7.306221
7.375033
7.027586
8.12746
8.46273
6.759847
6.438525
5.261947
5.983288
5.327117
4.823472
2.660087
2.297569
2.198636
1.405243
1.144957
1.830583
2.331975
2.092335
2.54705
3.373591
5.440405
4.915848
5.442558
5.425315
6.261367
6.743834
6.434121
5.973842
6.13209
6.713136
5.829386
4.753781
4.988242
4.789733
4.737978
3.16431
1.803457
1.577808
2.248984
1.837447
0.8972781
1.408935
1.777144
1.405589
1.523426
3.231118
4.220872
3.697429
2.97455
3.172673
3.834835
3.833826
4.168756
2.839423
2.779697
2.345128
3.138622
1.77927
1.439587
1.303455
1.457239
2.101913
1.933696
2.703032
3.316954
3.884055
4.362204
5.090934
4.998344
5.474972
5.072819
6.056213
6.223734
6.403675
5.743305
4.994302
5.677351
5.734585
5.018129
3.27131
2.50567
2.597989
2.830305
1.919085
0.6988828
1.507552
2.113092
2.05048
2.299249
4.198357
5.143797
5.906653
5.432718
5.668803
6.758376
7.66862
7.86102
7.552499
7.105577
7.736748
7.459376
7.67037
6.736411
6.508747
5.972027
5.339191
4.588026
3.701704
3.768458
2.753876
1.57959
1.137493
0.2291817
1.31352
2.378386
2.839589
4.474087
3.107598
3.077701
4.410932
5.775751
6.236499
4.920165
4.423938
4.510696
5.872016
5.729502
3.929856
3.750825
2.906837
3.961158
2.453262
2.306074
0.9098226
0.8208675
0.5627282
1.219619
1.204168
2.12276
2.670352
3.910074
3.734651
3.853128
4.205522
4.259252
5.231888
5.015011
5.141513
4.065078
4.258301
4.478685
4.242424
3.996916
2.380905
1.938272
2.745041
3.001014
1.452198
1.913682
3.111825
4.596257
4.264479
3.919166
4.472318
6.374118
7.378646
6.262808
6.144018
6.353831
7.127132
7.586119
7.241661
6.116566
6.019794
6.134681
5.728459
5.356342
4.593952
3.427813
2.607661
2.228678
1.545651
0.791423
0.8918989
1.364533
2.903927
2.754961
2.707922
3.992408
4.253964
6.07235
5.77094
5.622788
5.101631
6.461537
7.631584
6.892523
5.958991
4.527166
5.430084
5.749534
5.647121
4.31968
2.090946
3.008969
2.385918
2.516568
