2.502605
-0.9468327
2.510992
-0.955081
2.519157
-0.9635601
2.52792
-0.9721489
2.536423
-0.9810219
2.545563
-0.990036
2.554539
-0.9993896
2.564175
-1.008893
2.573618
-1.018764
2.583797
-1.028858
2.593873
-1.039254
2.604789
-1.05016
2.615557
-1.061377
2.627211
-1.072999
2.638896
-1.08519
2.65151
-1.097832
2.664246
-1.11113
2.678074
-1.125084
2.692242
-1.139847
2.707603
-1.155441
2.723486
-1.172085
2.740908
-1.189823
2.759107
-1.209038
2.779279
-1.229719
2.800607
-1.252395
2.824558
-1.277285
2.850568
-1.304893
2.880157
-1.336051
2.913
-1.37142
2.951185
-1.412223
2.995103
-1.460296
3.047778
-1.517828
3.111191
-1.588793
3.191086
-1.678968
3.294037
-1.798553
3.434723
-1.96579
3.63776
-2.218873
3.962233
-2.649405
4.562752
-3.547665
6.053127
-6.507421
14.99977
84.32734
-10.47967
90.65643
2.1938
0.1093323
1.464756
-0.01106501
1.680417
-0.2181945
1.862249
-0.3747501
1.997095
-0.4915638
2.099167
-0.58144
2.17892
-0.6529303
2.2435
-0.7114925
2.296923
-0.7606239
2.342464
-0.8026695
2.381516
-0.839447
2.416145
-0.8719406
2.446823
-0.9011841
2.474731
-0.9277191
2.500031
-0.9521008
2.523602
-0.9746132
2.545132
-0.9956465
2.565742
-1.015481
2.584793
-1.034203
2.603217
-1.051998
2.620481
-1.069083
2.637359
-1.085449
2.653239
-1.101231
2.668944
-1.116533
2.68388
-1.131432
2.698743
-1.145937
2.712889
-1.160068
2.727081
-1.173934
2.740666
-1.187612
2.754394
-1.201028
2.767543
-1.214301
2.780903
-1.227364
2.793679
-1.240233
2.806808
-1.253155
2.819375
-1.265895
2.832277
-1.27856
2.844731
-1.291197
2.857505
-1.303733
2.869834
-1.316254
2.882526
-1.328763
2.894875
-1.341276
2.90757
-1.353765
2.919865
-1.366248
2.932562
-1.378755
2.944911
-1.391343
2.957682
-1.403924
2.970107
-1.416573
2.982966
-1.429261
2.995458
-1.441912
3.008478
-1.454889
3.02113
-1.467757
3.03427
-1.480726
3.047132
-1.493847
3.060487
-1.50702
3.073479
-1.520314
3.087035
-1.533726
3.100335
-1.547304
3.11417
-1.560965
3.127668
-1.574697
3.141724
-1.588619
3.155573
-1.602787
3.169965
-1.61704
3.184092
-1.631494
3.198829
-1.64611
3.213265
-1.660808
3.228448
-1.675974
3.243364
-1.691154
3.258901
-1.706587
3.274255
-1.722291
3.290268
-1.738181
3.306086
-1.754358
3.322595
-1.770818
3.338995
-1.787567
3.35612
-1.804487
3.373041
-1.821895
3.390735
-1.839551
3.408374
-1.85759
3.426805
-1.87596
3.44514
-1.894757
3.46434
-1.913901
3.483486
-1.933412
3.503571
-1.953637
3.523659
-1.974161
3.544679
-1.995227
3.565841
-2.016896
3.587989
-2.0391
3.610258
-2.061919
3.633631
-2.085456
3.657291
-2.109675
3.682102
-2.134678
3.707307
-2.160435
3.733751
-2.187123
3.760719
-2.214835
3.789074
-2.243491
3.818097
-2.273304
3.84871
-2.304335
3.880117
-2.336501
3.913439
-2.370503
3.947787
-2.405853
3.984245
-2.443001
4.02214
-2.482114
4.062473
-2.523319
4.104604
-2.566876
4.149701
-2.613166
4.197261
-2.662465
4.2484
-2.715073
4.302647
-2.771532
4.361446
-2.832377
4.424545
-2.898337
4.49347
-2.970042
4.568254
-3.048629
4.650881
-3.13519
4.74177
-3.231148
4.843625
-3.339004
4.957701
-3.460613
5.087698
-3.599557
5.236721
-3.76034
5.41065
-3.948882
5.615973
-4.173971
5.863923
-4.448281
6.16937
-4.791257
6.557575
-5.233961
7.067312
-5.828669
7.771637
-6.675727
8.811164
-7.98392
10.50929
-10.28104
13.79938
-15.40569
22.96468
-37.14382
191.134
53.99639
-20.74678
13.49481
-7.793672
6.945433
-3.809027
4.256458
-1.868326
2.786968
-0.7149963
1.856979
0.05121231
1.213459
0.6001911
0.739563
1.013687
0.3748074
1.338416
0.08404255
1.600388
-0.1540003
1.817991
-0.3534156
2.001458
-0.5234486
2.159801
-0.670929
2.297403
-0.8003559
2.419601
-0.915535
2.528393
-1.019283
2.627026
-1.112734
2.716306
-1.198374
2.798816
-1.277458
2.874552
-1.350698
2.945608
-1.419171
3.011515
-1.483284
3.074138
-1.543964
3.132835
-1.601344
3.189151
-1.656124
3.242383
-1.708385
3.293898
-1.758672
3.342906
-1.807039
3.390746
-1.853892
3.436511
-1.899194
3.481515
-1.94336
3.524774
-1.986262
3.567613
-2.028428
3.608907
-2.069545
3.650001
-2.110063
3.689856
-2.14985
3.729666
-2.189182
3.768369
-2.227854
3.807193
-2.2663
3.84513
-2.304293
3.883338
-2.342112
3.920717
-2.379578
3.958432
-2.417
3.995488
-2.454267
4.033013
-2.491545
4.069917
-2.528684
4.107397
-2.565967
4.144358
-2.603106
4.182032
-2.640738
4.219221
-2.678181
4.257165
-2.715986
4.294764
-2.75396
4.333177
-2.792269
4.371256
-2.830748
4.410287
-2.869744
4.449147
-2.909026
4.488937
-2.948949
4.528642
-2.988887
4.569303
-3.029607
4.610003
-3.070887
4.651873
-3.112809
4.693718
-3.15519
4.736866
-3.198465
4.78004
-3.242147
4.824771
-3.287129
4.869517
-3.33254
4.91583
-3.379125
4.962501
-3.426503
5.010749
-3.475076
5.059484
-3.524577
5.109944
-3.575468
5.161105
-3.62747
5.214238
-3.680969
5.268061
-3.735797
5.323959
-3.792322
5.38102
-3.850479
5.440388
-3.910582
5.50106
-3.972477
5.564355
-4.036651
5.62929
-4.102982
5.697321
-4.172116
5.767278
-4.243593
5.840731
-4.31839
5.916681
-4.39627
5.996662
-4.477859
6.079753
-4.563152
6.167583
-4.653063
6.25949
-4.747629
6.357056
-4.847775
6.459786
-4.953681
6.569335
-5.066549
6.685585
-5.187014
6.810615
-5.316348
6.944364
-5.455471
7.089398
-5.606257
7.246252
-5.770121
7.418296
-5.950265
7.606584
-6.148409
7.815844
-6.369147
8.048958
-6.616606
8.312363
-6.897242
8.612093
-7.218939
8.958774
-7.593361
9.364617
-8.035842
9.849577
-8.569593
10.44074
-9.228799
11.18146
-10.06814
12.14182
-11.17975
13.44523
-12.73133
15.32676
-15.06562
18.30549
-19.00771
23.78637
-27.18187
37.38496
-54.77934
132.106
262.6581
-57.87364
31.9251
-19.3929
15.03389
-9.758238
8.759908
-5.323572
5.440197
-2.728874
3.342916
-0.985836
1.856677
0.3120661
0.697958
1.370089
-0.2947655
2.331671
-1.259804
3.34494
-2.39175
4.719545
-4.2678
7.794134
-11.51234
160.4983
10.96373
-2.928085
2.346161
0.326786
0.5279465
1.535027
-0.3604374
2.231561
-0.9313803
2.715521
-1.352734
3.089229
-1.688684
3.394893
-1.970487
3.656989
-2.215258
3.886854
-2.433035
4.094323
-2.63056
4.282836
-2.81215
4.458421
-2.981449
4.621879
-3.140509
4.777066
-3.291376
4.923781
-3.435177
5.065185
-3.573704
5.200655
-3.706806
5.332428
-3.836683
5.459805
-3.962677
5.584995
-4.086262
5.706847
-4.207381
5.827522
-4.326906
5.94556
-4.444463
6.06315
-4.561357
6.178939
-4.676963
6.294785
-4.792325
6.409255
-4.906725
6.524377
-5.021613
6.638561
-5.136107
6.753788
-5.251233
6.868364
-5.366264
6.984364
-5.482413
7.100085
-5.598474
7.217722
-5.7166
7.335279
-5.834783
7.454808
-5.954786
7.574806
-6.075717
7.697096
-6.198582
7.819953
-6.322415
7.945427
-6.448661
8.071904
-6.576286
8.201258
-6.706464
8.331703
-6.838108
8.465391
-6.972842
8.600545
-7.109535
8.739204
-7.24937
8.87962
-7.391312
9.023842
-7.5369
9.170033
-7.684513
9.320544
-7.836976
9.473429
-7.991527
9.630733
-8.150551
9.790955
-8.312874
9.955936
-8.479864
10.12411
-8.650249
10.29764
-8.826008
10.47485
-9.005768
10.65789
-9.191273
10.84493
-9.380684
11.03825
-9.576813
11.23633
-9.777973
11.44135
-9.986
11.65156
-10.19952
11.86941
-10.42076
12.09307
-10.64773
12.32532
-10.88427
12.56421
-11.12699
12.81221
-11.37932
13.068
-11.63975
13.33397
-11.91047
13.60856
-12.19009
13.89447
-12.48147
14.19035
-12.78315
14.49919
-13.09782
14.81876
-13.4239
15.1528
-13.765
15.49981
-14.11941
15.86299
-14.49052
16.24097
-14.87683
16.63724
-15.28222
17.05049
-15.70508
17.48522
-16.15047
17.93971
-16.61572
18.41817
-17.10652
18.92019
-17.62162
19.45016
-18.16602
20.00774
-18.73867
20.59806
-19.346
21.22142
-19.98755
21.88362
-20.66976
22.58505
-21.39271
23.33279
-22.16503
24.12881
-22.98756
24.98084
-23.86947
25.89204
-24.813
26.87199
-25.82998
27.92569
-26.92352
29.06565
-28.11131
30.29935
-29.39603
31.64231
-30.79934
33.10699
-32.33168
34.71449
-34.01862
36.48332
-35.87755
38.44346
-37.94537
40.6245
-40.25182
43.07123
-42.84999
45.83133
-45.78991
48.97543
-49.15784
52.58728
-53.0451
56.78742
-57.59629
61.73093
-62.99004
67.64705
-69.50845
74.86163
-77.54617
83.89268
-87.78036
95.61341
-101.4341
112.0097
-122.7832
177.6104
-131.6489
154.736
-175.7957
205.8972
-243.0855
301.0793
-389.9528
560.665
-990.7881
4440.438
1770.429
-732.3791
460.9068
-333.004
261.4225
-211.5615
177.0992
-57.84992
144.962
-124.8758
112.8914
-100.3736
92.75694
-83.3293
78.0535
-70.46366
66.65182
-60.23906
57.38409
-51.76855
49.56865
-44.48224
42.7136
-37.98199
36.49081
-31.95651
30.59736
-26.13729
24.7825
-20.24746
18.73793
-13.96179
12.09598
-6.813762
4.259387
1.951375
-5.781461
13.77666
-20.15472
31.91938
-44.19816
65.92599
-96.99319
161.4377
-335.067
3758.629
488.1194
-244.7624
171.3612
-133.0959
112.766
-96.59607
87.67078
-78.1817
73.51595
-66.91487
64.30513
-59.222
57.76094
-53.57419
52.82837
-49.21895
48.94639
-45.73135
45.79287
-42.86234
43.16506
-40.44603
40.93567
-38.37897
39.01104
-36.58155
37.32981
-35.00409
35.8429
-33.60165
34.5189
-32.34765
33.32543
-31.21555
32.25262
-30.19084
31.27214
-29.25427
30.37809
-28.39806
29.55595
-27.6087
28.79938
-26.88187
28.09833
-26.20686
27.44971
-25.58168
26.84543
-24.99812
26.28341
-24.4555
25.75673
-23.94629
25.2659
-23.47125
24.80468
-23.02411
24.3731
-22.60638
23.96624
-22.2117
23.58491
-21.84193
23.2236
-21.49201
22.88712
-21.1645
22.56689
-20.85367
22.26687
-20.56252
21.98278
-20.28606
21.71601
-20.02755
21.46323
-19.78169
21.22622
-19.5519
21.00175
-19.33389
20.792
-19.13069
20.59263
-18.93741
20.40726
-18.75804
20.23217
-18.588
20.06938
-18.43133
19.91614
-18.28286
19.77435
-18.14651
19.64084
-18.01822
19.52007
-17.90209
19.40659
-17.79301
19.30408
-17.69559
19.2098
-17.60518
19.12574
-17.52641
19.0496
-17.45407
18.9836
-17.39317
18.9256
-17.33878
18.87756
-17.2965
18.83734
-17.26015
18.80772
-17.23556
18.78609
-17.21765
18.77498
-17.2123
18.7722
-17.21352
18.78014
-17.22727
18.79655
-17.24822
18.8254
-17.28284
18.8629
-17.32512
18.91293
-17.38163
18.97338
-17.44697
19.04708
-17.52794
19.13225
-17.6186
19.23184
-17.72607
19.34462
-17.84519
19.47377
-17.98349
19.61746
-18.13477
19.78023
-18.30778
19.96065
-18.49681
20.16277
-18.71144
20.38612
-18.94531
20.63499
-19.20874
20.9094
-19.49686
21.21657
-19.82152
21.5554
-20.17743
21.93415
-20.57859
22.35494
-21.02178
22.82739
-21.52391
23.35636
-22.08334
23.95446
-22.72192
24.63189
-23.44338
25.40819
-24.27827
26.3012
-25.23878
27.34397
-26.37159
28.57288
-27.71178
30.04903
-29.34271
31.85248
-31.35153
34.11516
-33.91717
37.04198
-37.29411
40.99728
-41.98704
46.64596
-48.92784
55.39883
-60.28946
70.69236
-81.90756
103.3509
-136.0729
207.3296
-397.6194
1635.408
3016.381
2061.126
-246.0988
91.44534
-47.11189
32.51653
-23.97441
22.42361
-19.6348
20.96076
-19.74241
22.00735
-21.40311
24.10424
-23.84037
26.84496
-26.87671
30.18475
-30.5447
34.2369
-35.0479
39.26639
-40.71709
45.73604
-48.1859
54.46554
-58.5476
67.02678
-74.12438
86.86372
-100.2999
123.1149
-153.8332
209.6206
-306.6949
4021.387
1277.533
-406.4707
239.3515
-167.1628
130.0181
-104.057
88.81607
-75.0163
67.23576
-58.31823
53.92342
-47.4648
44.90636
-39.8397
38.37033
-34.18437
33.4319
-29.82127
29.54887
-26.35199
26.43062
-23.526
23.85588
-21.17861
21.70837
-19.1984
19.87573
-17.50415
18.30572
-16.03862
16.93401
-14.75845
15.73716
-13.62995
14.67232
-12.62871
13.72914
-11.73393
12.87821
-10.92933
12.11702
-10.20266
11.42209
-9.542078
10.79424
-8.940179
10.21571
-8.388233
9.689814
-7.881288
9.201081
-7.413842
8.75346
-6.981256
8.334764
-6.579689
7.949707
-6.2063
7.587083
-5.857314
7.251437
-5.530995
6.933529
-5.224774
6.638658
-4.936558
6.357395
-4.664888
6.094673
-4.407954
5.842774
-4.163978
5.606677
-3.932173
5.378516
-3.71025
5.162827
-3.497868
4.952701
-3.29225
4.752287
-3.093286
4.554342
-2.898494
4.362141
-2.705996
4.168324
-2.512703
3.974762
-2.315215
3.771512
-2.106781
3.555781
-1.87791
3.309467
-1.610193
3.010999
-1.263926
2.593211
-0.7347946
1.870883
0.3682904
-0.1532856
5.984663
62.88077
-8.132647
6.684042
-4.017524
4.986249
-3.049662
4.340961
-2.578379
3.975569
-2.280009
3.723143
-2.062425
3.532015
-1.890354
3.374574
-1.746449
3.242314
-1.622329
3.124602
-1.51177
3.020731
-1.412159
2.924301
-1.320877
2.838006
-1.236487
2.755897
-1.157945
2.680609
-1.084463
2.608399
-1.015047
2.541878
-0.9498287
2.477398
-0.8875308
2.41755
-0.8286438
2.359197
-0.7721767
2.305115
-0.7185755
2.251909
-0.6671097
2.202302
-0.618053
2.153442
-0.5708091
2.108005
-0.5257921
2.063044
-0.4821119
2.02108
-0.4404268
1.979401
-0.4001684
1.940726
-0.361598
1.902159
-0.3242245
1.866135
-0.2884178
1.830175
-0.2536011
1.796764
-0.220408
1.763336
-0.187963
1.732133
-0.1570473
1.700934
-0.1265962
1.67199
-0.09761167
1.642881
-0.0693804
1.61568
-0.04227555
1.588327
-0.01583254
1.563044
0.009422183
1.537481
0.03422058
1.513726
0.05801052
1.489672
0.08124119
1.467621
0.1034364
1.445128
0.1251673
1.424268
0.1460641
1.403113
0.1665058
1.383609
0.1859547
1.363742
0.2052004
1.345458
0.2234664
1.326735
0.2416462
1.309659
0.2589205
1.292135
0.2758695
1.275927
0.2920891
1.259397
0.3080516
1.244301
0.3232091
1.228764
0.338265
1.214573
0.3526433
1.199904
0.3671826
1.186451
0.3800656
1.172772
0.3933586
1.160155
0.4060292
1.147169
0.4185457
1.135404
0.4303357
1.123189
0.4421285
1.11212
0.4531905
1.100639
0.4644213
1.090301
0.4748825
1.079509
0.4852546
1.069722
0.4951441
1.059537
0.5049245
1.050379
0.5140601
1.040816
0.5233202
1.032204
0.5320238
1.02311
0.5407261
1.015248
0.5487997
1.00682
0.556873
0.999228
0.5645093
0.9912813
0.572118
0.9842254
0.5791974
0.9767795
0.5863701
0.9701989
0.5933038
0.9631188
0.5997679
0.9570501
0.6059836
0.9505236
0.6122268
0.9447566
0.6180749
0.9385867
0.6239322
0.9332805
0.6292979
0.927537
0.6347766
0.9225718
0.6398744
0.9171699
0.6449463
0.9126375
0.6496206
0.9076852
0.6543609
0.9033633
0.6587155
0.8987203
0.6631292
0.894758
0.6670758
0.8904366
0.6711748
0.8867937
0.6747697
0.882798
0.6786833
0.8795472
0.6820797
0.8758647
0.685583
0.8727844
0.6886796
0.8693531
0.691878
0.8665867
0.6946975
0.8634686
0.6976528
0.8609552
0.7002771
0.8580441
0.7029104
0.8558645
0.7052493
0.8532724
0.7076454
0.8512001
0.7097549
0.8488178
0.7119522
0.8470192
0.7137499
0.8448811
0.7157278
0.843276
0.7172918
0.8414075
0.7191129
0.8400943
0.7205462
0.8384483
0.7220447
0.8372387
0.7232528
0.8357676
0.7245948
0.8348044
0.7255696
0.8335055
0.7267152
0.8327293
0.7276325
0.8317136
0.7284915
0.8311202
0.7291003
0.8302789
0.7298242
0.829836
0.7302978
0.8290995
0.7309184
0.8288493
0.7311305
0.8283138
0.7315587
0.8282465
0.7315801
0.8278689
0.731958
0.8280425
0.731879
0.8278751
0.7319365
0.8280662
0.7317522
0.8280408
0.7316896
0.8283988
0.7312831
0.8285288
0.7310534
0.829054
0.7306157
0.8292019
0.7302547
0.8300531
0.7295841
0.8305323
0.72904
0.8312756
0.7282498
0.8318805
0.7275883
0.8327696
0.7266124
0.8334693
0.7258374
0.8345296
0.7247383
0.8353595
0.7238982
0.8366097
0.7226862
0.83762
0.7216448
0.8389066
0.7203333
0.840008
0.7191616
0.8414557
0.7177022
0.8426949
0.7164068
0.8442577
0.7149001
0.8455974
0.7134353
0.847326
0.7117627
0.8488791
0.7102048
0.8505685
0.708442
0.8521588
0.7067894
0.8540562
0.7048345
0.8557565
0.7030888
0.8577343
0.7009872
0.8596281
0.699218
0.861773
0.6970814
0.8637412
0.695071
0.8659298
0.692873
0.8679841
0.6907732
0.8703146
0.6883945
0.8724656
0.6862059
0.8749294
0.6838036
0.8771601
0.6814976
0.879734
0.6789136
0.8821421
0.6764617
0.8847494
0.6738372
0.8872354
0.6713338
0.8899367
0.6685245
0.8925222
0.6659091
0.8953702
0.6629692
0.8980709
0.6603888
0.901025
0.657415
0.9038525
0.6545544
0.9068401
0.6515098
0.9097431
0.6485763
0.9128639
0.6454194
0.915844
0.6424101
0.9191025
0.6392842
0.9222127
0.6361364
0.9255477
0.6326553
0.9287983
0.629415
0.9321788
0.625984
0.9354987
0.6226799
0.9389654
0.6190932
0.9423673
0.6156829
0.9460046
0.6120114
0.9495064
0.6085254
0.9532475
0.604772
0.9569123
0.6011522
0.9606704
0.5972882
0.9643803
0.5935797
0.9682726
0.5896019
0.9720852
0.5857785
0.9760998
0.5817602
0.9798629
0.5778679
0.9841883
0.5736963
0.9882442
0.5696443
0.9923918
0.5653504
0.9965537
0.5612395
1.000786
0.5568659
1.005038
0.5526154
1.009458
0.5481629
1.013808
0.5438619
1.018342
0.5392753
1.022871
0.5347911
1.027408
0.5301278
1.031996
0.525583
1.036683
0.5207903
1.041381
0.5161186
1.046209
0.5112507
1.050978
0.5064536
1.055951
0.501443
1.060914
0.4965077
1.06593
0.4914247
1.070938
0.4864269
1.076066
0.4811414
1.081193
0.4760001
1.086497
0.4705991
1.091793
0.4654312
1.097208
0.4599485
1.102654
0.45454
1.108108
0.4489855
1.113632
0.443471
1.119276
0.4377402
1.124917
0.4320953
1.130714
0.4262888
1.136473
0.4204848
1.142417
0.4145105
1.148381
0.408556
1.154342
0.4024792
1.160425
0.3964453
1.166553
0.3901558
1.172762
0.3839798
1.179053
0.3775167
1.185437
0.3712749
1.191891
0.3647261
1.198461
0.3581948
1.204987
0.3515286
1.211673
0.3448675
1.218391
0.3380435
1.225215
0.331202
1.232118
0.3242776
1.239091
0.3172958
1.246236
0.310004
1.253505
0.3029597
1.260619
0.2956033
1.26798
0.2882993
1.275323
0.2807486
1.282811
0.2732388
1.290424
0.2655038
1.298142
0.2578803
1.305961
0.249976
1.313931
0.2420636
1.321797
0.2340084
1.329942
0.2259263
1.338073
0.2176193
1.346374
0.209334
1.354771
0.2008671
1.363205
0.1924003
1.371913
0.1836299
1.380732
0.1748558
1.389446
0.1658968
1.398471
0.1569566
1.407463
0.1477724
1.416681
0.1385411
1.425962
0.1290902
1.435485
0.1196831
1.445025
0.1099982
1.454832
0.1002386
1.464567
0.09030128
1.474582
0.08030415
1.484641
0.07010245
1.494937
0.05979753
1.50531
0.04932714
1.515884
0.03872132
1.526583
0.02787304
1.537563
0.0169301
1.548456
0.005813122
1.559707
-0.00541091
1.570944
-0.01689768
1.582501
-0.02847004
1.594137
-0.04033232
1.606114
-0.05217957
1.618141
-0.06436396
1.63051
-0.07671833
1.642799
-0.08925104
1.655504
-0.1019444
1.668261
-0.1148953
1.681363
-0.1280141
1.694565
-0.1413631
1.708065
-0.154933
1.721706
-0.1687813
1.735788
-0.1828156
1.749805
-0.1970749
1.764339
-0.2115669
1.778793
-0.2264175
1.793747
-0.2413979
1.808821
-0.2567158
1.824368
-0.2722225
1.839988
-0.2880888
1.856133
-0.3042302
1.872231
-0.3206406
1.888919
-0.3373375
1.905676
-0.3543601
1.922951
-0.3717074
1.940425
-0.3893406
1.95833
-0.4071364
1.976369
-0.4258504
1.995153
-0.4445975
2.013875
-0.4636903
2.033321
-0.4831213
2.052801
-0.5030404
2.072998
-0.523331
2.093408
-0.5440633
2.114451
-0.5651202
2.135726
-0.5867349
2.157758
-0.6088556
2.179839
-0.6313107
2.202795
-0.6543279
2.225862
-0.6779013
2.249762
-0.7019423
2.273958
-0.7264886
2.298905
-0.7516771
2.324308
-0.7773808
2.350608
-0.8038037
2.377002
-0.830789
2.404553
-0.8583336
2.432202
-0.8866187
2.460994
-0.915606
2.490256
-0.9450998
2.520368
-0.9757434
2.551042
-1.006941
2.582926
-1.039038
2.61508
-1.071788
2.648548
-1.105521
2.682475
-1.140064
2.717679
-1.175637
2.753529
-1.212055
2.790664
-1.24963
2.828518
-1.288097
2.867897
-1.32785
2.907751
-1.36841
2.949275
-1.410376
2.991487
-1.453438
3.035368
-1.497835
3.080185
-1.543449
3.126743
-1.59042
3.174216
-1.63878
3.223684
-1.688778
3.273915
-1.739928
3.326227
-1.79287
3.379599
-1.847196
3.435031
-1.903347
3.491699
-1.960898
3.550433
-2.020431
3.610552
-2.081373
3.672784
-2.144388
3.735972
-2.208599
3.801533
-2.274779
3.867989
-2.3422
3.936454
-2.411228
4.005705
-2.481104
4.07645
-2.551924
4.147152
-2.622863
4.218508
-2.693671
4.287981
-2.762411
4.355991
-2.828455
4.419147
-2.888673
4.475912
-2.940422
4.520913
-2.977406
4.548319
-2.991945
4.545736
-2.968273
4.495214
-2.881096
4.358155
-2.676763
4.059303
-2.238374
3.405548
-1.231555
1.758927
1.769073
-5.063097
33.74183
39.29817
-17.33258
14.59031
-11.23942
11.86934
-9.778431
11.0271
-9.292603
10.7698
-9.192621
10.78546
-9.299294
10.96706
-9.544353
11.26803
-9.897409
11.67108
-10.34844
12.16916
-10.89519
12.76717
-11.54534
13.47087
-12.30828
14.29915
-13.20578
15.27151
-14.26222
16.4218
-15.5164
17.79184
-17.01859
19.44579
-18.84558
21.4713
-21.10441
24.00669
-23.9656
27.25646
-27.69117
31.57256
-32.74413
37.56451
-39.96582
46.43838
-51.12743
60.90145
-70.6235
88.64149
-113.3191
163.2974
-281.0394
1052.85
610.5114
-236.0259
147.8908
-106.0132
84.66803
-68.33062
59.57415
-50.40381
46.12017
-39.9284
37.73078
-33.06144
32.00682
-28.2148
27.85077
-24.61412
24.70168
-21.83456
22.22945
-19.62512
20.24365
-17.82931
18.61168
-16.34091
17.2498
-15.08939
16.09529
-14.02247
15.10716
-13.10398
14.25143
-12.30576
13.50596
-11.60707
12.8489
-10.99027
12.26994
-10.44528
11.75525
-9.959167
11.29688
-9.52603
10.88641
-9.137444
10.51959
-8.790322
10.19049
-8.478643
9.896574
-8.20117
9.63266
-7.952102
9.399479
-7.733653
9.194086
-7.540833
9.015348
-7.376083
8.863022
-7.23623
8.737694
-7.125409
8.640433
-7.041903
8.573646
-6.992492
8.539127
-6.975736
8.544467
-7.004555
8.596209
-7.081493
8.70438
-7.224947
8.885434
-7.449183
9.163296
-7.789729
9.575502
-8.286684
10.18028
-9.024157
11.07566
-10.12188
12.44024
-11.83427
14.61132
-14.63216
18.30262
-19.62943
25.28159
-29.79789
40.98172
-56.06911
90.7499
-174.3321
618.7578
1036.052
-522.9308
865.4541
789.1122
-189.1286
94.47107
-57.07558
40.98679
-29.3384
24.56326
-18.75269
17.31056
-13.54869
13.44511
-10.59779
11.13376
-8.747139
9.632378
-7.511826
8.598183
-6.634274
7.848676
-5.990862
7.288779
-5.498156
6.854606
-5.114368
6.511188
-4.804081
6.231353
-4.552384
6.001387
-4.33989
5.80777
-4.162978
5.643056
-4.008475
5.49981
-3.876413
5.37586
-3.758976
5.265791
-3.656475
5.168755
-3.563351
5.080631
-3.48108
5.002005
-3.404589
4.92984
-3.336779
4.864076
-3.272451
4.802352
-3.214183
4.746017
-3.158839
4.692658
-3.107957
4.643054
-3.05868
4.59516
-3.013015
4.550132
-2.967733
4.506352
-2.925334
4.463945
-2.882444
4.421413
-2.840995
4.379725
-2.79847
4.337156
-2.756078
4.293993
-2.711365
4.248343
-2.665252
4.200503
-2.614692
4.148178
-2.560548
4.090627
-2.498762
4.024723
-2.428697
3.94887
-2.345493
3.857905
-2.245521
3.746343
-2.119611
3.60382
-1.95734
3.415771
-1.736364
3.153811
-1.420615
2.765069
-0.931103
2.13232
-0.08478075
0.9462917
1.682961
-1.935633
7.11365
-15.47306
93.52411
89.0834
101.2034
0.4805815
-3.616278
6.13544
-4.801261
6.38166
-4.775589
6.27122
-4.645221
6.143521
-4.5274
6.038267
-4.435911
5.959626
-4.368231
5.901986
-4.320436
5.862937
-4.288308
5.837709
-4.269886
5.825099
-4.262165
5.821821
-4.263997
5.82812
-4.274072
5.841806
-4.291544
5.86301
-4.315695
5.890106
-4.346419
5.924066
-4.382844
5.963304
-4.425312
6.008722
-4.47316
6.05906
-4.52656
6.115542
-4.585639
6.177191
-4.650262
6.24489
-4.720635
6.317934
-4.796882
6.39752
-4.879166
6.482736
-4.967813
6.574967
-5.063326
6.673417
-5.165626
6.779507
-5.275247
6.892879
-5.392589
7.014721
-5.518488
7.144639
-5.653255
7.284432
-5.797731
7.43374
-5.952466
7.594218
-6.118535
7.765843
-6.296452
7.950642
-6.488039
8.148983
-6.69374
8.362871
-6.915736
8.59306
-7.155007
8.842249
-7.414021
9.1115
-7.694194
9.403979
-7.999421
9.721514
-8.330989
10.06818
-8.69348
10.44735
-9.090065
10.86359
-9.527046
11.32197
-10.00891
11.82973
-10.5442
12.3941
-11.14028
13.02549
-11.80981
13.73556
-12.56462
14.54064
-13.42469
15.46036
-14.41056
16.52174
-15.55583
17.75951
-16.89873
19.22346
-18.5006
20.98253
-20.44136
23.13905
-22.8522
25.84945
-25.92542
29.36878
-29.99915
34.14248
-35.67699
41.02578
-44.21288
51.91357
-58.63118
72.01507
-88.80219
122.9121
-195.7574
547.2898
611.6166
-184.0102
149.9404
-72.36966
53.67744
-39.09057
31.26566
-22.38378
17.83157
-10.84539
7.288527
-0.6001281
-3.318386
11.14091
-17.2975
29.23501
-43.27784
72.46394
-136.908
542.8978
366.6857
-147.9846
98.04453
-73.22472
61.42635
-51.14155
46.52011
-40.33798
38.29466
-33.83978
33.0169
-29.46288
29.32479
-26.30129
26.5852
-23.90706
24.47719
-22.03603
22.80652
-20.54009
21.46342
-19.32801
20.36676
-18.33733
19.47253
-17.52892
18.74232
-16.87411
18.15927
-16.35682
17.70555
-15.96639
17.37862
-15.70315
17.17897
-15.57179
17.12239
-15.59288
17.22923
-15.80001
17.55309
-16.26063
18.17974
-17.09724
19.2882
-18.56723
21.26064
-21.27691
25.12115
-27.09223
34.71397
-45.73635
88.1321
686.5895
-53.41693
24.82078
-12.61622
8.76568
-3.948772
3.343246
-0.2477528
0.6667774
1.770332
-0.9038426
3.023457
-1.924187
3.868051
-2.634174
4.472706
-3.155616
4.927501
-3.556254
5.284909
-3.877881
5.577529
-4.147991
5.830127
-4.386716
6.058684
-4.609493
6.279459
-4.831175
6.505868
-5.067309
6.756075
-5.33749
7.053615
-5.671588
7.437396
-6.121772
7.978975
-6.794013
8.842972
-7.953583
10.49534
-10.5202
15.08144
-21.41817
101.5562
23.73708
-6.625282
3.831682
-0.2225158
0.5901948
1.750792
-0.7414753
2.710464
-1.466927
3.279267
-1.924793
3.655157
-2.239475
3.923127
-2.470149
4.123301
-2.646042
4.27954
-2.785766
4.404791
-2.898889
4.50835
-2.993549
4.594748
-3.073557
4.669648
-3.143334
4.734474
-3.204181
4.792184
-3.258969
4.843716
-3.308045
4.891015
-3.353443
4.934367
-3.395042
4.975117
-3.434519
5.013033
-3.471544
5.04964
-3.507428
5.084373
-3.541584
5.118443
-3.575184
5.15134
-3.607768
5.183963
-3.640343
5.216069
-3.672157
5.248219
-3.704276
5.279864
-3.73612
5.312295
-3.768577
5.344556
-3.80093
5.37733
-3.834146
5.410355
-3.867373
5.444256
-3.901668
5.47863
-3.936139
5.513911
-3.971798
5.549566
-4.007955
5.586555
-4.045442
5.624146
-4.083497
5.66306
-4.122914
5.702658
-4.163154
5.743741
-4.204954
5.785866
-4.247464
5.829418
-4.291717
5.87389
-4.336954
5.920292
-4.384067
5.967815
-4.432286
6.017001
-4.482458
6.067677
-4.533828
6.120224
-4.587357
6.174385
-4.642164
6.230538
-4.699289
6.28828
-4.758034
6.348372
-4.819306
6.410318
-4.882279
6.474691
-4.947794
6.541179
-5.015458
6.610261
-5.085997
6.681871
-5.158566
6.756094
-5.234327
6.832889
-5.312569
6.913067
-5.39436
6.996174
-5.478991
7.082596
-5.567398
7.172522
-5.658978
7.266327
-5.754958
7.364103
-5.854442
7.466132
-5.958864
7.57263
-6.067803
7.684389
-6.182389
7.801531
-6.302394
7.92488
-6.429178
8.055021
-6.563043
8.193186
-6.705963
8.340975
-6.858749
8.500166
-7.025343
8.67485
-7.209886
8.87194
-7.422854
9.105289
-7.684321
9.408148
-8.052006
9.885206
-8.736248
11.03457
-11.26036
21.23631
53.35896
47.06231
-11.90944
11.13744
-9.012609
10.41504
-8.840391
10.44853
-8.97006
10.63113
-9.185154
10.86843
-9.439681
11.13764
-9.721846
11.43127
-10.02646
11.74768
-10.35448
12.08712
-10.70609
12.45165
-11.084
12.84293
-11.48952
13.26385
-11.92673
13.71774
-12.3983
14.20864
-12.90973
14.74126
-13.46424
15.32024
-14.06942
15.95286
-14.73145
16.64678
-15.45967
17.41128
-16.26326
18.25753
-17.15569
19.19963
-18.15167
20.25484
-19.27184
21.44522
-20.53817
22.79675
-21.98428
24.3469
-23.65
26.14209
-25.59089
28.24594
-27.87911
30.74483
-30.61978
33.76353
-33.96063
37.48261
-38.12703
42.18101
-43.46452
48.3028
-50.56017
56.62598
-60.46244
68.61365
-75.28807
87.44546
-100.0617
121.6512
-150.7695
206.1548
-329.5075
1148.524
318.9
200.6672
1221.433
-318.6044
199.3217
-145.925
117.8388
-96.8496
84.60832
-72.7061
66.20789
-58.18709
54.44583
-48.45699
46.25688
-41.46684
40.22051
-36.19936
35.58068
-32.08164
31.90273
-28.77658
28.91547
-26.06261
26.44017
-23.79557
24.3554
-21.87182
22.57556
-20.22055
21.03852
-18.7864
19.69844
-17.53104
18.51851
-16.42062
17.47299
-15.43451
16.54072
-14.5516
15.7043
-13.75802
14.94999
-13.04029
14.2669
-12.3898
13.64631
-11.7973
13.08101
-11.25732
12.56394
-10.76245
12.09106
-10.31064
11.65867
-9.896717
11.26337
-9.519345
10.903
-9.175686
10.57648
-8.866232
10.28374
-8.590717
10.02666
-8.352678
9.808146
-8.156011
9.636602
-8.013384
9.527389
-7.944719
9.510723
-7.99602
9.655345
-8.277242
10.15111
-9.144025
11.75903
-12.65833
24.37339
28.8001
-1.527315
-0.4901085
3.421887
-2.557685
4.517745
-3.203579
4.918789
-3.457184
5.076529
-3.549294
5.122518
-3.561929
5.109914
-3.529919
5.063314
-3.472016
4.995966
-3.396993
4.91536
-3.312269
4.826807
-3.220407
4.732711
-3.124601
4.635248
-3.025751
4.53553
-2.925608
4.434776
-2.824289
4.333492
-2.723034
4.231785
-2.621048
4.13007
-2.51992
4.029076
-2.418732
3.928268
-2.31839
3.828011
-2.218079
3.728226
-2.11853
3.629211
-2.019791
3.53038
-1.92149
3.431946
-1.822906
3.333622
-1.725282
3.236179
-1.62756
3.138712
-1.530296
3.041338
-1.43284
2.943918
-1.335604
2.84655
-1.23796
2.749053
-1.140465
2.651011
-1.041934
2.552386
-0.9435139
2.453602
-0.8439217
2.353897
-0.7439799
2.253266
-0.6427245
2.151622
-0.5406494
2.04878
-0.4370568
1.94472
-0.3323436
1.838822
-0.2253165
1.731078
-0.1170816
1.621712
-0.006284714
1.509968
0.1064873
1.395714
0.2224121
1.278915
0.340538
1.158699
0.4622746
1.03553
0.5872002
0.9083462
0.7165585
0.7770386
0.8496799
0.641571
0.9878511
0.5010452
1.130946
0.3549423
1.280117
0.2028666
1.435285
0.04403973
1.597762
-0.1218843
1.767639
-0.2963457
1.946763
-0.4799337
2.13481
-0.6733246
2.333961
-0.8779907
2.544735
-1.095522
2.769117
-1.327038
3.008259
-1.574658
3.264633
-1.83989
3.539803
-2.126159
3.837484
-2.435741
4.159594
-2.771851
4.510885
-3.138809
4.895236
-3.542253
5.318869
-3.987478
5.787928
-4.482992
6.311566
-5.037104
6.900097
-5.663871
7.568358
-6.377853
8.332975
-7.199934
9.219547
-8.158347
10.26014
-9.293241
11.50198
-10.65846
13.01182
-12.33862
14.89253
-14.45945
17.30716
-17.23705
20.53829
-21.04965
25.11657
-26.67013
32.21037
-35.96576
45.06104
-55.22959
78.23299
-132.2868
897.123
126.333
-34.32683
-0.9544845
37.5108
-104.8603
827.7098
221.5482
-107.7922
75.80701
-57.69382
49.23363
-40.88508
37.50984
-32.17879
30.75531
-26.76874
26.31491
-23.05119
23.1514
-20.32493
20.77617
-18.23455
18.92118
-16.57639
17.42965
-15.2275
16.20245
-14.10701
15.17532
-13.1609
14.30069
-12.35056
13.54788
-11.64837
12.89112
-11.03361
12.31453
-10.491
11.80284
-10.00779
11.34597
-9.575012
10.93494
-9.18474
10.56406
-8.83121
10.22637
-8.508988
9.918798
-8.214343
9.636091
-7.943604
9.376616
-7.694076
9.136518
-7.463129
8.914209
-7.248834
8.707204
-7.049352
8.514875
-6.863204
8.334645
-6.689056
8.166323
-6.525768
8.007718
-6.372211
7.859063
-6.227689
7.718526
-6.091227
7.58601
-5.962282
7.460297
-5.840092
7.341579
-5.724287
7.228378
-5.614089
7.121243
-5.509364
7.018692
-5.409428
6.921353
-5.314065
6.827969
-5.222893
6.738893
-5.13561
6.653168
-5.051891
6.57141
-4.971523
6.492405
-4.894184
6.416798
-4.819776
6.343434
-4.747915
6.273024
-4.67845
6.204545
-4.611191
6.138415
-4.545939
6.073884
-4.48239
6.011357
-4.420496
5.949896
-4.359826
5.890093
-4.30037
5.830843
-4.241697
5.772738
-4.183648
5.71466
-4.125774
5.65696
-4.067881
5.598549
-4.009308
5.539673
-3.949463
5.479095
-3.887936
5.41638
-3.823638
5.349863
-3.754995
5.278708
-3.680533
5.20019
-3.597247
5.11143
-3.501601
5.006939
-3.386455
4.878665
-3.240996
4.710504
-3.043093
4.472224
-2.74685
4.089563
-2.228159
3.337865
-1.020897
1.024654
5.663402
66.60129
-11.13444
9.277061
-6.474157
7.387619
-5.429497
6.71833
-4.961296
6.370567
-4.691025
6.153839
-4.51313
6.004478
-4.385311
5.893799
-4.288643
5.808266
-4.212043
5.739301
-4.149804
5.682796
-4.098002
5.635118
-4.054238
5.594824
-4.016748
5.559893
-3.984421
5.529914
-3.956315
5.503541
-3.931882
5.480869
-3.910576
5.460839
-3.892051
5.443756
-3.87601
5.428756
-3.862269
5.416275
-3.850662
5.405473
-3.840965
5.396862
-3.83308
5.389738
-3.827087
5.384669
-3.822718
5.381054
-3.820003
5.379283
-3.818959
5.378818
-3.819422
5.380302
-3.821515
5.383073
-3.825159
5.38766
-3.830431
5.393497
-3.837261
5.401295
-3.845762
5.410455
-3.855847
5.421548
-3.867671
5.434066
-3.881194
5.448663
-3.896539
5.464779
-3.913662
5.483013
-3.932742
5.502883
-3.953794
5.525153
-3.976994
5.549306
-4.002267
5.575854
-4.029992
5.604497
-4.059922
5.635931
-4.092554
5.669742
-4.127738
5.706547
-4.165951
5.745987
-4.207083
5.788939
-4.251632
5.835021
-4.299517
5.884942
-4.351274
5.93856
-4.407009
5.996621
-4.467249
6.058992
-4.532062
6.126526
-4.602187
6.199135
-4.677884
6.278018
-4.759843
6.363235
-4.848444
6.455635
-4.944758
6.555678
-5.049095
6.664822
-5.162927
6.783486
-5.286787
6.913265
-5.422648
7.054929
-5.571218
7.211023
-5.734901
7.382748
-5.915268
7.57274
-6.115404
7.783468
-6.337792
8.018784
-6.586806
8.282441
-6.866369
8.579931
-7.183272
8.917208
-7.543897
9.30381
-7.958631
9.749751
-8.439137
10.2696
-9.003157
10.88278
-9.672411
11.61675
-10.48042
12.50987
-11.47246
13.61945
-12.72128
15.033
-14.33648
16.8967
-16.50897
19.46095
-19.5809
23.20989
-24.25831
29.20746
-32.23031
40.33329
-48.87004
68.05092
-105.039
257.8082
550.7478
-129.3977
73.73977
-49.4826
38.86406
-29.70904
26.07897
-20.75061
19.44881
-15.64194
15.39079
-12.34136
12.65394
-10.03456
10.68247
-8.33143
9.197293
-7.022794
8.036457
-5.987092
7.106106
-5.146799
6.34288
-4.451149
5.706736
-3.866512
5.16742
-3.368077
4.705512
-2.938498
4.30464
-2.564178
3.954736
-2.235133
3.645377
-1.944297
3.371031
-1.685127
3.125381
-1.452362
2.904819
-1.242771
2.705135
-1.052564
2.524068
-0.8797657
2.358571
-0.7215571
2.207574
-0.5763892
2.068277
-0.4429657
1.940142
-0.3198447
1.821411
-0.2055036
1.711578
-0.09949496
1.609061
-0.0004723966
1.513625
0.0915411
1.424238
0.1779801
1.340921
0.2590165
1.2623
0.3350643
1.188578
0.4065827
1.118909
0.4742599
1.053308
0.5380475
0.9910713
0.5986413
0.9322575
0.6558807
0.8762241
0.7104735
0.8233078
0.7623669
0.7725989
0.811733
0.7244677
0.858695
0.6783268
0.9038355
0.6343942
0.9468421
0.5921529
0.9882264
0.5517479
1.027704
0.5128286
1.065868
0.475727
1.10249
0.4396435
1.13777
0.4050828
1.171654
0.3715996
1.204594
0.3393735
1.236253
0.3080702
1.267075
0.2778668
1.296786
0.2484018
1.325803
0.2200645
1.353922
0.1922527
1.381274
0.165291
1.407796
0.138931
1.433907
0.1133324
1.459225
0.08815759
1.484114
0.06359035
1.50837
0.03943586
1.532303
0.01595044
1.555736
-0.007369518
1.57877
-0.03018612
1.601377
-0.05272883
1.623806
-0.07492632
1.645757
-0.09687066
1.667672
-0.1185706
1.689197
-0.1401233
1.710716
-0.1613451
1.731982
-0.1826422
1.753152
-0.2037222
1.774093
-0.2247736
1.7952
-0.24572
1.816101
-0.2667339
1.837193
-0.2877545
1.858166
-0.3088794
1.879309
-0.3298721
1.900532
-0.3512261
1.921904
-0.3726788
1.943367
-0.3943367
1.965163
-0.416153
1.987067
-0.4383051
2.009419
-0.4607574
2.031964
-0.4835787
2.055024
-0.5066501
2.078407
-0.5303189
2.102245
-0.5544198
2.12653
-0.5790482
2.151513
-0.6042557
2.177048
-0.6301231
2.20347
-0.6568146
2.230264
-0.6842083
2.258078
-0.7122816
2.286875
-0.7415473
2.316423
-0.7717454
2.347126
-0.8030388
2.379029
-0.835521
2.412081
-0.8693241
2.446712
-0.9046218
2.482685
-0.941457
2.520392
-0.9799105
2.559907
-1.020416
2.601344
-1.062945
2.644901
-1.107715
2.690961
-1.154994
2.739597
-1.205067
2.791163
-1.258194
2.845836
-1.314671
2.904171
-1.374765
2.966459
-1.439271
3.033104
-1.508368
3.104756
-1.582686
3.181904
-1.662908
3.265347
-1.749772
3.35588
-1.84431
3.45456
-1.947427
3.562513
-2.060438
3.681232
-2.185085
3.812185
-2.323175
3.95775
-2.476816
4.120322
-2.64911
4.303225
-2.843597
4.510369
-3.064919
4.747212
-3.318846
5.020324
-3.61331
5.338999
-3.959003
5.715169
-4.370391
6.16667
-4.867738
6.717433
-5.481369
7.405157
-6.257067
8.286876
-7.268668
9.458778
-8.64183
11.09014
-10.61211
13.51746
-13.6754
17.50498
-19.085
25.26897
-31.19652
46.95325
-82.64198
442.0882
134.0179
-56.94131
37.55848
-26.17517
22.03399
-16.75146
15.69105
-12.18661
12.24646
-9.49448
10.08564
-7.722143
8.605208
-6.467538
7.529205
-5.53506
6.713181
-4.815039
6.074092
-4.244259
5.560997
-3.78083
5.140996
-3.39871
4.791723
-3.078353
4.497424
-2.807423
4.246904
-2.575284
4.031777
-2.375666
3.84588
-2.202138
3.684172
-2.051341
3.543052
-1.919184
3.419566
-1.80372
3.311247
-1.702088
3.216184
-1.613197
3.132878
-1.535273
3.060122
-1.467578
2.996942
-1.408507
2.942228
-1.358049
2.895528
-1.314909
2.856171
-1.279163
2.823785
-1.249978
2.797856
-1.227436
2.778328
-1.210782
2.764778
-1.200398
2.757281
-1.19567
2.755582
-1.197077
2.759861
-1.204147
2.770035
-1.2174
2.786265
-1.236619
2.808611
-1.262227
2.837479
-1.294496
2.873129
-1.333868
2.916119
-1.38034
2.966538
-1.434952
3.025327
-1.497935
3.092968
-1.570434
3.170434
-1.65304
3.258484
-1.747117
3.358692
-1.853546
3.471978
-1.97433
3.60056
-2.110924
3.745923
-2.265939
3.911068
-2.441749
4.098596
-2.642021
4.312538
-2.870649
4.557205
-3.132822
4.838706
-3.435523
5.164422
-3.78709
5.544307
-4.198076
5.990402
-4.683825
6.520658
-5.264031
7.158085
-5.967155
7.936759
-6.833347
8.905367
-7.923331
10.13997
-9.331698
11.76104
-11.21698
13.97937
-13.86317
17.19073
-17.84371
22.25728
-24.52076
31.49354
-38.24721
54.48481
-87.69494
364.3304
66.21539
67.19469
365.2112
-92.47388
58.99207
-42.64179
35.83144
-28.8283
26.54673
-22.12431
21.46623
-18.13702
18.25359
-15.4941
16.04224
-13.61836
14.43259
-12.2236
13.21387
-11.151
12.26411
-10.30541
11.50778
-9.626132
10.89552
-9.072563
10.39371
-8.616506
9.978732
-8.238227
9.63348
-7.923061
9.345218
-7.659515
9.104786
-7.440197
8.904647
-7.257723
8.738891
-7.107706
8.603366
-6.985801
8.494436
-6.889085
8.409468
-6.815071
8.346018
-6.762123
8.302666
-6.728093
8.277887
-6.712347
8.270803
-6.713634
8.280558
-6.731754
8.306759
-6.765882
8.348995
-6.816177
8.407493
-6.88254
8.481979
-6.965695
8.573306
-7.065127
8.681598
-7.182606
8.807995
-7.317998
8.953043
-7.473289
9.118505
-7.649095
9.30551
-7.847779
9.516396
-8.070997
9.75281
-8.322081
10.01844
-8.602861
10.31583
-8.918125
10.64974
-9.271523
11.02444
-9.66952
11.44684
-10.11774
11.92362
-10.62549
12.46511
-11.20277
13.08181
-11.86395
13.79076
-12.62444
14.60948
-13.50862
15.56551
-14.54448
16.69217
-15.77473
18.03904
-17.25409
19.67237
-19.06641
21.69372
-21.33257
24.25264
-24.24704
27.59783
-28.12415
32.14725
-33.53886
38.69834
-41.62677
48.94746
-55.05975
67.36368
-82.01167
111.1583
-169.0351
437.2298
229.8108
327.967
330.7865
-149.7698
101.8514
-75.95213
62.79017
-51.29681
45.67591
-38.67693
35.96902
-30.96799
29.69241
-25.75798
25.29874
-22.00132
22.04801
-19.16133
19.5481
-16.94215
17.56342
-15.15804
15.95223
-13.69492
14.61666
-12.47169
13.49353
-11.43621
12.53468
-10.54686
11.70812
-9.776386
10.98722
-9.100975
10.35459
-8.50651
9.793621
-7.97691
9.29397
-7.50417
8.845367
-7.078302
8.441422
-6.694036
8.074797
-6.34446
7.74155
-6.02621
7.436646
-5.734076
7.157598
-5.466516
6.900124
-5.219188
6.662818
-4.990969
6.442708
-4.778736
6.238666
-4.582057
6.048279
-4.398231
5.870989
-4.226886
5.704791
-4.065807
5.549388
-3.915526
5.403119
-3.773418
5.265694
-3.639868
5.135714
-3.513626
5.013245
-3.394592
4.897043
-3.281386
4.787104
-3.174422
4.682486
-3.072239
4.583256
-2.975467
4.488396
-2.882752
4.398057
-2.79452
4.3115
-2.709725
4.228744
-2.628726
4.149153
-2.550728
4.072847
-2.47594
3.999214
-2.403465
3.92833
-2.33406
3.859715
-2.266319
3.793225
-2.200964
3.728669
-2.137138
3.665884
-2.075183
3.604519
-2.014431
3.544549
-1.955159
3.485605
-1.896562
3.427677
-1.839122
3.370329
-1.781952
3.313519
-1.725327
3.256868
-1.668635
3.200146
-1.61182
3.143069
-1.554522
3.08543
-1.496434
3.026725
-1.436899
2.966587
-1.376119
2.904596
-1.312838
2.840055
-1.246893
2.772459
-1.177316
2.700835
-1.103378
2.624247
-1.023821
2.541409
-0.9373446
2.450714
-0.8419209
2.35007
-0.7353125
2.236655
-0.6141977
2.106721
-0.474014
1.95487
-0.3084662
1.773364
-0.1082375
1.550821
0.1406684
1.269002
0.462796
0.897571
0.8970969
0.3812764
1.521619
-0.3905597
2.501881
-1.680771
4.27996
-4.294949
8.52511
-12.50157
32.42591
217.0725
-27.65449
17.09425
-11.13639
10.42183
-7.470042
8.092219
-5.855364
6.903613
-4.942378
6.180505
-4.355343
5.692985
-3.943282
5.340444
-3.638319
5.072949
-3.400943
4.861567
-3.211474
4.689502
-3.053926
4.545024
-2.92113
4.42132
-2.804872
4.311978
-2.701788
4.213766
-2.607072
4.122313
-2.518608
4.035606
-2.43273
3.950167
-2.347478
3.864123
-2.259279
3.77351
-2.165947
3.676027
-2.062741
3.566284
-1.945692
3.440186
-1.807926
3.28891
-1.641384
3.10379
-1.433273
2.868633
-1.166214
2.56274
-0.8115435
2.148578
-0.325222
1.570848
0.3700525
0.7242422
1.413856
-0.5838733
3.087791
-2.775625
6.038814
-6.898458
12.09357
-16.43255
28.81512
-52.1216
156.6928
372.2679
-110.3723
78.5023
-68.18768
72.47301
-89.231
176.6365
344.6678
-62.71641
29.4718
-14.77416
9.589312
-3.978994
2.851278
0.6261103
-0.5197141
3.236771
-2.641356
5.039764
-4.241035
6.518173
-5.660126
7.931224
-7.118162
9.487465
-8.833554
11.44108
-11.1364
14.26019
-14.74524
19.15485
-21.949
31.25949
-48.57236
202.1958
57.19374
-11.52087
-6.052704
41.92437
208.9717
-39.92319
24.4991
-16.00123
13.62522
-9.455753
9.11779
-6.086318
6.44513
-3.863348
4.520279
-2.131763
2.898434
-0.5455096
1.27276
1.212872
-0.75705
3.748602
-4.259726
9.334992
-15.68502
56.3142
60.15014
-20.6104
14.40235
-9.436782
9.054769
-6.22332
6.875456
-4.628439
5.64607
-3.644657
4.835514
-2.961121
4.248993
-2.451073
3.799675
-2.050583
3.440063
-1.7258
3.144363
-1.454552
2.894732
-1.224377
2.681297
-1.025208
2.49521
-0.851367
2.332025
-0.6972339
2.186519
-0.5602095
2.056787
-0.4365897
1.939267
-0.3252625
1.83321
-0.2234836
1.735897
-0.1308341
1.647217
-0.04536402
1.565108
0.03306425
1.489742
0.1061137
1.419281
0.1735604
1.354275
0.2367991
1.293123
0.295454
1.2364
0.3508495
1.182637
0.4025525
1.132605
0.4514664
1.084988
0.4973484
1.040494
0.5410731
0.9978534
0.5821331
0.9579146
0.6214745
0.9195323
0.6584815
0.8834835
0.6941204
0.848637
0.7277702
0.8158127
0.7602309
0.7839947
0.7909229
0.7539843
0.8207266
0.7247472
0.8489861
0.6971388
0.8764906
0.6701227
0.9025228
0.6446149
0.9279981
0.6194894
0.9522834
0.5957417
0.9759318
0.5723592
0.9986078
0.5501778
1.020797
0.5282661
1.042023
0.5074189
1.062951
0.4867859
1.082861
0.467232
1.102577
0.4476953
1.121473
0.4291472
1.140141
0.4106426
1.158056
0.3930264
1.17581
0.3753557
1.192909
0.3585243
1.209898
0.3416514
1.2262
0.3256342
1.242466
0.3093901
1.258187
0.2939523
1.273739
0.2784092
1.288874
0.2635245
1.303972
0.2484703
1.318564
0.2340717
1.333184
0.2195283
1.347304
0.2055998
1.361485
0.1914193
1.375227
0.1778438
1.389035
0.1640688
1.40237
0.1508702
1.415838
0.1373813
1.428912
0.124449
1.442156
0.1112571
1.454883
0.0986551
1.467783
0.08566713
1.480375
0.07326186
1.493002
0.06056774
1.505394
0.0483427
1.51786
0.03585243
1.529996
0.02383888
1.542309
0.0114913
1.554251
-0.0003031492
1.56635
-0.01247478
1.578159
-0.02415144
1.59008
-0.03609896
1.601686
-0.04757094
1.613378
-0.05932963
1.624792
-0.07062054
1.636398
-0.08213711
1.647495
-0.09313822
1.658727
-0.1044523
1.669679
-0.1151494
1.680489
-0.1260078
1.691033
-0.1362721
1.701435
-0.1466615
1.711369
-0.1563119
1.72115
-0.1659369
1.730229
-0.1746598
1.738952
-0.183197
1.746861
-0.190603
1.754078
-0.1974121
1.760063
-0.2026771
1.764882
-0.2068511
1.767886
-0.2087612
1.768892
-0.2085338
1.766851
-0.2045989
1.761284
-0.196821
1.750541
-0.1827941
1.732948
-0.1609261
1.705634
-0.1271129
1.664349
-0.07659888
1.601936
0.0005557537
1.506506
0.1199079
1.355209
0.3141685
1.1016
0.6536746
0.6317291
1.333543
-0.4180312
3.131238
-4.142429
15.86604
41.63374
-10.66544
8.354546
-5.319493
6.140258
-4.17012
5.501814
-3.832933
5.373826
-3.873596
5.572395
-4.24334
6.153366
-5.116869
7.481145
-7.247706
11.31135
-16.03993
60.41504
29.40039
-9.390284
6.418903
-2.816437
3.216873
-0.9102821
1.950367
-0.008012772
1.274666
0.5176468
0.8538265
0.8620043
0.5664577
1.106341
0.3559103
1.289425
0.194739
1.433254
0.06547993
1.54962
-0.04031563
1.6471
-0.1304607
1.730362
-0.2079391
1.803349
-0.2767143
1.867992
-0.3380604
1.926759
-0.394331
1.980462
-0.4459305
2.030615
-0.4945197
2.077362
-0.5398898
2.121977
-0.5836511
2.164495
-0.625248
2.20569
-0.6659203
2.245511
-0.7051477
2.284619
-0.7439981
2.322858
-0.7819059
2.360985
-0.8199954
2.398462
-0.857244
2.436105
-0.8950844
2.473658
-0.9325371
2.511431
-0.9706297
2.549444
-1.008689
2.588056
-1.047656
2.627025
-1.086829
2.66688
-1.127162
2.70719
-1.167758
2.748636
-1.20984
2.7909
-1.252552
2.834516
-1.296871
2.879121
-1.342058
2.925386
-1.38916
2.972981
-1.437523
3.022617
-1.48818
3.073733
-1.540127
3.127201
-1.594945
3.182853
-1.651659
3.241113
-1.711478
3.302135
-1.773877
3.366427
-1.839972
3.43404
-1.909395
3.505874
-1.98339
3.581621
-2.061412
3.66263
-2.145284
3.749018
-2.23463
3.842027
-2.331285
3.942104
-2.435239
4.050772
-2.548805
4.16907
-2.672548
4.299392
-2.80944
4.442733
-2.960507
4.603004
-3.13047
4.783023
-3.322033
4.987913
-3.541707
5.223729
-3.795949
5.499513
-4.096186
5.827426
-4.456547
6.226675
-4.900908
6.724233
-5.463734
7.367828
-6.207304
8.23719
-7.239987
9.487394
-8.786896
11.45467
-11.38126
15.04597
-16.70246
23.80532
-34.11321
79.33785
222.3766
-42.03014
23.48632
-14.16266
11.59598
-7.46969
7.27493
-4.436182
5.019465
-2.687353
3.61941
-1.537392
2.654768
-0.7138586
1.941155
-0.08746767
1.384545
0.4120226
0.9325123
0.8248684
0.5526543
1.176627
0.224791
1.484306
-0.06555843
1.759381
-0.3274527
2.010307
-0.5687821
2.243073
-0.7942982
2.462604
-1.008912
2.672411
-1.214752
2.875772
-1.415908
3.074968
-1.613751
3.272223
-1.811024
3.469714
-2.009224
3.669262
-2.210452
3.872367
-2.416004
4.081095
-2.628457
4.297029
-2.848455
4.522398
-3.079283
4.758857
-3.322162
5.009202
-3.580443
5.275588
-3.855909
5.561583
-4.153035
5.87031
-4.474764
6.206723
-4.82717
6.57536
-5.214022
6.983619
-5.645037
7.439094
-6.127931
7.95278
-6.675996
8.538731
-7.30464
9.21608
-8.036774
10.01021
-8.90262
10.95969
-9.949411
12.11902
-11.24364
13.57805
-12.90258
15.48483
-15.12533
18.12075
-18.31701
22.0918
-23.44753
29.08716
-33.8042
46.78107
-75.11065
588.2736
57.14465
-12.04578
-2.901052
16.38912
-27.63787
48.11144
-86.44742
272.2044
320.9077
-105.9199
66.25041
-46.94562
38.53677
-30.54662
27.59291
-22.67636
21.63412
-17.99053
17.84291
-14.85507
15.20059
-12.59385
13.24132
-10.87791
11.72378
-9.524171
10.50777
-8.42512
9.508021
-7.510656
8.667932
-6.735656
7.949612
-6.066769
7.325046
-5.482137
6.775342
-4.963768
6.285342
-4.499205
5.84378
-4.078483
5.442127
-3.693835
5.072799
-3.338497
4.730378
-3.007934
4.410476
-2.697127
4.108114
-2.402988
3.820881
-2.121947
3.545546
-1.851584
3.279366
-1.589039
3.019999
-1.332273
2.765105
-1.078773
2.512617
-0.826658
2.260175
-0.5735364
2.005958
-0.3173542
1.747101
-0.05548668
1.481585
0.2146139
1.20619
0.4957855
0.9184623
0.7914872
0.6138756
1.105851
0.288574
1.443506
-0.0628593
1.810581
-0.447489
2.214613
-0.8735099
2.665153
-1.351758
3.175016
-1.897466
3.761234
-2.530091
4.447694
-3.278819
5.268377
-4.184215
6.274622
-5.31036
7.543961
-6.755314
9.207981
-8.693855
11.49717
-11.44318
14.86664
-15.67467
20.34674
-23.06766
30.89489
-39.40055
59.81982
-106.6528
645.588
210.9666
-85.91299
56.28031
-40.44115
33.80353
-26.92012
24.7436
-20.41489
19.83963
-16.58137
16.75899
-14.05111
14.64202
-12.25234
13.09482
-10.90764
11.91456
-9.861441
10.98096
-9.024864
10.22564
-8.338925
9.600414
-7.766893
9.074512
-7.281286
8.625242
-6.864673
8.237337
-6.502298
7.898535
-6.185173
7.600406
-5.90425
7.335839
-5.654694
7.099654
-5.430717
6.887403
-5.229456
6.696002
-5.046943
6.522216
-4.881577
6.364285
-4.730357
6.219947
-4.592789
6.08829
-4.466053
5.966691
-4.35015
5.855418
-4.243074
5.752817
-4.144842
5.658452
-4.053938
5.571274
-3.970484
5.491011
-3.893111
5.416864
-3.82239
5.348856
-3.756755
5.286101
-3.696995
5.228729
-3.64185
5.176194
-3.591973
5.128566
-3.546322
5.085276
-3.50559
5.046637
-3.468753
5.012175
-3.436931
4.982482
-3.408819
4.956461
-3.385505
4.935168
-3.366057
4.918093
-3.351562
4.905742
-3.341149
4.897842
-3.33602
4.895075
-3.335287
4.897099
-3.340713
4.905204
-3.351208
4.918898
-3.36853
4.939433
-3.392155
4.966888
-3.424021
5.002831
-3.463875
5.047571
-3.514172
5.103155
-3.574869
5.170391
-3.650053
5.252878
-3.739796
5.351669
-3.849165
5.471901
-3.980822
5.617212
-4.142128
5.79549
-4.339077
6.014851
-4.584892
6.290234
-4.893391
6.639687
-5.293396
7.097794
-5.82106
7.713928
-6.549713
8.584793
-7.605576
9.893188
-9.268982
12.07098
-12.23779
16.3642
-19.00323
28.61053
391.8209
434.0435
62.06599
-26.48958
17.75386
-11.23006
9.872017
-6.390987
6.590759
-4.019913
4.799915
-2.619072
3.673027
-1.694469
2.902775
-1.042543
2.342459
-0.5571308
1.920134
-0.1852379
1.58914
0.1101761
1.324909
0.348238
1.108444
0.5452309
0.9293756
0.7091217
0.7780852
0.8486052
0.6499014
0.9671822
0.5389178
1.07054
0.4435897
1.159663
0.3596411
1.2383
0.2861671
1.307213
0.2207794
1.368988
0.1630859
1.423599
0.1108551
1.47303
0.06438446
1.517017
0.02200317
1.557442
-0.01580811
1.593468
-0.05062866
1.626766
-0.08213425
1.656771
-0.1112156
1.684767
-0.1376915
1.710108
-0.1623459
1.73385
-0.1849136
1.755466
-0.2061462
1.77607
-0.2255211
1.794773
-0.2438488
1.812511
-0.26087
1.828827
-0.2769737
1.844589
-0.2919922
1.859052
-0.306344
1.873146
-0.3197832
1.88613
-0.3328018
1.898943
-0.3449011
1.91071
-0.356678
1.922365
-0.3678999
1.933234
-0.3788414
1.944092
-0.3892927
1.954301
-0.399538
1.964523
-0.4094448
1.974167
-0.4192753
1.98406
-0.42869
1.993354
-0.4381456
2.002786
-0.4473963
2.011848
-0.4566259
2.021168
-0.4657774
2.030174
-0.4749069
2.039481
-0.4840231
2.048482
-0.4933205
2.057903
-0.5024757
2.067049
-0.5118608
2.076573
-0.521327
2.085979
-0.5309772
2.095837
-0.5407486
2.10565
-0.5507584
2.115917
-0.5610609
2.126137
-0.5716915
2.137043
-0.5823822
2.147907
-0.5935402
2.159236
-0.6050377
2.170727
-0.6169033
2.18293
-0.6291943
2.195326
-0.6418781
2.208431
-0.6551189
2.221779
-0.6689291
2.235996
-0.6831551
2.250451
-0.6980867
2.265782
-0.7136784
2.281588
-0.7299833
2.298373
-0.7470293
2.315706
-0.7648954
2.334106
-0.7836294
2.353183
-0.8033457
2.373545
-0.8240414
2.394706
-0.8458233
2.417141
-0.8688354
2.440626
-0.8930941
2.465672
-0.9187107
2.491927
-0.9458733
2.520018
-0.9746304
2.549526
-1.005239
2.581154
-1.037642
2.614531
-1.072186
2.650274
-1.109078
2.688284
-1.148441
2.729098
-1.190595
2.772649
-1.235763
2.819554
-1.284346
2.869851
-1.336667
2.924316
-1.393129
2.983032
-1.454243
3.046693
-1.520668
3.115833
-1.592882
3.191369
-1.671831
3.273893
-1.758319
3.364698
-1.85358
3.464713
-1.958864
3.575665
-2.075762
3.699069
-2.206277
3.83736
-2.352975
3.993118
-2.518796
4.169971
-2.707763
4.372311
-2.924879
4.605913
-3.176912
4.878517
-3.472767
5.200714
-3.824835
5.587099
-4.25054
6.058464
-4.775618
6.646572
-5.43862
7.399844
-6.302155
8.399382
-7.47218
9.787804
-9.146841
11.84696
-11.73991
15.21348
-16.29004
21.71062
-26.34714
39.47371
-67.17969
288.2877
127.8983
-50.98022
33.16187
-22.7207
19.18536
-14.32071
13.565
-10.2916
10.5323
-7.925689
8.635746
-6.37128
7.337773
-5.271338
6.394408
-4.453322
5.677784
-3.820411
5.115337
-3.317364
4.662247
-2.90716
4.289709
-2.567347
3.978001
-2.280474
3.713659
-2.036058
3.486574
-1.824589
3.289581
-1.640717
3.117088
-1.478611
2.96492
-1.335526
2.829742
-1.20752
2.708862
-1.093323
2.600174
-0.9898071
2.50209
-0.8965683
2.41304
-0.8115005
2.331902
-0.7341919
2.25775
-0.6629848
2.189703
-0.5979328
2.127056
-0.5375786
2.069297
-0.4822054
2.015802
-0.4305077
1.966254
-0.382884
1.920167
-0.3382273
1.87718
-0.2969418
1.837084
-0.2580042
1.799606
-0.2218871
1.764478
-0.1877031
1.731547
-0.1559987
1.700564
-0.1257277
1.67145
-0.09761715
1.644011
-0.07083941
1.618085
-0.04584837
1.593636
-0.0219121
1.570492
0.000462532
1.548602
0.02192926
1.527824
0.0420661
1.508104
0.06141806
1.489399
0.07949901
1.471637
0.09701371
1.454625
0.1133859
1.438496
0.1293218
1.42307
0.144237
1.408396
0.1587851
1.394278
0.1723232
1.380779
0.1857736
1.367885
0.1982908
1.35547
0.2105683
1.343531
0.2220954
1.332082
0.233531
1.32094
0.2442727
1.310254
0.2549973
1.29987
0.2651052
1.289785
0.2752061
1.279957
0.2847767
1.270385
0.2944298
1.260887
0.3036132
1.251644
0.3130286
1.242425
0.3220587
1.233238
0.3313335
1.224066
0.3402967
1.214803
0.3499532
1.205409
0.3593464
1.195752
0.3692517
1.185686
0.3793054
1.175288
0.3902006
1.164141
0.4015224
1.152308
0.4140809
1.139364
0.4275565
1.125044
0.4428066
1.108941
0.459823
1.09062
0.4798094
1.069022
0.5030564
1.043376
0.5315688
1.011854
0.5666355
0.972204
0.6120418
0.9202725
0.6717244
0.8495679
0.7564194
0.7478293
0.8813194
0.5909671
1.083528
0.3226244
1.453016
-0.212435
2.281313
-1.620141
5.047556
-8.671927
39.47864
361.3073
29.2924
-4.691003
2.511381
0.2531908
0.7920918
1.024791
0.3932798
1.250227
0.2580261
1.334662
0.2037334
1.370425
0.1799965
1.386126
0.1697206
1.392898
0.1655951
1.395475
0.1639767
1.396255
0.1637306
1.396002
0.1641426
1.395598
0.1644149
1.395292
0.1647582
1.395195
0.1645832
1.395489
0.1642654
1.39606
0.1632068
1.39712
0.1621898
1.398621
0.1603845
1.400511
0.1584057
1.402785
0.1557637
1.405501
0.1529688
1.408609
0.1495087
1.41215
0.1458948
1.416062
0.141761
1.420427
0.1372504
1.425176
0.1322047
1.430334
0.126965
1.435866
0.1210406
1.44184
0.1150081
1.448189
0.1082958
1.45504
0.1014335
1.462212
0.09381025
1.469868
0.0861242
1.47803
0.07763657
1.486609
0.0689425
1.495633
0.05949941
1.5052
0.04983562
1.515232
0.03940459
1.525941
0.02866086
1.536988
0.01712734
1.548745
0.005178079
1.56117
-0.007660329
1.574199
-0.02091643
1.587822
-0.03510541
1.602268
-0.04976685
1.617378
-0.06544365
1.633431
-0.08167742
1.6502
-0.09913389
1.667925
-0.1171325
1.686631
-0.136511
1.7064
-0.1566502
1.727221
-0.1782217
1.749293
-0.2007856
1.772592
-0.2249073
1.797353
-0.2502148
1.82353
-0.2773377
1.851405
-0.3059653
1.881061
-0.3366838
1.912663
-0.3691742
1.94627
-0.4041876
1.982361
-0.4413467
2.021035
-0.4813882
2.062457
-0.5243323
2.107008
-0.5707948
2.1552
-0.620706
2.207323
-0.6751084
2.263928
-0.7339289
2.325371
-0.7984067
2.392701
-0.8686908
2.466469
-0.9462574
2.547861
-1.031637
2.63782
-1.126688
2.738087
-1.232556
2.850399
-1.351807
2.977018
-1.48642
3.120628
-1.640334
3.285475
-1.81718
3.476049
-2.023271
3.699384
-2.26583
3.964148
-2.556241
4.283643
-2.909352
4.676583
-3.349029
5.171671
-3.910512
5.814492
-4.65434
6.684587
-5.685946
7.928638
-7.216782
9.859854
-9.733026
13.28604
-14.70024
21.23233
-29.96705
70.08873
86.70188
13.29664
131.9992
-33.79832
22.37077
-15.18721
13.51771
-9.838229
9.891925
-7.20362
7.884714
-5.620493
6.602867
-4.560683
5.711539
-3.800243
5.054923
-3.227551
4.550838
-2.780251
4.15132
-2.421365
3.82709
-2.126781
3.558344
-1.88069
3.332191
-1.671935
3.138938
-1.492653
2.972114
-1.336941
2.82641
-1.200437
2.698159
-1.079673
2.584291
-0.972187
2.482693
-0.8758702
2.391201
-0.7889819
2.308658
-0.7102735
2.233453
-0.6385746
2.165072
-0.5730098
2.10218
-0.5128497
2.044479
-0.4573256
1.991037
-0.4060137
1.941747
-0.3584424
1.895773
-0.3141279
1.853159
-0.2728717
1.813119
-0.2342398
1.775857
-0.198053
1.7407
-0.1640853
1.707769
-0.1320827
1.676613
-0.1018432
1.647348
-0.073351
1.619515
-0.04634699
1.59336
-0.02074805
1.568293
0.00357452
1.544707
0.02667317
1.522051
0.04870626
1.500645
0.06969431
1.480008
0.08976525
1.460489
0.1089373
1.441664
0.1272942
1.42378
0.1448561
1.406495
0.1617541
1.390055
0.1779558
1.374087
0.1935334
1.358873
0.2084831
1.344063
0.2229757
1.329983
0.2368203
1.316232
0.2503206
1.303114
0.263278
1.290264
0.2758167
1.278062
0.2879102
1.266037
0.2996733
1.25457
0.3110199
1.243256
0.3220811
1.232497
0.3327389
1.221882
0.343154
1.211771
0.3532047
1.201735
0.3630104
1.19217
0.3725471
1.182674
0.3818386
1.17359
0.3908236
1.16459
0.3996788
1.156
0.4082108
1.147435
0.4166046
1.139277
0.4247618
1.131086
0.4327519
1.123339
0.4405198
1.115523
0.4481649
1.108091
0.4555739
1.100604
0.462883
1.093522
0.4700651
1.086363
0.4769914
1.079517
0.4838118
1.072694
0.4905353
1.06616
0.4971169
1.059573
0.5035588
1.053225
0.5098615
1.046851
0.5161366
1.040767
0.5221733
1.034656
0.5282254
1.028763
0.5340968
1.022828
0.5399178
1.017201
0.5456206
1.011438
0.5512403
1.005964
0.5567498
1.000369
0.5622219
0.9950815
0.5675586
0.9896581
0.5729215
0.9845535
0.578052
0.9792414
0.5832093
0.9742529
0.5882438
0.9691325
0.593252
0.9642258
0.598148
0.9592365
0.6030942
0.9544806
0.6078495
0.9496107
0.612663
0.9449858
0.6173236
0.9402018
0.622008
0.9356855
0.6265721
0.9310148
0.6311488
0.9265706
0.63562
0.9219879
0.6401034
0.9176468
0.6444942
0.9131637
0.6488974
0.9089258
0.6531857
0.9045341
0.6574999
0.9003766
0.6617504
0.8960437
0.6659812
0.8919207
0.670101
0.887654
0.6743164
0.8836135
0.6783831
0.8794261
0.6825209
0.8754366
0.6865284
0.8712947
0.6906019
0.8674064
0.6945742
0.8633066
0.6986023
0.8594227
0.7025049
0.8553883
0.70646
0.8515737
0.7103333
0.8475726
0.7142863
0.8438213
0.7180934
0.8398736
0.7219744
0.8361197
0.7257781
0.8322086
0.7296047
0.8284769
0.7333488
0.8246193
0.7371845
0.8209
0.7408876
0.8170691
0.7447062
0.8134155
0.7484393
0.809557
0.7522068
0.8059392
0.755877
0.8021741
0.7596252
0.7985065
0.7632971
0.7947104
0.7670462
0.791111
0.7707295
0.7873313
0.774493
0.7837217
0.7781017
0.7799928
0.7817919
0.7764094
0.7854505
0.7726269
0.7891271
0.7690074
0.7927442
0.76524
0.7964755
0.7616621
0.800084
0.7579225
0.8038279
0.7543136
0.8074731
0.7505406
0.8112007
0.7469627
0.8148514
0.7431732
0.8185812
0.7395791
0.8222357
0.7357644
0.8259816
0.7321268
0.8296654
0.7283338
0.8334396
0.7247456
0.8371201
0.7208937
0.840903
0.7172505
0.8446196
0.7133931
0.8484212
0.7097067
0.8521283
0.7058111
0.8560081
0.7020797
0.8597827
0.698191
0.8636458
0.6944226
0.8674495
0.690475
0.8713689
0.6867111
0.8752053
0.6827223
0.8791852
0.6788821
0.8830392
0.6748345
0.8870577
0.670953
0.8909793
0.6668508
0.8950422
0.6629426
0.899024
0.6588292
0.9031298
0.6548314
0.9072225
0.6506433
0.9113591
0.6465442
0.9154339
0.6423149
0.9197135
0.6381531
0.9238622
0.633863
0.928196
0.6296289
0.9324713
0.6252074
0.9368854
0.6209536
0.9412122
0.616446
0.9457111
0.6120706
0.9501262
0.6074529
0.9547191
0.602983
0.9592533
0.5982895
0.9639549
0.5936995
0.9685707
0.5889244
0.9733715
0.5842552
0.9781227
0.5793381
0.9830437
0.5744972
0.9879303
0.5694199
0.9930077
0.5644531
0.9980164
0.5592728
1.003199
0.5541801
1.008385
0.5488272
1.013756
0.5435805
1.019096
0.5380468
1.02462
0.5326223
1.030101
0.5269017
1.035859
0.5212889
1.041555
0.5153778
1.04756
0.5094614
1.053325
0.5035172
1.059467
0.4975154
1.065654
0.4911137
1.072014
0.4848045
1.078331
0.4782196
1.085028
0.4716395
1.091625
0.4648166
1.098581
0.4579136
1.105558
0.4507312
1.112803
0.4435703
1.120082
0.4360447
1.127697
0.4285157
1.135341
0.4205859
1.143321
0.4126779
1.151349
0.4043608
1.159764
0.396055
1.168254
0.3872455
1.177123
0.3784192
1.186144
0.3691248
1.195508
0.3597339
1.204995
0.349926
1.215023
0.3398765
1.225236
0.3293617
1.235786
0.3187761
1.246659
0.3075754
1.258087
0.2961698
1.269686
0.2841696
1.28194
0.2718533
1.294446
0.2589278
1.307627
0.2456431
1.321179
0.2316503
1.335449
0.2172559
1.350166
0.2020797
1.365699
0.1863645
1.381788
0.1697468
1.398768
0.1524913
1.416359
0.1342866
1.43511
0.1152351
1.454585
0.09511107
1.475248
0.07398647
1.497008
0.05147064
1.520162
0.02786881
1.544459
0.002657056
1.570535
-0.02403051
1.598007
-0.05263925
1.627609
-0.08304453
1.659011
-0.1157473
1.693027
-0.1507768
1.729293
-0.1887007
1.768793
-0.2296079
1.811406
-0.2742244
1.85798
-0.3227303
1.90858
-0.3760005
1.964638
-0.4346331
2.026192
-0.4996819
2.094792
-0.5720333
2.171449
-0.6535304
2.258156
-0.7455603
2.356328
-0.8508928
2.469589
-0.9724635
2.600544
-1.114711
2.755429
-1.283414
2.940248
-1.487347
3.166469
-1.738939
3.448496
-2.058396
3.813346
-2.478321
4.302886
-3.057566
4.999777
-3.912278
6.075155
-5.31254
7.980765
-8.068907
12.36897
-16.3343
35.4091
279.8847
-22.9006
10.77307
-2.352698
-6.090305
92.6942
162.7442
59.00441
-21.3228
33.19634
48.94514
-11.60563
8.092403
-4.557031
5.055546
-2.820477
3.903799
-1.98309
3.256752
-1.461602
2.822474
-1.090621
2.499236
-0.8044229
2.242322
-0.5707078
2.027301
-0.3711033
1.840026
-0.1935854
1.670469
-0.02992249
1.511287
0.1264238
1.355909
0.2819681
1.198489
0.4433613
1.031278
0.6181622
0.8459454
0.817606
0.6286469
1.057617
0.3592892
1.365416
0.001167297
1.790195
-0.514389
2.432915
-1.340195
3.533142
-2.875366
5.80883
-6.544106
12.53985
-22.20587
85.79755
104.1792
-50.72868
68.20783
114.8797
-15.94113
7.255319
-2.278318
2.284033
0.1005878
0.978756
0.8784742
0.4895353
1.197823
0.2759933
1.342451
0.1776943
1.408737
0.1338224
1.436495
0.1180182
1.443607
0.1172218
1.439621
0.1249504
1.429125
0.1373515
1.415271
0.1524282
1.399382
0.1688461
1.382639
0.1858854
1.365361
0.2030635
1.348394
0.2199445
1.331387
0.2367568
1.315035
0.2529411
1.298954
0.2687001
1.283553
0.2839928
1.268476
0.2987342
1.254051
0.3129225
1.240015
0.3266296
1.226591
0.339859
1.213577
0.3526602
1.201202
0.3648882
1.189
0.3767605
1.177439
0.3881955
1.166137
0.3992701
1.155313
0.4099424
1.144674
0.4203153
1.134617
0.430218
1.124656
0.4399977
1.115222
0.4493427
1.105938
0.4584403
1.097078
0.4672604
1.088298
0.4758496
1.079943
0.4841309
1.071651
0.4922276
1.063749
0.5000944
1.055934
0.5077782
1.04855
0.5151749
1.041054
0.5224304
1.033997
0.529541
1.026917
0.5364075
1.020203
0.5430832
1.013447
0.5497131
1.007057
0.5560799
1.000573
0.5624037
0.9944935
0.5684695
0.988379
0.574481
0.9825487
0.5803332
0.9766564
0.586082
0.9710493
0.5916686
0.9654074
0.5971885
0.9600251
0.6025858
0.9546173
0.6078589
0.9494567
0.6130416
0.9442554
0.6181428
0.9393022
0.6231153
0.9342818
0.6280746
0.9295077
0.6328298
0.9246502
0.6376189
0.9200191
0.6421804
0.9153171
0.6468737
0.9108591
0.651305
0.9063158
0.6557684
0.9020183
0.6601064
0.897609
0.6644253
0.8934112
0.6686094
0.8891652
0.6728014
0.8851011
0.6768686
0.8809668
0.6809635
0.8770123
0.6848898
0.8729908
0.6888558
0.8691754
0.6927118
0.8652725
0.6965547
0.8615208
0.7002568
0.8577058
0.7040477
0.8540626
0.7076681
0.8503234
0.7114093
0.846799
0.7149162
0.8431489
0.7184918
0.8397171
0.7219973
0.8361473
0.725466
0.832777
0.7288455
0.8292954
0.7322892
0.826005
0.7356646
0.8226194
0.7389612
0.8193655
0.7422113
0.8160405
0.7454643
0.8128891
0.7486777
0.8096294
0.7518873
0.8065281
0.7549741
0.8032975
0.7581566
0.800252
0.7611708
0.7971138
0.7643361
0.7941194
0.7673187
0.7910156
0.7703857
0.7881172
0.7733431
0.7850425
0.7763538
0.7821615
0.7792215
0.7791574
0.782181
0.776319
0.7850661
0.7733731
0.7879939
0.7705827
0.7907746
0.7676542
0.7936341
0.764941
0.7964277
0.7620597
0.7992605
0.7593188
0.8019415
0.756506
0.8047779
0.753808
0.8074722
0.7509899
0.8102686
0.7483602
0.8129177
0.7456055
0.8156446
0.7429962
0.8182957
0.7402444
0.820972
0.737669
0.8235701
0.7349389
0.8262601
0.7323971
0.8288503
0.7296999
0.8314791
0.72719
0.834044
0.7245121
0.8366842
0.7220097
0.8392258
0.7193766
0.8418179
0.7168827
0.8442688
0.7143028
0.8469164
0.7117836
0.8493793
0.7092068
0.8519795
0.7067418
0.8544533
0.7041526
0.8569999
0.7017207
0.8594775
0.6991429
0.8619962
0.6967125
0.8644402
0.6941633
0.8669806
0.6917443
0.8694148
0.6891763
0.8719623
0.6868091
0.8743701
0.6842439
0.8768864
0.68188
0.8793054
0.6793385
0.8818247
0.6769266
0.8841767
0.6744437
0.8867388
0.6719961
0.8891239
0.6694732
0.891674
0.6670713
0.8940663
0.6645527
0.8965635
0.6621633
0.8990197
0.659616
0.9015226
0.6572194
0.9039345
0.6546645
0.906466
0.6522589
0.9088564
0.6496587
0.9114938
0.6472969
0.9138489
0.644784
0.9164004
0.642355
0.91887
0.6397638
0.9214287
0.6372814
0.9238291
0.6347237
0.9264688
0.6322269
0.9289274
0.6296101
0.931591
0.6271019
0.9340973
0.6244659
0.9367275
0.6219482
0.9392967
0.6192551
0.9419632
0.6166992
0.9445496
0.6139526
0.9472809
0.6113548
0.9499245
0.6086082
0.952673
0.6059494
0.9553604
0.6031294
0.9581604
0.6004124
0.9609267
0.597559
0.9638128
0.5947456
0.9665012
0.5918808
0.9695816
0.5888977
0.9724731
0.5858459
0.9755592
0.5829086
0.9785213
0.5797977
0.9816608
0.576725
0.9848099
0.5734787
0.9880562
0.5702953
0.9912844
0.5668831
0.9947014
0.5635395
0.9981194
0.559989
1.001699
0.5564623
1.005292
0.5527163
1.009058
0.5489721
1.012923
0.5449839
1.016947
0.5409632
1.020899
0.5368237
1.025398
0.5323606
1.02979
0.5277185
1.034574
0.5229778
1.039411
0.5179081
1.044631
0.5126662
1.050027
0.5069871
1.055831
0.5010834
1.061923
0.4946995
1.06854
0.4879398
1.075543
0.4805527
1.083181
0.4726639
1.091476
0.4639587
1.100586
0.4544792
1.110598
0.4438863
1.121749
0.4321156
1.134015
0.4189627
1.148516
0.4035655
1.164788
0.3859093
1.183881
0.3652706
1.206353
0.3405805
1.233515
0.3106476
1.266881
0.2731946
1.309045
0.2252972
1.363901
0.1617925
1.438209
0.07387352
1.543839
-0.05502462
1.704088
-0.2589407
1.970671
-0.6193547
2.47919
-1.37823
3.701904
-3.582682
8.48078
-18.64226
287.6238
372.3249
22.45088
-5.320864
3.532237
-0.7512007
1.746639
0.1129837
1.273461
0.3934658
1.097507
0.5085355
1.020241
0.561208
0.9838467
0.5866513
0.9661603
0.5984781
0.958387
0.6034253
0.9556834
0.6043103
0.9561207
0.6031327
0.9580507
0.6003981
0.961153
0.5971463
0.9646873
0.5932884
0.9686899
0.5893326
0.9728913
0.5849382
0.9768851
0.5810319
0.980949
0.576839
0.9851714
0.5728258
0.9891424
0.5687068
0.9932132
0.5648305
0.997088
0.5608567
1.001011
0.5571008
1.004691
0.5533099
1.008452
0.5496967
1.012027
0.546032
1.01567
0.5425835
1.019062
0.5390731
1.022579
0.5357361
1.025896
0.5323251
1.029278
0.5290735
1.03257
0.5257149
1.035759
0.5226283
1.038821
0.5194445
1.042089
0.5163723
1.045083
0.5132447
1.048232
0.510288
1.051176
0.5071926
1.05423
0.5042648
1.057099
0.5012716
1.060103
0.4984202
1.062947
0.495471
1.065885
0.4926524
1.068659
0.4897816
1.071562
0.4870377
1.074301
0.4841931
1.077143
0.4814548
1.079882
0.4786754
1.082609
0.476006
1.085206
0.4732687
1.088005
0.4706316
1.090561
0.4679718
1.093266
0.4654408
1.095782
0.4628091
1.098422
0.460288
1.100845
0.4577622
1.103416
0.4553766
1.105847
0.4528005
1.108304
0.4505172
1.110503
0.4482207
1.112852
0.4460297
1.11503
0.4438343
1.117208
0.4417303
1.119173
0.4397511
1.121166
0.4378529
1.122879
0.4360962
1.124701
0.4344826
1.126137
0.4330168
1.127567
0.4318199
1.128629
0.430742
1.129614
0.4300139
1.130105
0.4295678
1.13046
0.4295411
1.130241
0.4298866
1.129694
0.4308317
1.128366
0.4323251
1.126559
0.4347258
1.12372
0.4379501
1.119995
0.4423442
1.114792
0.4483411
1.108146
0.4558988
1.099271
0.4659171
1.087983
0.4789243
1.073017
0.4958792
1.053703
0.5182476
1.027908
0.5479493
0.9935112
0.5882487
0.9458957
0.6444497
0.8789201
0.725544
0.7796745
0.8485065
0.624423
1.049445
0.3572278
1.417097
-0.1731801
2.234198
-1.555057
4.945296
-8.5765
44.83398
157.6514
19.46671
-1.985321
1.072663
1.240368
0.01987076
1.677206
-0.1859579
1.781738
-0.2416387
1.812735
-0.2598419
1.824386
-0.2683268
1.831741
-0.2760048
1.840104
-0.2853727
1.851123
-0.2981329
1.865664
-0.3144894
1.884028
-0.3350143
1.906618
-0.3596926
1.933681
-0.3892298
1.965666
-0.4237671
2.003054
-0.4644489
2.04668
-0.5112
2.097364
-0.5660114
2.156374
-0.6297474
2.2255
-0.7047348
2.306742
-0.792984
2.40317
-0.8986282
2.518944
-1.025864
2.659765
-1.182846
2.83427
-1.378025
3.05513
-1.629303
3.342339
-1.960373
3.728127
-2.414398
4.265442
-3.05368
5.022743
-3.907104
5.728622
-2.467712
272.7875
-40.37175
250.4363
41.71078
-16.97382
11.8542
-7.165468
6.924938
-4.199415
4.946276
-2.785868
3.885935
-1.962498
3.228672
-1.425243
2.78101
-1.047199
2.458206
-0.7675209
2.213029
-0.5518684
2.021996
-0.3810244
1.868033
-0.2420359
1.74227
-0.1272058
1.636697
-0.03038311
1.547744
0.05205059
1.471008
0.1232491
1.40506
0.1851692
1.34639
0.239676
1.295659
0.2877598
1.250049
0.3308353
1.20956
0.3692136
1.172872
0.4039645
1.140078
0.4352822
1.109983
0.4639311
1.082986
0.4898572
1.057811
0.5138035
1.035098
0.5356288
1.013926
0.5558701
0.9946842
0.5744438
0.9766269
0.5917962
0.9601631
0.6076977
0.9446235
0.6226346
0.9304991
0.6363642
0.9167981
0.6493087
0.9046526
0.6612196
0.892942
0.6725416
0.8821931
0.6829138
0.8719378
0.6928139
0.8625908
0.70191
0.8536291
0.7105432
0.8454785
0.7184563
0.8375645
0.7260494
0.8304043
0.7329721
0.8235407
0.7396193
0.8173647
0.7456245
0.8113384
0.7513857
0.8059826
0.7566137
0.8007936
0.7615948
0.7962208
0.7660351
0.791604
0.7702732
0.7878132
0.7740078
0.7840767
0.7776089
0.7808228
0.7806759
0.7776909
0.7836113
0.7751122
0.786087
0.7726097
0.7883987
0.7706528
0.7902222
0.7687759
0.7919312
0.7673874
0.7931824
0.7661591
0.7945557
0.7651978
0.7949066
0.7647552
0.7954292
0.7645874
0.7954865
0.7645149
0.7953176
0.7649879
0.7947044
0.7654514
0.7939568
0.7666035
0.7926731
0.7678852
0.7912807
0.7696266
0.7893457
0.7715807
0.7872143
0.7740536
0.7845755
0.7767458
0.7816601
0.7800064
0.778224
0.783474
0.7745023
0.7875514
0.7702308
0.7919207
0.7655849
0.7969348
0.7603576
0.8022784
0.7547674
0.8082718
0.7485223
0.814708
0.7417917
0.8218746
0.7343006
0.8294182
0.7263451
0.837883
0.7176514
0.8467865
0.708168
0.856842
0.6978054
0.8675079
0.6868019
0.8791065
0.6746922
0.891571
0.6617451
0.9051628
0.6475248
0.919796
0.63235
0.9357033
0.6157303
0.952939
0.5978594
0.9716654
0.5782633
0.9919634
0.5571823
1.014071
0.5340738
1.038108
0.5090265
1.064356
0.4815035
1.092957
0.4515934
1.124409
0.4185824
1.158911
0.3825698
1.196792
0.3426228
1.2387
0.2986493
1.285077
0.2497101
1.336656
0.1953263
1.394185
0.134285
1.458785
0.06587076
1.531544
-0.01167011
1.614147
-0.0997262
1.708327
-0.2008734
1.816933
-0.3175473
1.942823
-0.4538455
2.090696
-0.6145535
2.265995
-0.806849
2.477439
-1.040169
2.736327
-1.32922
3.060805
-1.695402
3.477393
-2.174088
4.032391
-2.824335
4.80477
-3.757303
5.95344
-5.204743
7.833539
-7.748569
11.46895
-13.38091
21.44047
-36.52615
183.924
255.9648
-30.82541
20.46496
-13.70428
12.32732
-8.876724
9.120178
-6.589272
7.404102
-5.254009
6.337366
-4.383102
5.611956
-3.76992
5.088034
-3.317793
4.693478
-2.970461
4.386485
-2.697751
4.142096
-2.477561
3.943577
-2.298198
3.780291
-2.148914
3.644184
-2.024769
3.530004
-1.919522
3.433425
-1.830999
3.351686
-1.755296
3.282147
-1.6916
3.223319
-1.637204
3.173586
-1.591962
3.132081
-1.553825
3.09771
-1.5233
3.070137
-1.498491
3.04854
-1.480157
3.033
-1.467103
3.022869
-1.460044
3.018392
-1.458063
3.019351
-1.462108
3.026134
-1.471492
3.038662
-1.487492
3.057736
-1.509722
3.083712
-1.539752
3.117611
-1.577686
3.160384
-1.625763
3.213824
-1.684914
3.279778
-1.758469
3.36132
-1.848941
3.462401
-1.962268
3.589063
-2.104381
3.749771
-2.287066
3.958371
-2.526766
4.236577
-2.853092
4.623405
-3.318187
5.193073
-4.031081
6.109235
-5.25118
7.815165
-7.806634
12.07828
-16.46276
41.4822
82.87695
-18.17548
11.00936
-5.979519
5.676376
-2.954083
3.720132
-1.583318
2.705194
-0.8012543
2.084244
-0.2961578
1.664864
0.05743885
1.362876
0.3185825
1.134544
0.5199952
0.9558601
0.6797357
0.8117938
0.8101807
0.693285
0.9185801
0.5934954
1.010628
0.5085135
1.089586
0.4346542
1.158722
0.3701172
1.219604
0.3124695
1.273846
0.2612286
1.322695
0.2144089
1.367315
0.1719468
1.408089
0.1326005
1.44591
0.09635425
1.480972
0.06208873
1.514082
0.03017473
1.545153
-0.0003147125
1.574995
-0.02922964
1.603281
-0.05721855
1.630741
-0.08400059
1.657129
-0.1102943
1.683105
-0.1356926
1.708276
-0.1609268
1.733294
-0.1855812
1.757858
-0.2102509
1.782478
-0.2344589
1.806931
-0.2593079
1.831512
-0.2837982
1.856251
-0.3088417
1.881374
-0.3339195
1.906707
-0.3598375
1.932797
-0.3859673
1.959268
-0.413023
1.986802
-0.4407105
2.01494
-0.4695511
2.044257
-0.4992204
2.074527
-0.5303388
2.106344
-0.5626454
2.139418
-0.5967748
2.174359
-0.6324148
2.21101
-0.6703107
2.249969
-0.7102256
2.291183
-0.7529674
2.335293
-0.7983837
2.382437
-0.8473704
2.433084
-0.8997676
2.487686
-0.9569244
2.547085
-1.018646
2.611638
-1.086384
2.682652
-1.160599
2.760638
-1.242938
2.847342
-1.334215
2.94397
-1.436833
3.052884
-1.552506
3.17629
-1.684698
3.317871
-1.836629
3.481772
-2.014038
3.674119
-2.22329
3.903043
-2.474937
4.18058
-2.782654
4.524458
-3.168864
4.961039
-3.667094
5.535448
-4.336747
6.325459
-5.283263
7.481263
-6.726594
9.334995
-9.196915
12.79625
-14.40636
21.57181
-32.62925
89.60339
262.1361
-36.95578
22.30934
-14.19246
12.1951
-8.400747
8.426863
-5.748589
6.456469
-4.225804
5.244256
-3.237779
4.423048
-2.544064
3.829514
-2.030768
3.380423
-1.634275
3.028454
-1.319721
2.745143
-1.063252
2.51218
-0.8507071
2.317065
-0.6708298
2.151165
-0.5173366
2.008359
-0.384161
1.884173
-0.267935
1.774902
-0.1651762
1.678349
-0.07411289
1.592009
0.007741928
1.514589
0.0811727
1.444524
0.1480308
1.381031
0.2085915
1.322925
0.2642317
1.269826
0.3149874
1.220824
0.3622499
1.175659
0.4055843
1.133666
0.4461026
1.094784
0.4835792
1.058441
0.5188661
1.024493
0.5515976
0.9925852
0.5825834
0.9627481
0.6115103
0.9344487
0.6389999
0.9079657
0.6646886
0.8827496
0.6892939
0.8589916
0.7123432
0.8363075
0.7345657
0.8148994
0.7554016
0.7943459
0.7755051
0.7749176
0.7944031
0.756218
0.8127975
0.7384605
0.8300972
0.7212677
0.8469486
0.7049961
0.8628025
0.6892729
0.8783789
0.6741853
0.8930483
0.6596045
0.9074278
0.6457052
0.9210672
0.6321161
0.9344344
0.6192064
0.9470649
0.60654
0.9595432
0.5944656
0.971375
0.5826206
0.9831154
0.5713639
0.9941771
0.5602144
1.005166
0.5495901
1.015553
0.5391015
1.025968
0.5290918
1.035781
0.5191493
1.045587
0.5096961
1.05481
0.5003995
1.064207
0.4913582
1.072999
0.4824603
1.081846
0.473947
1.090227
0.4654297
1.098666
0.4573385
1.106584
0.4492402
1.114646
0.4414951
1.122246
0.4336586
1.13012
0.4262536
1.137243
0.4190113
1.144645
0.4119247
1.151568
0.4047904
1.158689
0.3979913
1.165334
0.3911363
1.172156
0.3845858
1.178551
0.3781188
1.185147
0.3717777
1.191297
0.3654654
1.197602
0.3594232
1.203557
0.3533119
1.209648
0.3475001
1.21534
0.3416147
1.2212
0.3360116
1.2267
0.3303767
1.23238
0.3250013
1.237627
0.3195527
1.243072
0.3144028
1.24813
0.3091599
1.253378
0.3042105
1.258193
0.2991723
1.2632
0.2944565
1.267888
0.2896335
1.27259
0.2852057
1.276935
0.2807117
1.281436
0.2765276
1.28554
0.2722645
1.289696
0.2684453
1.293402
0.2645863
1.297211
0.2611073
1.300523
0.2576705
1.303829
0.2547534
1.306598
0.2519579
1.309289
0.2496821
1.311291
0.2476439
1.313137
0.2463307
1.314097
0.2454022
1.314668
0.245452
1.314147
0.2463706
1.312894
0.2483798
1.309998
0.2518144
1.305756
0.2573077
1.29911
0.2650036
1.289836
0.2763153
1.276467
0.2918568
1.25809
0.313907
1.231842
0.3449056
1.19475
0.3900245
1.139863
0.4570792
1.056592
0.5624228
0.9211731
0.740303
0.6795356
1.082987
0.1640873
1.932618
-1.481304
6.542498
119.0284
-6.505646
5.110726
-2.553695
3.628691
-1.794472
3.188495
-1.526413
3.025447
-1.430516
2.966901
-1.370542
2.823353
-0.8976436
1.012976
9.827796
189.0097
108.5075
-14.382
7.401386
-3.012204
3.22787
-0.9018937
1.974413
-0.08040673
1.398632
0.3435352
1.07501
0.5976426
0.8703809
0.7656376
0.7304041
0.8838447
0.6290638
0.9717182
0.5525297
1.039005
0.4926606
1.092542
0.4447335
1.135811
0.4052751
1.171927
0.3723221
1.202134
0.3442353
1.228259
0.320068
1.250736
0.298897
1.270731
0.2802875
1.288227
0.2635367
1.304135
0.2486153
1.31826
0.2349701
1.331397
0.2225747
1.343177
0.2110263
1.3543
0.2005169
1.364354
0.1906013
1.374064
0.1814559
1.38284
0.1727468
1.39138
0.1646379
1.399208
0.1568388
1.406877
0.1495394
1.413909
0.1424611
1.420897
0.1357994
1.427362
0.1293042
1.433817
0.1231701
1.439765
0.1171334
1.445756
0.1114552
1.451301
0.1057961
1.456947
0.100404
1.462142
0.09505391
1.467478
0.08999085
1.472379
0.08497143
1.477532
0.08008671
1.482198
0.07525015
1.487057
0.07064867
1.491586
0.06599236
1.496274
0.06155872
1.500561
0.05707836
1.505075
0.05278587
1.509247
0.04846191
1.513664
0.04427338
1.517712
0.04008102
1.521973
0.03604126
1.525912
0.03194714
1.530071
0.02799034
1.53388
0.02396083
1.537971
0.02012563
1.541671
0.01626062
1.545705
0.01241636
1.549401
0.008575201
1.553287
0.004881859
1.556921
0.001099825
1.560771
-0.002537489
1.564273
-0.00627017
1.568076
-0.009869099
1.57161
-0.01355672
1.575321
-0.01708794
1.578769
-0.02068889
1.58247
-0.02415562
1.585892
-0.02775151
1.589525
-0.03120047
1.592865
-0.03479165
1.5965
-0.03819644
1.599767
-0.04165298
1.603432
-0.0451166
1.606708
-0.04857081
1.610288
-0.05193108
1.613555
-0.05541164
1.61711
-0.05871731
1.62033
-0.06217271
1.623848
-0.06548381
1.627061
-0.06889635
1.630594
-0.07219553
1.63377
-0.07559472
1.637267
-0.07884794
1.640442
-0.0822503
1.643934
-0.08549255
1.647058
-0.08889204
1.650507
-0.09212482
1.653614
-0.09544396
1.657115
-0.09871864
1.660275
-0.1020479
1.663689
-0.105278
1.666831
-0.1086187
1.670286
-0.111834
1.673358
-0.1151662
1.676786
-0.1183813
1.67991
-0.1217154
1.683339
-0.1248772
1.686445
-0.128196
1.689843
-0.1313976
1.692954
-0.1347213
1.696373
-0.1379383
1.699459
-0.1412423
1.702853
-0.1444366
1.705925
-0.147683
1.709391
-0.1509547
1.712471
-0.1542454
1.715875
-0.157433
1.718967
-0.1607554
1.722393
-0.1639524
1.725471
-0.1672566
1.728878
-0.1704741
1.731982
-0.1737876
1.735417
-0.1769671
1.738523
-0.1802845
1.741917
-0.1834812
1.745028
-0.1868114
1.748468
-0.1900253
1.751572
-0.1933594
1.754986
-0.1965637
1.758068
-0.1998596
1.761559
-0.2031403
1.764668
-0.2064552
1.768096
-0.2096767
1.771245
-0.2130451
1.774694
-0.2162619
1.7778
-0.2196159
1.781248
-0.2228713
1.784436
-0.2262602
1.787894
-0.229496
1.791065
-0.2328296
1.794507
-0.2360744
1.7977
-0.2394819
1.801176
-0.2427621
1.80432
-0.2461519
1.807825
-0.2494469
1.810978
-0.2527876
1.814542
-0.2561674
1.817729
-0.2595539
1.821243
-0.2628684
1.824461
-0.2663054
1.827989
-0.2696204
1.831192
-0.2730498
1.834729
-0.276402
1.837972
-0.2798519
1.841584
-0.2832093
1.8448
-0.2866483
1.84836
-0.2900052
1.851648
-0.2934866
1.85523
-0.2968636
1.8585
-0.3003988
1.862099
-0.3037891
1.865366
-0.3072634
1.869043
-0.3107429
1.872334
-0.3142409
1.875976
-0.3176441
1.879306
-0.3212109
1.882977
-0.3246579
1.8863
-0.3282151
1.889955
-0.3316798
1.893356
-0.3352704
1.897053
-0.3387575
1.900435
-0.3423352
1.904129
-0.34583
1.907565
-0.3494716
1.91127
-0.3529806
1.914664
-0.3566542
1.918425
-0.3601942
1.921825
-0.3638105
1.925667
-0.3674335
1.929114
-0.3710976
1.932908
-0.3746786
1.936434
-0.3784056
1.940238
-0.3820124
1.943717
-0.3857288
1.94756
-0.3893776
1.951104
-0.393116
1.954996
-0.3967781
1.958532
-0.4005356
1.962433
-0.4042282
1.966003
-0.40802
1.969955
-0.4117432
1.973511
-0.4155807
1.977455
-0.4193344
1.981049
-0.4231186
1.985096
-0.4269485
1.988716
-0.4308052
1.992725
-0.4345999
1.996414
-0.4385262
2.000439
-0.4423199
2.004118
-0.4462595
2.008166
-0.450141
2.011958
-0.4541583
2.016362
-0.4582119
2.019838
-0.4618301
2.023939
-0.4657431
2.027729
-0.4698334
2.031903
-0.4737668
2.035679
-0.4778557
2.039861
-0.4818282
2.043732
-0.4858432
2.047979
-0.489924
2.051854
-0.4940262
2.056104
-0.4980636
2.060059
-0.5022488
2.064332
-0.5063021
2.068269
-0.5105128
2.072579
-0.5146163
2.076613
-0.5188344
2.080994
-0.5229754
2.084998
-0.5272555
2.089394
-0.531435
2.093468
-0.535759
2.097921
-0.5399892
2.101988
-0.5443522
2.106456
-0.548619
2.110855
-0.5532625
2.115221
-0.5572666
2.119372
-0.5616859
2.123932
-0.5660467
2.128184
-0.570545
2.132783
-0.5749359
2.137064
-0.5794457
2.141697
-0.5839046
2.146068
-0.5884674
2.150767
-0.5929738
2.155139
-0.5975529
2.159897
-0.6020949
2.164319
-0.6067555
2.169107
-0.6113555
2.173554
-0.6160915
2.178409
-0.620727
2.182917
-0.6254085
2.187886
-0.6302091
2.192445
-0.6350036
2.197429
-0.6397493
2.202091
-0.6446451
2.207109
-0.6494481
2.211774
-0.6543826
2.216851
-0.659278
2.221641
-0.6642787
2.226798
-0.6692039
2.231637
-0.674247
2.236822
-0.6792504
2.241711
-0.6844114
2.247019
-0.6894823
2.251929
-0.6946906
2.257293
-0.6998526
2.262284
-0.7050375
2.267779
-0.7103736
2.272854
-0.7156775
2.278386
-0.720998
2.283576
-0.7264414
2.289189
-0.731823
2.294426
-0.7373234
2.300117
-0.7428285
2.305498
-0.7484096
2.311299
-0.7540225
2.316721
-0.7596588
2.322567
-0.7653368
2.328135
-0.7711611
2.334101
-0.7769285
2.339737
-0.7828182
2.345815
-0.7887187
2.351564
-0.7946436
2.357822
-0.8007226
2.363673
-0.8068924
2.37001
-0.8130226
2.376026
-0.8192863
2.382485
-0.8255658
2.388612
-0.8319569
2.395199
-0.8383908
2.401505
-0.8449671
2.408334
-0.8515122
2.41473
-0.8582311
2.421661
-0.864965
2.428302
-0.8718994
2.43542
-0.8788261
2.442203
-0.8859425
2.449508
-0.8930733
2.456576
-0.9003603
2.464169
-0.9077821
2.4714
-0.915328
2.479195
-0.9229474
2.486723
-0.9308095
2.494809
-0.9387145
