3.103209
1.524312
1.517145
1.509156
1.25595
1.254452
1.245665
0.8248928
0.8244915
0.8230555
0.818315
0.2290981
0.228872
0.1820044
0.1818782
0.2045895
0.2044688
0.1627615
0.1247913
0.1196472
0.07428674
0.07238549
0.05425126
0.05424324
0.04063233
0.0405875
0.05037608
0.05035964
0.08912996
0.06955351
0.06951659
0.05454964
0.054509
0.04315123
0.08421594
0.06275543
0.06273311
0.05013979
0.04917697
0.04917355
0.04888827
0.04887594
0.01841714
0.02218845
0.01737282
0.01736271
0.01952243
0.04534508
0.02837327
0.01750549
0.01386307
0.01097927
0.01355909
0.008107771
0.0155232
0.02812347
0.02248971
0.02733676
0.02733661
0.01741231
0.0173083
0.01375391
0.01375249
0.02129509
0.008617443
0.008615755
0.006832024
0.00843233
0.008430064
0.01643767
0.0164355
0.01309199
0.01308685
0.008074279
0.0080738
0.01794831
0.01794609
0.01123403
0.0112326
0.01754545
0.01754503
0.01403292
0.01403258
0.011943
0.004798541
0.004594226
0.006482559
0.005185388
0.006436721
0.005093437
