86.9933
-84.6315
-86.73207
-89.09694
45.45344
44.64803
39.88403
-101.6308
-102.0308
-103.4649
-108.2354
-78.37227
-81.29383
-99.08166
-101.1483
-72.76634
-74.72195
-91.29038
124.0784
-25.36445
8.752002
-113.9411
-77.10547
-77.86142
-65.78432
-71.82113
-110.7386
-112.5378
36.68251
-116.4169
-119.7292
118.6062
113.8629
46.59378
41.71899
-71.98652
-74.44603
-80.88571
143.6132
143.1222
101.9426
100.1517
-157.593
-87.32053
98.4845
93.7177
-100.8159
154.1403
-64.188
-69.38966
-172.8541
83.31636
-42.7133
-59.73483
74.54797
-98.86776
-103.8442
-93.96199
-94.03292
-154.6265
128.7262
42.22163
40.88826
-76.31075
124.8076
122.223
5.196941
-164.8633
-168.4895
169.1102
167.3266
109.1064
103.7794
-42.84345
-43.68029
12.83866
10.92429
24.65593
22.64752
17.7014
17.32203
13.81527
13.44068
124.3793
122.7673
-0.2969769
34.08696
31.30068
-122.0546
-4.575545
