0.0380175
0.04009565
0.0400968
0.04016167
0.04023135
0.04949456
0.0494946
0.04949586
0.04949586
0.04949759
0.0494976
0.04949771
0.04949772
0.04949845
0.04949846
0.0495005
0.04961528
0.04969445
0.04972861
0.04976848
0.05060081
0.0506847
0.05074752
0.05111279
0.05112665
0.05116678
0.05120315
0.05873073
0.05881074
0.0597106
0.05985222
0.06098096
0.06107493
0.06673812
0.06872394
0.06872792
0.07704775
0.07710023
0.08826476
0.09247683
0.092499
0.09253493
0.09274825
0.0933499
0.09335102
0.09351306
0.09775913
0.0977633
0.09782114
0.0978736
0.09790813
0.09794978
0.09795799
0.09832111
0.09835085
0.09838945
0.09858522
0.09859087
0.09864698
0.09874497
0.09876443
0.09878278
0.1027435
0.1028276
0.1028287
0.1028294
0.1028593
0.1028852
0.1029094
0.1029674
0.1033033
0.1033293
0.1033636
0.1034047
0.1034414
0.1035163
0.1035932
0.103615
0.1036756
0.1040448
0.1040569
0.1075203
0.1075745
0.1075794
0.1076022
0.1076875
0.1077497
0.108114
0.1081172
0.1082881
0.1087648
0.1088227
0.1088292
0.1089157
0.1089791
0.1097218
0.1097293
0.1098998
0.1121499
0.1121936
0.1122606
0.1133453
0.113409
0.1142064
0.1142248
0.1142605
0.114263
0.114264
0.1143723
0.1185757
0.118767
0.1220539
0.1221182
0.1251846
0.125254
0.1254937
0.1258311
0.1258587
0.1258974
0.1261025
0.1261507
0.1261553
0.1261962
0.1295617
0.1295821
0.1297607
0.1298909
0.1300721
0.1318168
0.1318288
0.1335742
0.1336181
0.1336377
0.1337212
0.1339574
0.1355731
0.1356173
0.1356208
0.1356996
0.1366906
0.1366909
0.1366943
0.1366943
0.1366968
0.1367715
0.1368012
0.1372879
0.1373005
0.1373257
0.1373623
0.1373857
0.1374619
0.1392733
0.1392917
0.1401438
0.1402264
0.140712
0.1408043
0.1436852
0.1437261
0.1437769
0.143874
0.1447731
0.1471806
0.1473383
0.1479113
0.1479705
0.1509231
0.1509239
0.1514597
0.1514894
0.1515867
0.1542556
0.1542696
0.1547807
0.1548136
0.1562189
0.1578286
0.1579486
0.1582755
0.1583008
0.1594008
0.1594402
0.1594752
0.1595204
0.1605993
0.1606201
0.1606891
0.1607052
0.1607112
0.1607593
0.1611031
0.1611848
0.1614564
0.1615181
0.1620625
0.1620663
0.1625602
0.1637332
0.1637612
0.1642286
0.1643831
0.1651719
0.1653282
0.1655168
0.1671051
0.1671338
0.1675256
0.1676103
0.1677536
0.1685225
0.1686488
0.1697428
0.169816
0.1699379
0.1705345
0.1708247
0.1709026
0.1709397
0.1709677
0.1709914
0.1711099
0.1711977
0.1715129
0.1716172
0.1736087
0.1738218
0.1740534
0.1741143
0.1757522
0.1762126
0.1775357
0.1775937
0.1777687
0.1785875
0.1788964
0.1790399
0.1791089
0.1791143
0.179227
0.1803409
0.1803495
0.1803771
0.1804248
0.1806061
0.180671
0.181364
0.1814466
0.1816813
0.1817338
0.1818926
0.1819463
0.1820836
0.1821042
0.1821406
0.1831428
0.1840281
0.184111
0.1841569
0.1841739
0.184193
0.1842301
0.1844935
0.184633
0.1846927
0.1848421
0.1850189
0.1854056
0.1854444
0.1860523
0.186346
0.1867728
0.1868867
0.1869735
0.1871955
0.1872427
0.1873348
0.1874129
0.187606
0.1876744
0.1880961
0.1887633
0.1887752
0.1895546
0.1896215
0.1902638
0.1902684
0.1902815
0.1908138
0.1909059
0.1920399
0.1922077
0.1929602
0.1929673
0.1934265
0.194672
0.1954188
0.1954744
0.1955456
0.1955912
0.196546
0.1979255
0.1979731
0.1980053
0.1981609
0.1981744
0.1991162
0.1992804
0.2004464
0.2006793
0.2007437
0.2017851
0.2040148
0.2043197
0.2045019
0.2054572
0.206493
0.2065454
0.2067628
0.2068131
0.2073206
0.2084385
0.2097905
0.2103647
0.2105062
0.2105369
0.2112694
0.2121694
0.2124017
0.2124317
0.2124947
0.2125025
0.2125333
0.2125851
0.2127388
0.2127835
0.2128131
0.212828
0.2129087
0.2131735
0.2133786
0.2136631
0.215011
0.21504
0.2151072
0.2155455
0.2156799
0.2161964
0.2162495
0.2170674
0.2170766
0.217137
0.2171466
0.2175106
0.2176873
0.2177165
0.2177739
0.2178243
0.2185065
0.2185135
0.2193804
0.2194272
0.2196897
0.219749
0.2197534
0.220458
0.2217036
0.2218401
0.2219089
0.2223105
0.223007
0.2231028
0.2231138
0.2231789
0.2239024
0.2239461
0.2240131
0.2243061
0.2243358
0.2245159
0.2248109
0.2248191
0.2250228
0.2252463
0.2252569
0.2253055
0.2264176
0.2264454
0.2268474
0.2270345
0.2271877
0.227247
0.2275213
0.2275678
0.2283738
0.2283994
0.228547
0.2289015
0.2289023
0.228964
0.2289869
0.2290272
0.2307612
0.2308777
0.2309735
0.2309937
0.2310839
0.2311125
0.2311967
0.2312037
0.2312869
0.2313004
0.2314179
0.2314703
0.2315378
0.2316212
0.2316825
0.2320681
0.2321223
0.2322464
0.2328907
0.2331649
0.2332121
0.2333958
0.2334673
0.233478
0.2336563
0.2342246
0.2350628
0.2350739
0.2351572
0.2351573
0.235162
0.2352117
0.2354304
0.2356353
0.2356518
0.2360514
0.2360724
0.2365846
0.2366116
0.2370712
0.2371722
0.2371829
0.2375136
0.2375817
0.2375886
0.2376087
0.2376909
0.237713
0.237905
0.2381958
0.2382012
0.2386457
0.2388243
0.2392873
0.2392935
0.2396262
0.2413253
0.241403
0.2414378
0.2416038
0.2417336
0.2417573
0.241771
0.2418244
0.241974
0.2420308
0.2427932
0.242871
0.2433452
0.2434365
0.2437018
0.2437968
0.2438258
0.243985
0.2439903
0.2446624
0.2455124
0.2455306
0.2460069
0.2460197
0.2460654
0.2461711
0.2463782
0.2464637
0.2469145
0.2469406
0.2470148
0.2470982
0.2472078
0.2474867
0.2475396
0.2480647
0.2485176
0.2491477
0.2492304
0.2510001
0.2516401
0.2521186
0.2521935
0.2523102
0.2528997
0.2529451
0.2531033
0.2536525
0.2538523
0.2542023
0.2544271
0.2544918
0.2547786
0.2560083
0.2560208
0.2568895
0.2570133
0.2570595
0.2571014
0.257987
0.2580031
0.2580738
0.2584568
0.2584907
0.2590339
0.2601525
0.260247
0.260926
0.2609329
0.2610455
0.261428
0.2616403
0.2626894
0.2642221
0.2656603
0.267327
0.2673977
0.2681141
0.268218
0.2682201
0.2682519
0.2685051
0.269279
0.26958
0.2700868
0.2703846
0.2704199
0.2713415
0.2716246
0.2716849
0.2730758
0.2731771
0.2733726
0.2733995
0.273468
0.2738492
0.274137
0.2744765
0.2751102
0.275327
0.2753988
0.2758603
0.2770218
0.277068
0.2770985
0.2776989
0.2779916
0.2780761
0.2787824
0.2788284
0.2789663
0.2790194
0.2791506
0.279388
0.2797929
0.2803721
0.280852
0.2812062
0.2821257
0.2830048
0.2838111
0.284093
0.2842459
0.2842658
0.2842719
0.2856502
0.2856751
0.2857028
0.285708
0.2861235
0.2862751
0.2873946
0.2875435
0.2875811
0.2876502
0.2880096
0.2880658
0.288239
0.288781
0.2891929
0.2894765
0.2896586
0.2910072
0.2911072
0.2927387
0.2928013
0.293014
0.2930779
0.2931532
0.2931583
0.2946362
0.2946992
0.2954641
0.2955652
0.2955715
0.2956169
0.2961301
0.2961402
0.2962843
0.2962913
0.2964414
0.296522
0.2965948
0.2966578
0.2968478
0.2971582
0.2972592
0.2972751
0.2979024
0.2979714
0.2983734
0.2985158
0.2986323
0.298705
0.2996888
0.2997766
0.2998534
0.2999592
0.2999666
0.2999946
0.3011355
0.301693
0.3017007
0.3019243
0.3023623
0.3024985
0.3034425
0.3034454
0.3034579
0.3036985
0.3040673
0.3043191
0.3056363
0.3066242
0.3069564
0.3075001
0.308947
0.3102512
0.3111014
0.3111612
0.3112038
0.3112758
0.3113194
0.3113216
0.3114613
0.3114986
0.3115799
0.3116012
0.3122158
0.3129489
0.3131052
0.3131756
0.3132076
0.3132207
0.3139004
0.3139239
0.3145221
0.3146059
0.314725
0.314757
0.3149495
0.3161345
0.3165598
0.3165815
0.3168696
0.3168932
0.3184704
0.3185101
0.3186294
0.318724
0.3224139
0.322414
0.3224149
0.3224156
0.3224169
0.3224171
0.3224528
0.3225207
0.3226709
0.3227287
0.3229274
0.3233829
0.3239867
0.3240049
0.3241422
0.3242381
0.3242992
0.3251826
0.3254583
0.32551
0.3257064
0.3259173
0.3259193
0.3259228
0.3262201
0.3267428
0.327068
0.3274781
0.3277311
0.327782
0.3293247
0.3293976
0.3336367
0.3336728
0.3337188
0.3338317
0.3348693
0.3351111
0.3351617
0.3358209
0.3359427
0.3373318
0.3374128
0.3378481
0.3382462
0.3382568
0.3391748
0.3393941
0.3394847
0.3406714
0.3417314
0.3423335
0.3424228
0.3427272
0.3429114
0.3439109
0.3439881
0.3448526
0.3453355
0.3455704
0.3467164
0.3469462
0.3473436
0.3477947
0.3483204
0.3485007
0.348563
0.3486112
0.3486467
0.349595
0.349885
0.3499781
0.350136
0.3511332
0.3512176
0.3514315
0.3514481
0.3515166
0.3517063
0.3517925
0.3521538
0.3531844
0.3532385
0.3534122
0.354182
0.3542359
0.3549434
0.3553708
0.3554835
0.3556
0.3557477
0.3577566
0.3578832
0.3582251
0.3584487
0.3588971
0.3589188
0.3602437
0.3602934
0.3602955
0.3606609
0.3607213
0.3610053
0.3610153
0.3619954
0.3620505
0.3620938
0.3630587
0.3655208
0.365545
0.3662578
0.366892
0.3669156
0.3675718
0.3676263
0.3682939
0.368305
0.3702767
0.3703335
0.3716301
0.3727799
0.3728338
0.3735591
0.3736057
0.3748292
0.375188
0.3757297
0.3757938
0.3775724
0.3802162
0.3805698
0.38075
0.3819573
0.3819675
0.3821598
0.3822004
0.3831141
0.3869492
0.3870095
0.3871585
0.3872063
0.3883871
0.3890823
0.3895302
0.3960093
0.3960252
0.3960482
0.3961115
0.3962301
0.3973073
0.3973793
0.3974149
0.3974307
0.3975116
0.3975447
0.3975804
0.3984644
0.398526
0.3985473
0.3986631
0.3987081
0.3987314
0.3988001
0.3988531
0.3988852
0.3998211
0.3998661
0.4001581
0.4003875
0.4004034
0.4005329
0.4013042
0.4016717
0.4026757
0.4027105
0.4039412
0.4039569
0.4049903
0.4061667
0.406321
0.4063896
0.4064955
0.4069981
0.4072562
0.4072748
0.4072788
0.4073299
0.407479
0.4074918
0.4076014
0.4077006
0.4085427
0.4085808
0.4086483
0.4087285
0.4089103
0.4090074
0.4090767
0.4096773
0.4096858
0.4097246
0.4097859
0.4098895
0.4100602
0.4101049
0.4109722
0.4110251
0.4112963
0.4112981
0.4113372
0.4113817
0.4115372
0.4115936
0.4124533
0.4127882
0.4146835
0.4149996
0.4162179
0.4162315
0.4164676
0.4173279
0.4179753
0.4185415
0.418745
0.4187905
0.4191867
0.4198824
0.420895
0.4209412
0.421055
0.4232881
0.4256483
0.4256702
0.4256839
0.4258133
0.427387
0.4280313
0.4282419
0.4283458
0.4284479
0.42976
0.4299027
0.4338359
0.4339397
0.4351217
0.4361766
0.4363623
0.4364499
0.4374487
0.4374824
0.4374917
0.4375275
0.4401513
0.4401938
0.4432653
0.4432975
0.4433878
0.4444834
0.4448053
0.4462155
0.45235
0.452439
0.4529152
0.4533316
0.4544432
0.4544912
0.4567176
0.4569389
0.4579369
0.4580207
0.4589062
0.4590592
0.4590948
0.4591998
0.4603196
0.460463
0.4621769
0.4622152
0.4624699
0.463779
0.465459
0.4657275
0.4667494
0.4678936
0.467988
0.4680201
0.4688185
0.4699813
0.4700956
0.4742111
0.4742679
0.4743818
0.4744283
0.4751633
0.4752664
0.477267
0.4795255
0.479533
0.4807342
0.4816458
0.4818139
0.4819113
0.4827004
0.4828019
0.4828684
0.4837215
0.4839998
0.4847713
0.4847847
0.4852517
0.4857259
0.4857622
0.4857828
0.4858882
0.4859468
0.4862983
0.4863443
0.4880026
0.4889769
0.4890048
0.4892286
0.4907203
0.4917555
0.4929828
0.4930625
0.4931494
0.4940156
0.4941114
0.4941526
0.4941768
0.4942379
0.4950145
0.4952828
0.4954907
0.4960354
0.4960491
0.4963093
0.4965071
0.4965367
0.496938
0.4969774
0.4971066
0.497533
0.49938
0.5044615
0.5045648
0.5054051
0.5062838
0.5063134
0.5064735
0.5065705
0.5074134
0.5081555
0.5085534
0.5097453
0.5105528
0.5151433
0.5152951
0.5153047
0.5162197
0.5162563
0.5172654
0.5172915
0.5173403
0.5193023
0.5240772
0.5288212
0.5297579
0.5311551
0.5317975
0.5326902
0.5337078
0.536543
0.5382978
0.5413948
0.5423644
0.5430186
0.5432664
0.5439476
0.5470012
0.5505422
0.5514061
0.5531615
0.5533054
0.5541708
0.5614737
0.5615349
0.5615655
0.5616181
0.5624657
0.5624777
0.5633239
0.563385
0.5679095
0.5680199
0.5687477
0.568751
0.5688044
0.5694954
0.5695286
0.5696238
0.5696412
0.5697225
0.5697653
0.5704209
0.5706572
0.5708291
0.5717193
0.5729889
0.5730381
0.5731127
0.5731238
0.5731301
0.5733271
0.5791566
0.5792925
0.579361
0.5800297
0.5801151
0.580169
0.5802169
0.5802348
0.5808804
0.5809906
0.5810654
0.5811112
0.5842014
0.584344
0.5872355
0.5872462
0.5888379
0.5890408
0.5897837
0.5905368
0.5905514
0.5907651
0.591495
0.6008884
0.6058115
0.6059449
0.6099414
0.6100327
0.6108552
0.6143039
0.6208158
0.6487369
0.6488615
0.6549676
0.6550917
0.6557209
0.6558185
0.655926
0.6567011
0.6595906
0.6626672
