46.38134
17.39019
9.339813
5.075461
8.847621
9.729355
15.9158
11.68329
13.21779
9.306399
4.447076
2.29459
4.823374
9.407958
9.299807
4.651712
5.251381
4.723252
3.706686
2.651894
5.128877
4.485229
5.124454
5.83024
5.251563
8.655484
6.842147
7.754171
6.20752
8.557372
12.63528
10.19151
6.754794
9.367861
13.3542
11.03808
9.745766
10.21876
11.05975
11.20553
10.29511
8.849504
9.045029
10.3306
9.375583
6.936419
7.089565
7.464734
6.083026
3.856479
4.58638
4.213066
3.463715
4.687
4.962496
7.021139
4.808867
3.746243
1.767257
3.011218
5.577106
6.188772
8.407485
8.849395
11.09629
6.247226
0.5476768
5.755356
13.63013
14.1595
13.91533
11.77079
5.701797
2.350197
3.920129
9.851534
12.60705
14.54779
12.62585
5.796955
2.636891
4.148335
8.256956
9.468829
10.01892
8.006478
4.39269
2.404852
2.961421
4.588447
4.043265
4.812482
4.541788
4.576734
4.522528
1.442626
2.868836
3.950774
9.211086
5.585199
2.456552
0.5437054
6.30973
5.762388
3.985193
1.427548
4.49094
7.564617
5.090256
1.193337
6.215981
5.53941
4.009424
6.32294
6.380023
3.727045
6.457759
6.099666
5.245561
5.177732
5.802141
6.795389
5.030794
7.715882
6.70101
2.828721
4.266512
4.918739
3.680965
5.874461
5.652023
5.312373
8.111231
3.689593
3.644839
3.754935
4.244892
6.734076
5.158104
3.093331
3.253884
3.318126
4.254127
5.033969
2.6977
4.455525
7.070735
5.127012
2.797305
1.713253
1.735471
5.034203
6.805172
10.79669
8.140821
7.49544
3.092726
6.497504
5.29205
8.745214
10.09448
8.19016
8.944279
3.208081
5.216567
7.432128
11.42888
5.1379
5.449898
2.086544
7.634009
4.657036
5.694664
4.860404
4.956392
1.64794
2.615762
1.428932
2.356472
2.134771
3.776007
0.912989
3.314555
1.496324
3.730481
2.728362
5.299549
3.16072
4.476862
6.870495
8.485298
8.510605
7.762834
6.064882
8.56634
8.410242
9.160194
6.124572
8.06729
10.65106
9.899139
7.010983
3.967242
7.100641
8.241344
5.946832
5.328425
8.32051
6.32392
5.487474
2.794853
4.510752
7.719386
4.157703
5.7762
5.420657
4.720901
5.120872
3.260248
3.421994
5.084803
6.383712
3.884198
5.790985
6.486779
4.657697
6.039337
6.205808
5.483079
8.043234
12.05417
7.896559
5.753147
7.605339
8.947061
7.745556
7.782369
9.569313
7.85095
5.125484
6.461369
8.793139
7.87167
6.90182
7.730968
5.44498
6.22054
6.367825
5.956156
5.678872
8.659338
8.21085
5.841888
6.552073
4.695123
5.650844
6.84706
5.758816
5.47991
4.481711
6.83433
5.976302
4.467488
5.048213
7.962605
6.010849
3.201886
6.313972
6.966
7.999075
7.882256
6.297896
6.299654
6.129292
4.819736
5.945154
7.745587
6.589231
8.928355
5.421439
7.526156
8.49851
6.833242
7.152019
9.198111
8.723368
8.560259
9.529035
6.886433
4.499263
5.885146
4.695205
6.067677
6.164504
7.647532
5.986154
5.237904
4.026582
4.906339
3.035674
3.401905
6.273397
4.219147
5.187669
3.034393
2.75883
3.964235
4.608935
6.162041
4.302232
5.617661
5.402684
6.680067
6.154511
7.196126
10.19556
6.277057
6.347517
5.657078
9.622885
8.628831
10.87053
6.812932
7.842445
7.607275
8.185335
7.046302
6.834945
9.359737
4.090615
3.886796
5.443031
5.302238
3.490381
2.964678
2.375766
1.213857
1.904392
3.252648
4.968916
5.356474
4.313213
1.800507
0.3657223
4.212745
5.481033
5.877844
4.370117
6.332359
5.94357
7.490397
5.58545
5.469866
6.914277
9.060214
10.0019
9.128236
5.721498
7.493381
4.387754
5.566611
8.937159
12.69307
8.70212
7.346105
4.711823
3.584117
4.484119
3.106935
3.726846
5.370502
4.947275
4.086832
2.015115
0.8714136
0.684166
1.658979
1.132656
2.779476
5.051325
3.377319
2.754698
1.353302
5.18803
6.544085
7.050729
4.022583
3.999983
6.1605
8.432958
7.37057
7.006253
9.647746
7.014859
5.745769
5.795249
6.231077
8.035049
7.037489
5.565077
6.244331
6.631384
6.079703
4.075607
4.891273
5.413998
6.640569
6.023151
6.296345
4.328963
2.952244
0.8316949
1.879391
4.261622
5.797922
6.610349
2.727705
3.423486
3.914676
3.298074
2.838036
2.626893
5.675558
7.038014
4.931435
5.633855
7.407855
4.857282
2.609273
3.21629
9.654222
9.53955
9.031179
9.165439
3.776321
4.108929
3.579584
5.781305
7.196912
6.808362
8.093386
6.166573
4.834277
3.295732
5.136526
5.730739
6.333006
7.525338
7.562707
4.863965
1.973374
3.485593
4.428088
4.255023
2.745667
4.151333
4.317927
3.69703
0.8616104
2.541077
5.225281
6.117699
5.965239
4.578548
1.466335
3.591562
2.985219
4.31343
7.556663
7.767529
7.12589
4.102002
4.076887
4.553973
6.729601
8.425714
9.35797
8.035254
6.38168
2.332004
5.792381
8.986432
9.158424
7.574637
5.088019
5.157692
5.385765
4.809993
4.551706
1.962659
2.869477
3.414003
2.433202
1.41922
3.087957
3.56113
2.430128
1.726885
3.122509
3.835949
4.013369
6.342574
6.097587
4.292517
2.024724
3.036584
3.518783
4.445736
6.985141
5.077302
6.095165
5.955817
4.796367
3.681517
4.602676
8.190493
8.954352
8.341502
5.310803
3.946172
4.445956
6.247436
4.958484
4.728565
7.461968
5.618071
3.007711
3.012249
4.425716
1.435837
1.062717
1.724456
0.2584023
1.899964
2.724622
2.677487
3.352319
3.324066
3.88847
5.642357
2.933225
0.8602294
0.8249244
3.95869
6.84619
7.747359
7.24708
5.495447
1.742603
4.69852
8.124104
6.264096
6.360885
4.123947
5.11826
2.789587
4.701884
7.590707
6.490137
4.323484
2.0603
2.999657
5.697624
5.790979
1.530875
3.810973
0.2663227
3.786252
3.107356
2.53768
2.513123
2.159071
2.440323
2.799875
4.885347
3.389461
2.460286
1.980446
4.695731
6.620706
3.717453
1.693517
2.481639
5.09687
5.679477
5.625303
5.185754
2.762994
4.613123
1.969247
2.783043
4.589207
7.363736
5.256842
3.906776
2.436473
4.717314
3.819167
5.328247
6.437653
6.699532
5.710165
2.627351
3.014366
7.773181
6.187047
4.999894
5.516404
5.514491
4.281086
1.637007
3.335917
6.209439
7.081784
6.825192
5.492955
1.634372
2.844086
4.736081
4.367249
4.199831
5.90631
6.047292
4.450081
1.711627
2.731567
5.414994
6.070615
4.602165
2.497236
4.12706
5.500799
4.916319
5.432073
9.049088
7.218491
4.253273
4.228269
8.846922
8.277595
8.261518
6.861787
7.285518
4.556159
5.810755
8.019434
7.352144
8.071726
8.54038
4.100126
2.149818
5.538156
6.044301
4.274467
4.62501
4.700695
4.906801
3.073915
0.7925577
4.161495
6.560832
4.591301
3.398874
4.643448
4.384663
4.418142
2.195491
4.475332
5.531612
6.497321
6.790036
6.473204
4.262082
7.748984
6.202495
7.869158
10.91748
10.97067
8.280574
5.299334
4.147301
8.480032
10.11188
7.905185
5.219426
6.169007
4.86811
2.966398
3.158331
6.608379
4.560063
4.062537
4.12128
2.598669
1.431321
3.396146
4.89337
2.836948
3.325704
4.545209
5.252141
3.315984
5.178619
7.794575
5.865628
4.280083
3.484348
6.404552
3.799705
7.283322
7.803756
8.255119
6.58182
5.471259
4.445275
8.101916
9.805357
9.080718
6.440599
3.216726
5.119708
3.219439
4.482802
5.360063
4.067488
4.227146
1.625809
0.781691
3.639889
4.843057
2.809714
2.811324
2.520502
4.009355
4.064499
2.219741
2.244398
5.40556
5.650874
4.795902
4.824793
5.379308
4.441205
3.226514
2.060956
6.276479
7.622476
4.521853
3.071863
2.131335
2.682458
4.321702
6.321037
5.578891
5.938977
4.031664
1.557907
1.671771
5.103369
3.010654
1.653844
3.017096
3.38072
3.362
1.268147
0.8744815
1.802225
0.3516465
2.335296
3.782883
2.686104
3.147826
1.437408
1.411803
0.9891078
2.230808
2.216496
2.726467
1.200791
2.688046
2.644159
4.547094
1.20192
0.5530019
1.111695
1.760224
1.549543
2.815537
1.042918
0.6948316
0.707143
3.534098
4.108733
3.702756
3.475406
3.252772
2.190096
1.941459
3.801893
3.865957
3.394578
2.053227
1.714455
2.578721
1.726733
4.682234
3.509399
2.913033
3.419731
3.703373
2.717618
4.241261
3.582424
2.753401
2.692576
2.781926
2.113487
3.547036
2.439902
2.871718
1.593716
1.814489
3.821745
3.094898
1.410246
1.461813
2.033056
1.578675
3.430353
4.175879
6.377344
5.253226
4.161278
1.291585
4.453394
6.038299
7.446035
6.721972
6.868738
6.712392
2.161685
3.547188
5.336524
6.512121
7.389572
3.834751
3.253677
2.92729
4.076909
4.090582
2.338256
2.349103
3.699724
1.222897
2.601364
2.243441
0.8344203
1.780906
0.5994153
1.117159
2.164348
2.579103
4.31835
3.453144
4.759811
4.62499
4.376443
3.824388
6.295121
6.386965
4.886534
8.473661
6.616309
5.088019
5.589169
9.090945
6.987182
6.917938
6.493504
3.539479
4.402756
6.180169
8.430044
6.755166
4.693957
3.978492
2.242558
2.744217
6.309521
5.756024
5.790198
5.513412
2.990456
2.053033
2.056983
0.8693124
2.935856
3.076909
4.931726
5.403084
4.674441
5.542711
3.374209
3.654489
5.057724
7.710385
9.180346
9.018371
6.471676
5.117936
3.618403
6.183024
8.644742
6.745585
6.535736
5.265586
4.591005
2.567638
6.872394
6.628761
5.173415
4.154934
3.39237
3.31021
5.875951
4.875334
4.990025
3.393337
4.643048
4.467213
4.641057
2.199295
5.380583
6.171446
3.506872
3.589232
4.298453
2.982538
3.751501
4.456139
3.854697
4.935621
5.055884
4.239499
4.291136
4.938783
6.480691
6.52207
2.757713
4.978349
4.207802
4.059213
5.686951
6.437953
4.280466
3.407353
1.271164
4.32174
6.623149
5.530271
6.90563
3.749014
3.348588
3.12888
2.510649
5.028768
6.066786
7.081014
5.456885
5.896027
2.383626
2.93634
2.291329
3.660228
4.002277
3.260142
4.816797
4.469221
1.348694
1.345463
2.099567
1.487
4.004994
4.223425
2.687119
3.436449
0.8625517
2.785198
4.607718
6.58683
4.858936
1.163532
4.282649
4.111405
3.63186
4.071933
4.706513
6.265312
4.955141
2.596388
3.974255
4.886454
5.908871
4.867565
2.454325
3.393173
3.407916
2.080587
2.876958
1.676236
3.173998
1.935483
1.521173
1.184091
1.484791
1.779525
0.7580211
1.207981
0.4107745
0.7253627
0.8900997
1.953626
3.608361
3.522309
1.869784
1.310166
4.232086
3.299825
4.333395
3.547088
4.163735
3.761326
2.643344
2.890973
4.538168
7.233561
5.722059
5.803907
3.627044
3.82537
3.130605
5.363889
4.284863
4.927737
3.752655
3.087073
1.104694
2.596167
3.228537
1.764824
1.378414
2.168536
1.260322
0.659091
1.01046
2.921138
4.02865
3.553877
0.6284714
1.578166
3.065508
2.415295
4.328601
2.379785
4.467446
7.457785
4.773518
3.6587
2.167164
4.339238
4.843277
5.173524
4.556534
6.12703
4.762758
4.512115
4.684386
4.668958
6.759223
6.119571
4.588762
4.393926
4.884802
2.693764
3.6976
3.166304
3.701889
2.231209
2.193815
3.45335
5.710217
2.669049
2.417581
0.5039849
3.176123
5.493036
5.678009
1.754488
2.776361
5.975157
6.029732
3.052065
3.394817
5.933114
5.977661
4.551739
4.469457
3.648345
5.579717
4.216305
3.622212
2.975046
5.245142
5.427189
5.716443
5.937064
3.82386
6.033359
5.268689
6.037198
6.028181
5.396193
3.683685
4.241323
7.799119
4.755357
3.974
2.200731
4.87582
4.474936
3.412558
3.241737
3.775585
6.033502
3.816023
4.791472
1.089902
3.090993
4.436539
4.53408
3.452113
3.945321
5.43039
4.69351
3.823495
2.481933
3.315708
4.222034
4.36124
3.979828
4.27361
4.849414
3.410296
4.759042
4.808963
4.52703
4.939543
6.731115
8.234123
8.313421
4.802339
4.651423
4.518149
5.951606
5.08184
4.804539
2.367088
5.683774
3.081798
3.98636
1.895462
3.335832
4.486413
2.018888
1.423627
2.626674
3.51657
3.293609
3.812676
3.988806
0.9413448
2.128038
2.164382
5.125649
5.042661
4.62039
3.583393
4.773105
5.642752
3.637242
2.594143
5.651193
8.72824
6.023984
4.826379
3.362405
6.342402
7.47794
5.752987
4.438455
4.653128
6.26001
4.791399
4.628125
0.839847
3.310235
4.00423
1.716172
1.971779
4.225883
2.65084
2.407602
1.620106
2.155814
1.357949
0.752584
3.156594
4.656612
2.111176
3.659377
4.035159
3.718116
5.069089
3.313799
2.851335
3.272704
7.135678
7.651175
6.584146
3.404542
4.20586
4.807361
4.580836
5.640102
5.737967
6.399817
4.825746
4.2168
4.695507
4.526995
4.34404
4.004814
1.305958
2.846463
4.397096
4.319853
3.862816
2.032076
1.751531
2.606039
1.340424
2.749702
4.745486
3.902954
4.889063
4.903922
4.576902
4.613319
1.635446
2.15845
5.67441
6.755406
4.676085
4.837761
4.049637
3.455367
4.971647
5.670989
5.33566
5.374434
6.794671
3.879404
4.306192
4.663658
7.227292
4.207921
4.13373
5.20949
4.605759
5.531751
5.148896
5.544423
2.473858
2.696948
2.63192
5.368426
5.198168
3.833946
3.095948
4.480768
7.049805
5.377836
2.64457
3.243153
7.931387
8.066911
5.21867
5.256928
4.967527
5.242481
2.343891
3.857593
3.575765
6.833235
6.701321
3.652445
3.604386
4.915481
6.094124
4.254511
4.959604
5.031047
6.015458
6.046413
6.238849
7.258296
5.261702
4.696834
3.988896
6.037764
6.300586
6.276069
4.57958
7.042272
6.469454
4.892809
2.840432
4.255685
3.19521
7.289293
6.48712
5.932444
5.744053
7.078764
4.287676
1.983328
4.014927
7.18722
5.734689
4.080539
4.070032
4.615908
3.017216
2.706523
4.825652
4.768826
4.563151
6.253521
4.48488
6.836006
6.00915
7.532093
5.407153
4.911933
7.332966
6.795238
7.348067
6.086824
6.949551
7.341098
4.221524
3.323514
5.542371
6.606905
4.922584
4.978409
4.079852
4.257617
2.896895
3.252971
2.486337
4.66335
5.801509
5.140097
4.526378
3.113986
4.653958
4.702056
5.061676
3.091186
4.371836
4.691548
4.945941
5.452958
6.47008
3.931006
4.92527
5.16564
6.561633
5.728849
6.212229
5.449196
6.689722
6.678522
5.806962
4.024193
4.392177
4.136254
4.779677
5.892994
5.946779
6.001415
4.236772
1.695833
0.7391862
2.613052
5.291348
4.638379
4.521196
3.432477
3.489714
2.346585
2.482758
3.008961
4.226756
5.119866
5.335075
4.750008
4.172786
4.60631
4.49615
3.31386
5.284663
4.209736
4.390109
5.871479
5.123096
6.485951
5.73339
4.130319
3.788616
3.871137
3.949614
4.833049
4.937028
3.871583
3.495634
1.78592
2.403177
4.685499
4.740263
2.333272
3.592466
4.868601
2.51826
3.074065
1.860188
4.342908
3.897968
2.88515
4.218338
4.063089
4.236452
4.763494
6.632068
1.843713
3.579774
5.560202
4.646904
3.817858
3.036674
4.643115
5.322611
3.119164
4.241434
4.34531
3.484886
5.983291
5.242114
5.878901
5.925876
3.536942
1.390244
2.692718
3.888632
4.913025
5.230012
3.598178
3.332961
4.728001
1.158063
3.374179
5.213206
5.388284
6.013085
5.58981
5.745459
3.96976
3.471177
4.868853
5.668272
4.261714
4.777104
4.655641
3.122014
4.522459
3.489351
5.476174
3.621145
3.50824
1.737615
3.653491
5.036914
6.694544
6.048267
4.515467
3.880952
4.962592
3.5168
5.820086
5.725839
6.202246
5.693483
6.091266
2.865622
3.792953
4.83427
6.859696
4.721895
4.119562
5.864694
6.000531
5.754032
5.954612
4.622552
5.150796
5.11639
5.482008
4.975262
4.585186
5.917118
5.747693
4.326066
3.323275
3.074209
5.196441
5.512779
4.807961
4.954943
4.980664
3.244898
5.768492
3.401981
5.211236
5.505937
7.803273
6.396647
6.626487
5.900043
5.758027
5.592791
7.652846
6.298564
5.972533
7.080536
4.791932
4.167921
4.761608
3.618145
6.931916
7.880515
6.124243
3.898907
3.804018
5.299685
5.820677
5.763708
6.954427
4.618268
2.308752
2.956422
6.464303
5.842256
5.830855
6.633072
6.5269
3.288668
4.390541
5.168976
5.987256
7.881374
8.736919
6.242671
4.783592
5.162473
6.360848
5.876194
6.699271
5.317327
6.738281
6.056796
5.9271
4.928721
4.612014
5.05097
4.245201
3.831835
4.892596
5.075424
5.321376
5.292566
4.660854
4.343836
3.309198
4.180777
7.159351
5.477244
5.290226
4.876928
5.220996
4.078327
6.460067
4.031129
6.231695
6.071167
6.287255
6.064407
5.293048
5.714166
7.696485
6.682557
4.589352
5.031326
5.351132
5.899429
4.847833
3.074874
5.453075
4.103018
5.725943
4.594385
0.7506664
2.344617
4.435732
6.051947
4.305248
5.388006
2.592733
1.81758
3.162097
4.962409
5.726824
6.908619
7.766239
5.316904
5.003489
3.288702
4.552404
5.41506
7.548788
5.718495
3.575066
5.133657
4.130533
3.536926
2.681406
4.532003
5.3427
5.918953
4.754043
4.045711
3.146498
3.325872
3.175518
3.380186
3.40822
4.085677
3.192589
3.901024
3.28079
3.221477
2.766968
1.983657
3.31799
4.540569
4.163878
3.148397
4.483954
5.512128
4.618515
4.558565
5.305898
3.502157
5.966237
5.536917
3.766855
4.038103
5.623025
5.018751
4.620318
1.727625
2.784989
3.2272
3.272985
4.181346
3.798606
4.102459
5.413714
2.891402
1.879067
4.205642
3.440177
4.604438
6.590011
5.804298
3.461654
2.745203
2.266307
2.901067
6.35225
5.43997
6.375201
5.315909
4.204868
1.479902
4.586068
5.513492
6.47028
5.620965
3.971387
4.830591
5.679297
4.082876
2.600177
3.2377
4.13332
5.696879
5.882478
2.516051
3.609217
1.901505
2.116843
2.90385
2.664027
5.844842
4.598588
4.021856
5.182734
4.107417
4.477338
5.273055
4.978559
5.848137
6.20125
4.474813
4.940196
5.828739
6.351619
5.160102
4.181724
5.231291
5.814827
3.782112
4.305345
6.369321
7.195961
6.209364
4.421576
2.491862
3.485571
3.90197
3.652835
5.919429
5.977767
5.339785
5.804348
4.146003
2.044891
3.801302
3.902047
5.561177
6.860998
6.747407
6.019682
5.188398
2.045911
5.207592
6.16543
7.389657
8.258678
7.568985
7.59123
5.77348
2.080999
5.682302
6.593551
6.999688
6.874963
4.526647
5.416838
5.119223
4.691176
2.602173
4.828715
4.151467
7.095205
5.439996
4.344208
4.577744
3.619277
2.471693
4.725401
5.792404
4.745528
6.304123
5.036427
4.186743
6.20553
4.739324
4.947437
6.157155
6.448891
6.121453
6.163073
6.043144
6.347344
5.682924
5.620259
6.919041
5.674418
6.242528
3.400391
3.349139
5.72565
7.360934
5.611737
3.56612
1.960816
2.516
3.78747
4.112317
7.11469
7.923484
6.178408
5.531099
3.21654
2.198782
4.301527
6.171455
6.046848
6.072202
6.912185
5.53982
2.699296
3.197877
4.52874
4.774619
6.410713
6.472126
6.284634
5.001901
3.942703
2.073771
5.102913
5.755653
5.796479
6.192589
6.297436
5.171036
3.253569
3.231359
3.119582
4.331255
3.923047
4.897389
4.137498
4.200082
2.971966
2.705247
3.69364
4.37765
3.915776
5.632659
4.430289
4.697623
4.924873
4.006403
3.712332
3.472414
3.652429
5.154701
1.851833
3.145604
4.137272
3.480807
1.24759
3.284574
4.06601
4.975132
3.017181
1.619272
4.198635
4.401959
3.547124
6.014801
5.710543
2.816531
2.677831
3.29612
5.324406
6.727132
6.301546
5.828663
3.052325
1.35712
2.921074
2.733597
4.771829
5.989813
5.967129
2.171075
1.495301
3.233626
3.961352
3.217161
4.621345
4.201117
4.269991
3.36364
1.743632
0.3679685
3.102559
2.909072
2.15086
3.016566
3.795508
3.483438
3.838115
1.929326
2.438253
5.296974
4.152607
4.599097
4.970703
5.651698
4.195284
4.400526
3.894708
4.510018
4.406267
5.913581
4.396317
3.761865
3.071434
4.701081
2.953827
4.207504
4.027639
2.653803
3.356804
3.904848
3.130838
3.414229
2.74661
2.919986
3.005262
2.262073
2.691816
1.917104
1.955109
1.965613
4.01996
2.568952
4.511068
5.011212
2.694748
3.810843
5.538296
6.466989
5.117513
5.615464
4.936967
4.565172
4.504847
4.851412
5.624506
5.535573
6.163756
5.084177
4.030183
3.687652
4.98017
3.863888
4.296923
5.307106
4.767425
4.485875
2.254485
1.999757
4.492146
4.473205
3.37458
3.194415
3.719492
2.984984
2.224304
4.001429
3.844048
4.011286
3.02172
4.683454
5.246792
4.349254
5.226087
7.109416
4.903145
5.168331
6.694465
6.389519
6.188109
6.305917
7.438404
4.841249
3.111934
6.009171
6.054015
3.675847
4.139117
2.825505
4.184255
3.009138
4.016257
3.674304
5.824666
3.371158
2.844312
2.17068
4.28828
4.67652
4.894398
4.044229
3.773917
5.005668
3.930418
4.299052
4.463941
5.486407
5.729573
3.130228
3.69596
5.160913
5.328743
6.454591
5.585588
4.605507
4.216939
4.902016
5.998767
6.33147
7.043463
5.905759
4.411555
2.931341
5.113893
5.773609
3.732884
3.446166
2.036631
2.722057
4.923633
4.21456
4.076991
4.464593
2.430951
3.388254
4.954506
5.78574
5.973959
4.111162
4.082256
4.157538
4.463186
5.102003
5.594253
4.538816
4.527288
3.369974
3.956414
3.8878
5.108621
3.446064
3.598715
3.202704
4.137441
4.533663
5.560239
4.01136
4.492886
4.755917
4.737486
3.404728
5.211536
5.523099
6.38112
3.905309
3.151637
2.716931
3.982094
5.357206
4.849185
2.947327
3.720442
5.002754
5.216299
4.581849
3.560194
5.228685
3.937024
2.813158
4.478856
7.637533
5.394718
3.660033
2.746007
1.728764
1.41142
5.45914
6.151023
4.797341
4.282194
2.018766
3.479227
1.256287
2.615089
5.084993
4.978397
4.699297
4.450734
4.087264
4.280531
5.872505
3.458343
4.509378
3.009059
4.469809
6.094976
5.023168
3.03075
3.212975
4.111795
4.713023
5.208912
4.498851
4.760929
3.525259
3.661797
2.157455
3.870747
2.585782
3.124866
1.716708
2.188998
3.785202
2.433146
1.712838
2.547056
2.567952
3.908813
3.010917
3.040319
3.417845
4.381707
3.93218
4.249176
3.53051
3.818791
4.460564
3.640038
4.957647
4.878113
4.63169
4.401023
4.331576
2.657689
4.927149
3.776043
4.633528
4.087358
4.295004
5.558993
4.731903
3.375377
2.316114
1.237716
4.004116
6.098853
4.668117
4.585068
3.557507
2.144487
0.6799635
1.959111
1.567109
4.853283
3.849408
6.166046
4.888448
1.668959
2.910036
4.935162
3.310416
4.544233
4.821608
4.010675
4.933343
4.342966
2.257527
2.833563
5.518585
4.53269
3.705082
2.96378
4.358405
3.545533
3.261981
3.385802
4.289563
3.622368
3.736627
5.001412
5.476504
2.926802
4.039859
3.292633
3.722382
4.075006
3.27659
4.766449
3.22024
1.82942
3.095657
4.243886
2.434198
3.691687
3.727773
1.987141
2.704228
5.028859
5.252326
3.533305
2.882218
3.248657
3.545398
2.80888
4.002772
4.688676
3.578746
3.517858
4.272117
3.858424
2.776689
3.832121
2.12758
4.535585
5.739394
5.52333
3.945259
4.59037
3.212593
3.985892
4.054163
5.598883
6.859722
7.501731
6.199151
3.91714
1.580787
3.446125
3.400324
3.880012
4.25731
3.510653
2.998593
0.7341795
2.059651
1.214808
3.238482
4.057497
4.197572
4.120333
3.016188
2.391776
2.613055
3.531837
4.813195
2.719928
3.585585
5.144672
4.584053
4.865542
3.310191
4.52481
5.339341
5.874068
5.019175
4.478399
6.202642
6.634029
4.37326
4.922114
5.918239
7.245444
6.716544
2.341563
2.493476
5.364735
5.295695
2.73939
1.91555
2.258591
0.5310118
2.54694
2.036115
1.82111
2.840602
2.632159
1.929311
2.440826
2.864509
3.728668
3.887863
2.487873
5.382748
5.30067
3.527656
6.380329
5.164167
3.682989
5.535574
5.950478
6.309078
7.740013
6.10603
5.46017
4.635411
4.847723
5.89203
5.058974
4.264709
5.940426
4.51155
2.786963
2.289599
2.286442
2.803524
1.870642
2.266209
3.669463
3.486341
1.333964
0.4608991
2.659085
1.515008
1.90928
3.741342
3.826469
4.366126
4.946873
2.851737
3.191064
4.806752
6.749369
4.564973
5.187948
4.379003
4.803233
5.205464
5.330476
4.397614
7.263054
6.861341
4.634132
3.237494
4.986181
5.687982
5.953915
3.402752
4.255626
2.896501
1.581392
4.110085
3.027582
2.876891
2.658813
1.090342
2.263882
2.895323
1.563319
3.891495
2.675777
3.900951
3.642982
2.648362
3.904897
5.373489
5.223674
4.373917
5.236454
5.795321
6.119013
4.569864
3.693436
3.213683
6.190619
5.864701
4.622242
3.262453
4.507515
4.693278
4.081275
3.539798
5.497007
5.475507
4.587767
2.790981
5.053506
6.038339
3.096033
3.381969
3.795595
2.069126
3.972917
3.48794
3.807621
4.165684
4.900456
2.286535
3.350131
3.73212
6.131216
3.352699
5.622314
5.029058
4.526916
3.330769
4.209215
4.341478
5.969525
6.412624
4.843654
2.294821
4.601315
4.084402
3.494338
3.15292
5.069025
4.273172
2.999797
2.71977
5.771073
4.674496
5.13353
4.744265
3.460302
5.953057
6.199435
4.015591
5.785262
5.816661
4.543231
2.814272
3.238473
5.319934
4.985713
4.068493
4.908235
4.473852
2.984738
3.673313
2.300096
2.54378
6.04321
6.239972
5.591924
4.047647
3.144103
2.797144
2.67487
3.694071
4.902787
6.002532
4.948685
4.938927
4.187967
4.088134
3.728196
4.576243
4.558203
4.430456
4.756715
5.472522
5.835496
6.065345
5.14361
3.920173
5.006221
5.409087
4.628673
4.557282
4.556158
4.61468
5.242853
2.832574
2.306536
3.273575
3.672788
3.411909
3.344371
2.44266
3.029408
3.255812
2.768103
1.755059
2.709894
4.708994
4.251011
3.442647
3.907125
5.276993
4.503263
4.569893
3.299903
4.514556
4.515065
5.138612
4.997485
5.184706
5.121
4.336863
3.998928
4.150195
5.646638
6.061885
5.003994
4.740805
4.653616
2.985782
1.675447
4.004653
4.77903
5.16439
4.945809
3.799196
3.371877
0.9114627
1.418408
2.853756
5.812011
5.618396
5.056545
4.860229
3.165416
2.40194
2.873251
4.280807
4.01867
3.573033
4.27124
4.269464
4.197763
4.065051
4.639518
3.13002
3.048723
4.327872
5.562187
4.742832
3.503134
4.118667
5.005296
3.360667
4.129362
3.46302
3.329245
3.930598
4.118411
2.812645
3.599489
4.898067
3.698511
0.933373
4.148985
4.905714
3.392549
4.612158
5.662025
5.047442
5.096818
1.942186
4.104458
3.013575
4.665288
4.256197
4.482459
4.310387
3.768555
1.577952
3.332838
2.410183
3.009979
3.794205
3.677891
3.428216
3.966054
3.306939
1.704786
2.944143
4.684635
5.574349
6.212241
5.431452
5.487004
4.364619
2.365443
2.650398
7.165625
7.713422
6.804689
5.129798
4.231775
3.08931
4.56225
5.208858
5.722291
5.84434
6.227605
4.159559
5.67422
3.554565
3.475883
3.655049
3.706397
2.232413
3.664584
3.287556
2.826867
2.579449
2.259704
1.905291
2.63919
2.597929
3.687161
4.215499
2.888975
5.197282
5.803864
6.335947
4.601493
5.724034
6.618048
5.853313
5.54259
6.731315
7.637008
6.971609
7.136862
6.117589
5.068869
3.851915
5.719222
5.817993
6.393
5.942604
5.40419
3.301475
1.583594
3.993876
4.912021
4.500048
4.148123
2.339864
4.358338
1.542703
1.679764
2.054142
3.443024
3.403923
4.019232
4.233755
4.244997
4.920715
5.474859
4.279186
4.243621
7.739692
8.653272
9.0145
5.567568
6.858618
7.448277
5.208235
6.340877
8.747525
7.506271
6.75766
5.990562
4.583217
3.960639
4.240164
4.797019
4.936878
3.337549
4.270809
3.571855
2.816469
3.076975
3.805456
2.611339
2.545637
3.900717
4.159726
3.755138
2.273531
4.874688
5.822057
3.931746
5.036609
4.51029
5.828311
6.929171
6.512475
5.672859
7.384996
8.591244
7.006769
6.483895
6.819302
4.38371
5.491352
6.241582
6.821398
7.056138
6.229847
3.796075
2.872849
3.240413
5.83276
6.182935
4.568753
5.514381
3.820811
1.322089
2.353057
5.463518
5.567992
4.798997
3.438292
3.49833
3.958366
3.791737
4.433478
3.97623
5.334006
5.194806
4.243449
4.659038
4.78366
6.244311
6.204095
5.38212
4.840582
6.542277
7.406988
5.674611
4.862971
5.577934
5.98422
3.714825
4.535344
5.922651
5.29712
4.111893
3.194463
3.655303
4.776926
4.235054
4.263183
5.988824
3.920552
4.437163
4.512928
4.636116
4.777376
5.866554
5.647989
2.931611
3.191366
6.106102
5.105159
3.058423
3.238096
4.176606
4.546371
3.588813
3.666051
4.191764
3.404261
2.65528
4.437746
7.136896
5.845921
5.789946
5.325477
4.461848
3.360751
5.990026
6.786745
5.715138
6.091528
3.511346
3.145795
3.750202
6.961743
5.338986
4.432107
4.486005
5.537358
4.038159
4.902349
5.145943
5.837111
5.272279
3.51383
3.618985
2.160677
3.472114
4.951926
3.506725
2.092557
3.164271
3.767925
1.615725
1.050063
3.228596
3.346715
4.766159
3.472131
3.990154
3.940662
5.021138
4.338025
5.484209
5.203038
6.29644
5.255133
6.28358
6.607777
5.619971
3.832854
4.3743
5.220913
5.374347
5.322086
4.474498
4.261624
4.720421
4.308532
3.735506
4.438071
4.071718
4.401096
2.928286
3.338171
3.109257
3.196727
2.21782
1.496967
2.63308
4.856454
3.892205
2.159462
3.212842
5.088425
2.374517
3.10266
5.830684
5.764104
4.539474
4.827391
5.332698
6.3952
6.347582
5.561888
4.509612
5.807453
5.820181
5.27378
4.884762
3.534789
5.626455
4.021939
3.003668
4.182179
4.880553
4.458869
3.168107
4.745798
5.617513
4.067862
1.77505
2.814784
3.267969
3.658298
5.167999
4.376697
4.629541
3.892449
1.953862
3.148013
4.378446
5.148104
5.773781
5.79355
5.610759
5.947041
5.473303
4.844287
3.962486
5.081854
6.82395
5.106745
4.880343
4.565612
4.952634
4.164312
2.744202
3.797308
4.562891
3.942212
4.637825
3.804208
4.619224
4.852687
4.953674
3.571254
4.118961
6.081362
6.328078
3.674181
5.523762
6.693133
4.620258
4.71172
5.81074
4.157052
4.089073
5.599608
6.720284
5.763505
5.796361
5.021673
3.634248
4.316513
6.330795
5.880046
4.979647
6.155696
5.162246
4.212866
3.010267
4.196358
5.485301
3.38028
3.521729
3.699933
4.37722
5.254377
4.840843
2.444075
5.528841
5.62463
6.429981
6.758558
8.179141
7.856011
5.968222
4.981143
6.309341
7.750771
7.062307
5.663989
7.171273
6.015094
5.365368
3.950817
2.293736
4.059999
5.86918
5.03212
4.468271
4.319418
4.880921
4.288887
3.086972
3.322139
5.005458
5.353635
5.299123
3.663558
5.468786
4.999728
5.796296
3.279864
5.331577
5.247245
5.106569
5.76934
7.681259
6.617781
6.992179
6.183335
7.591909
6.604158
6.589565
6.266164
7.951716
7.826783
8.513437
6.110586
3.597685
3.241914
4.362708
4.815181
4.002683
4.474914
5.09647
3.851887
1.964043
1.468191
4.549888
5.765604
4.123117
4.59718
4.623112
5.02383
5.523388
4.912938
4.629032
6.686924
5.591303
6.835983
5.467663
7.694157
6.710201
6.219617
4.904257
7.337697
5.958281
5.905973
7.342689
7.909873
6.717905
4.758868
4.684455
3.659323
4.530272
6.032768
5.011815
3.883973
5.674047
4.357496
2.298571
0.4265953
4.566998
4.384723
2.781108
4.495573
4.788735
2.833357
4.550517
4.71079
4.5361
5.464972
5.741434
4.93259
5.786882
6.724006
6.589677
5.521439
5.186069
5.868962
4.702026
4.353179
6.521434
6.006599
6.351116
6.365072
4.470169
3.050574
4.865343
4.259693
4.607345
4.793592
6.053564
4.84414
2.835649
2.399934
2.955243
3.906392
5.073732
4.684675
4.509426
3.578456
4.047628
3.459451
4.722909
4.874916
5.113115
4.690852
4.798027
5.528842
5.35492
4.05845
5.113873
5.402605
4.521523
4.478678
2.706275
5.152959
5.750956
5.245598
3.694578
3.070292
3.952583
4.519026
3.975575
5.167051
6.16343
6.727139
4.766936
1.972052
4.844656
6.371636
5.132667
4.487977
4.769779
5.792377
4.056899
3.091633
3.028029
5.604257
4.63445
3.538968
4.436207
4.57212
4.806847
4.070217
2.81089
3.78543
5.556377
4.122344
3.099767
3.868392
4.677457
6.143995
3.229824
3.48636
3.443989
3.487419
3.183254
3.812316
6.081099
5.873055
5.049654
4.200241
4.917812
6.177196
6.874841
5.384517
6.589189
6.416853
5.517026
4.192037
6.55997
4.298738
4.6998
3.480134
4.963819
3.800569
4.037816
3.264018
3.613111
3.584967
4.681736
3.241392
2.41346
3.085607
5.160879
3.92119
4.077003
4.253811
4.51044
3.821545
4.0852
3.849109
5.656708
6.909385
5.212695
5.0556
4.1835
4.76857
6.020984
7.231186
6.051554
6.751924
6.219642
6.616669
6.035455
5.263112
5.712593
6.385811
4.722542
6.368606
4.837925
4.198743
1.699293
3.877865
3.730145
3.12832
2.10153
3.982179
3.350648
2.007441
2.774709
3.933557
3.959722
4.660314
5.094278
3.700516
4.64957
5.901578
7.150315
5.40877
4.97645
6.592687
5.890152
5.5486
6.638412
6.262587
6.607139
5.307448
6.028321
6.795284
6.075764
4.991417
4.888797
4.477722
5.883603
4.15952
4.404084
3.750524
4.930533
2.536319
1.537068
2.57242
4.784842
2.706349
3.922659
2.863697
4.690622
4.239865
3.723987
2.460207
5.793669
6.715223
4.859356
5.746024
6.436591
6.386119
5.249467
5.392989
6.645755
6.506415
6.733367
4.629204
6.676632
6.187058
4.368438
4.57908
4.191827
5.023769
6.630035
5.847952
2.056261
2.963964
3.353718
4.9454
3.421694
3.390239
5.23848
3.874418
2.552602
1.514944
5.312891
6.482858
4.455428
4.395854
4.044199
4.939901
5.214429
6.259922
5.266129
7.040777
5.20913
6.462644
4.859362
4.380598
5.205335
6.109183
4.559396
5.716079
4.232282
4.37556
2.560646
4.184362
3.841002
5.328785
2.899818
3.37261
5.287041
4.89248
2.213512
4.149715
4.986875
4.803338
3.680593
4.744852
5.60126
4.978657
3.010562
5.281605
4.17905
4.761248
6.533945
5.423259
4.766774
5.984491
6.589068
3.566417
6.123037
5.790071
5.625737
3.474612
5.620451
6.153049
6.082044
3.244869
2.153137
3.367133
5.041087
4.242835
3.621691
2.516407
4.287096
2.56139
4.016748
4.555683
6.349231
5.069776
4.848973
2.784809
6.398855
7.329513
6.132563
5.840551
6.024341
5.120029
4.457267
4.305254
6.324384
6.111915
5.024368
4.031628
5.785796
4.648612
2.659898
3.492792
6.217049
5.62244
4.444845
4.032704
2.27028
2.690673
4.432631
5.609491
4.418846
3.532293
4.744225
4.937665
3.194572
3.28045
5.525353
6.360167
4.619204
4.938841
4.265736
7.155962
5.869247
6.404787
5.45667
6.193547
6.646609
6.948994
5.612363
7.24056
7.014985
4.327623
4.835556
4.237063
3.74914
4.539349
3.749823
4.700789
4.657308
2.839045
2.748474
2.969937
4.472395
5.16439
4.260135
3.099541
6.877054
5.264201
4.788839
2.821002
7.409853
6.883069
4.989027
4.789596
5.996457
5.578564
6.711105
6.260515
6.522752
5.805509
6.107385
5.388403
5.901684
4.641617
7.670854
6.07313
4.521405
4.519973
6.340455
4.011346
2.62155
5.636797
6.280056
5.008132
2.271731
3.360703
4.773273
3.809658
4.386102
5.451871
5.393183
4.094637
5.481352
4.019584
5.148518
6.582491
6.789435
5.821075
5.375701
4.420537
6.341096
5.202761
5.491937
6.286067
4.880113
4.133478
4.908823
5.387987
4.71754
4.953483
5.806163
5.561646
3.440683
3.9043
3.417416
6.37457
6.304107
4.570301
3.043837
2.85609
3.95765
5.730207
3.653945
5.187427
5.116091
5.516371
4.618563
4.692805
5.359833
7.266597
4.580396
5.037489
5.570529
6.097938
6.066411
4.861321
3.946753
3.810345
4.237266
3.901869
4.49757
4.246068
3.433717
5.213761
2.216538
3.479281
5.436347
5.071733
2.653249
3.315412
5.632331
5.442869
4.981638
4.430434
5.750648
4.858481
5.102688
3.761348
5.827466
4.898439
5.462455
3.942738
4.584174
6.455554
4.904499
2.919412
5.510917
4.700634
3.698508
4.43888
5.415747
3.909704
3.529206
3.09739
3.248288
2.180037
3.133456
4.625797
0.8949125
2.314744
4.454895
3.157782
0.2776675
2.493505
4.827516
6.064773
5.4644
3.711601
4.013521
5.652263
5.831287
6.183726
6.240375
7.170828
5.155266
6.271874
3.495955
4.99275
4.313123
5.59299
2.865131
4.268173
3.966553
4.37697
2.692389
2.049223
2.731754
3.270546
3.015315
4.957869
3.816047
3.038432
0.3480499
2.988214
1.865638
3.368709
3.589403
3.168048
4.889253
2.529482
2.935557
3.456703
5.094535
5.922865
6.626241
3.720334
5.744263
6.614329
4.952435
6.786002
6.369895
6.939769
6.74768
3.744513
4.052357
4.917161
4.744604
3.824168
4.254868
3.182265
3.060039
1.516554
2.585813
2.63942
3.92407
3.855848
2.107927
2.159143
3.815277
4.288375
2.362028
2.892807
3.742635
5.955891
4.486371
4.134264
6.500484
3.92959
4.121648
5.182828
6.215095
7.219906
5.848836
5.71647
5.732977
4.438907
5.115059
6.257708
5.777374
6.141165
5.778018
3.496423
3.897875
5.324212
2.50955
3.059926
3.548322
5.054866
4.48017
3.502579
1.990603
3.787138
3.020193
3.828791
4.204001
4.392378
7.349272
7.467925
3.869829
3.614536
4.998559
6.777029
6.825011
6.765835
4.731738
6.239435
3.475654
5.008664
5.1505
7.717308
6.349147
6.26353
2.839105
4.426009
4.876664
6.677993
4.948113
6.670366
4.76251
5.201302
1.130463
3.746699
5.884712
6.730592
4.064705
2.998725
5.514323
4.087581
4.952132
4.618656
5.980489
6.005512
5.916038
5.833082
6.481453
5.969274
4.552638
4.412002
5.461275
5.93678
6.14293
4.799132
3.634602
3.69289
4.277537
3.202439
5.092171
6.420961
5.321366
4.69144
3.657024
4.750695
5.064338
6.371234
4.188995
4.617006
8.333252
7.396682
5.114775
3.892907
6.735503
4.787058
5.993788
4.463059
6.570239
6.716156
5.648931
3.85647
5.184304
5.026458
4.537235
6.711299
6.722699
6.0207
4.548206
3.59751
2.97343
5.283787
4.308117
4.65558
3.436021
4.119942
2.176529
2.499902
3.616962
5.133911
4.631224
5.34764
1.733972
4.562165
6.6123
7.255183
5.271475
7.390329
7.459583
6.868609
5.380643
5.345227
6.637527
7.298028
6.975291
6.435812
3.857398
6.176496
5.489439
2.420813
3.492996
5.978634
5.180549
4.391486
2.40269
3.626956
3.080463
1.629802
3.550456
4.875136
4.350428
4.487717
2.786387
1.956875
4.341181
5.349634
2.416469
3.894356
5.32261
5.332005
4.89378
4.41441
5.203612
5.561665
6.122313
6.00062
7.167601
8.436203
6.098759
5.639508
4.859625
6.910006
3.52342
4.213975
5.973884
6.02142
3.908541
1.990936
1.950065
2.653009
2.773416
2.669678
2.66624
3.888752
4.698953
4.286285
0.8341168
2.768466
5.265099
4.734997
1.687733
4.588855
5.304562
5.137432
4.11637
3.218686
5.51984
7.014494
5.271784
4.4956
4.497595
6.811718
5.603338
5.403012
7.219719
4.772753
4.271065
3.530169
3.792958
4.709859
5.185636
6.222997
2.927666
2.868257
2.362245
3.494835
2.960517
4.836985
3.836971
4.713698
2.200152
3.400306
4.231833
4.534897
3.652405
4.604067
5.844601
4.288265
5.082061
3.734293
3.881352
5.859241
3.908868
4.179539
5.522458
5.290457
3.938323
4.400202
3.608402
4.828104
5.539096
3.804815
3.324958
5.189187
6.39684
4.54935
3.088225
4.192334
4.886538
3.354306
3.408311
6.154547
6.461951
5.969236
2.470573
4.064034
4.538097
5.861751
4.319309
4.988153
7.163932
7.143097
6.358536
2.595919
4.43258
5.063314
4.525346
4.223642
4.806696
4.236954
3.168135
1.98995
4.040431
3.906426
4.125491
1.329858
3.29914
4.959741
4.562885
4.478183
4.655174
5.75671
4.798506
3.482888
4.417208
6.687609
5.954774
7.193879
4.304149
4.50462
5.591061
6.374433
4.569827
5.386196
6.252715
7.583259
4.34686
5.323681
5.363692
5.812052
3.377024
5.761679
5.712032
4.186213
2.711859
2.897637
2.595812
2.970025
3.43475
2.098578
2.02508
1.258927
2.066076
3.337499
3.76114
3.927241
2.935694
5.03019
2.397926
5.734062
7.344623
8.175193
5.984879
6.171203
5.395452
5.306996
5.109303
7.400393
7.222707
7.260046
4.708426
5.240275
3.585359
4.483085
2.930435
5.259545
4.694526
5.336457
3.907295
2.03959
1.951877
2.75525
2.568809
3.471682
2.548769
2.314451
3.984424
2.75294
1.543816
2.800896
3.461553
3.565704
2.052476
3.345882
5.710926
5.751658
3.514267
5.193287
5.324821
6.406842
5.551059
5.491717
6.237044
6.576146
5.155845
6.347981
3.784849
4.537495
4.738842
4.15393
4.001971
3.176123
4.048471
0.6605181
4.089754
5.68747
3.079747
2.976279
2.519907
2.63961
1.834588
2.647267
3.643569
4.900656
4.45856
2.768452
1.76741
3.045575
4.649882
4.467
5.457896
4.657263
5.075841
3.088142
3.660374
5.429734
6.034029
6.369588
5.777839
3.853024
4.466496
3.832893
3.701952
3.741491
6.037208
6.03054
4.865616
1.730396
3.983115
2.148632
3.236786
6.482295
4.851247
3.861641
4.795869
5.36314
2.119094
4.441559
4.066175
6.103847
3.303173
5.079067
5.462053
5.111173
2.908019
4.732475
3.234347
4.913024
4.194901
4.115773
5.751908
4.069659
2.583084
4.041243
4.774792
5.348683
4.446572
4.189292
3.672797
4.197111
3.872707
3.392874
4.308029
5.131524
5.391473
5.230146
4.745787
3.263492
5.168749
6.409456
5.43189
6.932966
8.543242
6.142844
5.344268
5.220736
5.887081
7.499316
5.603915
5.417036
5.415411
5.061486
2.798025
3.4231
3.37602
4.083001
3.686051
3.722167
3.744358
2.910382
2.562042
3.152702
3.847765
5.76621
5.897501
4.805744
3.557821
4.602255
4.563138
5.99786
6.008051
7.848688
7.441163
5.881272
4.401284
6.317657
7.530812
7.114391
7.223609
6.88315
6.793887
7.014466
7.367663
6.233695
6.232537
5.908925
4.941558
5.611254
6.048256
5.669564
4.652321
2.642765
0.2600241
3.504309
5.262577
4.570773
2.659303
3.352476
2.258547
2.383422
2.929975
6.220287
7.81111
6.781405
6.393162
3.254839
5.016005
8.226322
7.380761
8.113695
7.052753
8.029455
7.248476
4.800655
5.468318
9.537171
5.116607
5.713175
5.87149
6.57688
4.737336
5.361644
5.292882
3.775301
3.26959
4.926348
3.626393
3.952352
5.356763
4.020004
1.746053
3.736052
3.335454
5.296826
4.325758
2.477627
3.70779
4.683266
3.702912
6.397651
5.348072
5.783452
5.484855
3.083552
6.151682
7.505754
6.522114
5.961603
5.636183
5.312003
4.686594
4.058231
5.26973
6.034094
4.098516
3.579567
4.426382
4.858724
5.568601
3.252459
1.555818
2.497175
3.753854
4.82792
5.249628
5.394584
5.200127
2.482577
1.48209
3.088109
5.607555
7.007392
5.543313
4.037912
2.703001
1.750319
2.599159
5.731706
5.658226
6.42909
5.288043
1.643409
1.836075
4.274708
4.607487
4.276134
3.645702
2.113783
2.556804
2.85127
2.736998
3.829998
3.72046
3.129646
1.079779
5.027486
5.138523
5.788575
3.030174
2.967623
5.144595
3.373523
3.507431
3.678113
5.130887
3.875736
4.030086
3.362696
3.055382
3.467353
2.227993
0.8931251
2.414804
3.406639
3.609394
2.401197
1.350991
1.823222
2.664688
0.5867043
2.440907
2.702321
3.021499
1.709356
1.023675
2.241791
3.282558
0.9048373
1.966424
3.515794
3.457513
5.088952
4.106731
5.328723
6.146389
5.388964
2.940411
4.063704
6.795134
7.526011
6.16754
4.839282
3.978548
2.209159
0.9895829
2.665085
4.583401
5.485139
3.812264
1.598529
1.352059
2.724005
2.585439
2.105482
3.142259
1.940546
2.470728
0.9825108
1.61541
3.954575
5.161029
3.812698
2.489145
2.749415
2.984386
5.354077
5.386873
4.565464
4.627652
4.307554
5.193684
4.612078
7.331421
7.647201
7.140061
5.640647
6.881392
5.249427
2.339375
5.800111
5.888566
6.206846
4.49289
3.397387
2.310775
2.219988
1.430626
1.516127
3.655738
3.019036
2.48686
0.8330416
1.792286
2.791414
2.027886
2.394233
2.962207
4.604562
6.087138
6.659738
4.720831
4.469427
6.66092
5.667625
3.842838
6.239983
7.613693
7.177389
4.479496
6.594482
7.488834
6.173547
4.251149
4.695753
7.047174
7.016179
7.443821
5.443161
3.858671
4.427109
3.284544
2.543294
6.610876
5.445684
5.418262
3.063257
1.376923
2.557217
4.366552
3.128484
4.985201
4.444722
4.739527
3.739158
3.873149
4.60224
7.245975
5.784334
4.390448
5.51063
5.986711
6.102007
5.898897
6.663852
6.772723
5.808405
3.625596
3.769811
5.623208
7.505853
7.65642
4.80541
4.841565
5.205467
3.972935
4.100262
4.940992
7.405593
5.859814
7.015267
3.692356
3.364377
4.605978
5.729654
3.687026
4.963411
6.333966
5.703013
6.169983
5.023171
5.271055
2.45483
4.515796
5.907487
5.040981
5.792033
4.805345
3.191386
4.088922
5.411207
5.286843
2.470937
3.986812
5.540073
5.075629
3.050781
4.695646
5.907761
4.180385
4.128986
3.954659
6.372512
7.55003
6.535963
4.332616
6.364308
5.643886
5.787139
5.178007
6.028301
6.495621
4.2961
4.260387
4.400797
4.80681
4.417949
2.958894
3.780922
4.80658
5.302616
4.075062
0.775713
4.082526
4.208912
4.838568
1.327107
3.374811
3.290331
3.948569
2.272614
3.635567
4.858994
3.894917
2.227142
2.111838
4.050978
6.579426
6.9072
4.560982
5.815713
5.77505
3.863898
6.104362
6.813072
8.691603
5.451453
4.79562
4.780748
5.400292
2.268408
2.243409
4.022928
4.802907
3.616706
1.312347
1.786383
3.796379
1.798115
1.305244
1.296812
3.117446
2.83229
4.330807
2.840079
1.923049
2.559752
3.954445
4.592001
2.48875
2.975232
5.107738
4.736875
2.509459
3.232405
4.813119
5.243736
5.011823
4.139072
4.564668
4.884607
5.709937
5.178792
5.654465
5.612616
2.702436
3.737217
5.392034
5.440166
3.370817
1.576481
2.24114
1.513834
1.478955
1.313616
2.328808
1.94994
3.287002
1.707711
1.282895
3.05528
4.273077
3.633915
2.693246
2.834609
3.159913
2.025564
5.460006
4.892639
4.112418
1.913809
2.09589
3.241589
5.232192
4.497645
3.41486
2.786361
2.538461
3.503974
3.560602
4.901933
5.78254
4.909608
3.42779
2.053145
5.434089
4.051812
4.067025
2.228259
3.942178
4.18066
3.579477
2.672082
2.011249
2.633639
1.094685
4.131494
3.332762
3.783501
3.750277
3.135756
4.051405
1.381008
3.136601
3.317731
4.932603
3.757077
2.399991
1.88794
0.6367706
4.196661
5.338386
2.107556
0.5942643
2.909282
3.129456
4.838803
2.849571
4.007772
4.656938
3.655401
3.886435
3.560212
5.85292
5.55031
4.607987
4.304853
2.762969
5.272535
4.988709
6.859973
3.479129
3.613909
3.984008
4.919544
3.034941
3.023566
2.788693
3.813939
1.852168
3.313477
2.739437
2.5228
1.958842
0.8607208
1.124327
0.8257508
0.8583556
1.918203
1.484153
2.670454
3.736015
0.5244237
3.10089
5.349327
4.984293
2.875618
4.56888
5.939612
5.642633
6.260931
5.355326
3.973202
5.519526
6.746566
5.548908
6.261634
6.475767
4.901293
3.846297
4.44679
4.668266
3.271577
4.510011
5.508487
3.657405
0.3016347
0.8157725
1.578453
1.902759
3.262453
4.353813
2.284742
0.927821
1.543364
1.869007
1.328867
1.706365
2.207585
2.972234
3.140344
3.233974
4.576396
5.039145
5.568416
5.128534
6.148619
7.068044
7.039013
7.262546
5.474504
6.332537
5.701989
7.165319
4.437551
3.887334
4.862984
5.756084
5.868028
3.454891
4.334881
2.039107
1.456969
2.558261
4.101526
1.774054
3.453326
2.530509
2.098846
1.405184
0.6221572
0.7881162
1.992508
2.748459
3.496118
3.100076
2.431401
2.002931
3.796127
4.652925
3.674566
4.379333
5.693258
5.810122
5.064915
7.355134
7.46259
6.195275
5.905366
4.55829
6.191322
4.309498
6.877862
6.276682
3.869915
1.788173
3.733313
4.475037
5.298983
4.576679
2.215177
3.815435
2.213648
3.688785
1.352036
3.118649
3.579232
3.684808
4.098407
2.106728
2.543627
4.998567
3.023626
2.680115
3.015009
5.12581
3.870587
5.19692
3.483588
4.080554
3.359391
5.386942
5.439738
5.361624
5.238833
3.732681
4.948288
7.277806
7.784852
3.586004
3.600912
3.991609
4.335045
5.7256
4.801799
6.202866
5.313003
5.456201
2.598847
3.314532
5.401094
6.965647
5.563234
5.75287
3.507089
2.966704
2.333109
2.164278
3.798977
5.967674
4.270164
4.194014
2.669425
1.180843
3.462665
3.994515
4.089603
4.202437
3.321279
1.897611
4.17476
3.303155
6.960054
7.133799
4.06001
3.565662
4.583643
6.283953
6.526721
5.589178
6.159603
5.516517
3.465864
4.61611
6.875401
6.325968
6.316069
5.036298
4.664174
4.658426
4.920125
4.147433
4.252023
3.492824
4.035408
3.577547
2.253795
1.05548
2.761562
1.668607
1.649435
3.151123
3.448454
4.415129
1.307724
2.766352
3.78994
5.171269
2.919201
5.079183
3.694618
5.414698
5.308621
4.47825
7.324846
6.865222
7.252253
3.410521
3.374726
5.124184
6.835587
6.79564
6.071187
5.461377
2.711255
2.618835
4.955053
7.46255
6.273617
7.296909
3.541928
1.048715
0.762446
1.933342
3.843673
6.080898
3.822898
3.048372
1.785544
1.113514
1.893792
4.670362
3.327058
2.479674
3.771731
2.987566
2.343334
4.561834
6.10849
7.035944
5.75767
3.394619
4.071722
6.053468
5.409111
6.553418
3.468406
3.892166
3.399491
2.637927
4.571072
5.965163
3.325692
2.543966
3.91357
4.388771
5.006154
1.047859
5.099914
4.338807
4.774094
3.286144
0.4778149
0.5751686
1.929294
2.896769
1.819803
0.2127951
1.655649
4.461325
3.05993
1.340616
2.393609
4.122525
4.697539
3.450407
2.062901
3.660491
2.860176
3.364315
3.930534
6.836813
3.481576
0.8444414
1.566695
4.48357
3.953368
5.103511
3.489161
2.268854
2.121324
2.306715
4.81393
7.041996
7.913966
5.979731
1.160107
4.110388
4.27514
3.940719
3.97202
4.235523
3.55281
3.405017
1.861132
1.316526
1.985942
2.208826
2.252817
2.239397
0.2358287
1.947691
2.340788
1.206084
2.39742
1.936451
0.9443303
0.8601071
1.315835
2.880661
3.61888
1.216888
1.83291
2.907813
2.417038
3.113679
4.411149
5.851249
6.163817
4.668752
3.641879
5.670707
5.040528
6.132221
5.800943
6.889771
6.255694
5.902055
5.029248
3.775219
4.231294
6.383511
4.114024
4.239598
2.496284
3.317814
1.56075
1.985698
2.239166
2.336103
1.288057
0.589861
0.740117
2.732268
4.150902
2.378509
1.887598
3.504596
3.450606
1.438479
2.838614
4.396856
6.457034
6.762814
3.863271
5.550804
5.713422
5.668645
7.602763
7.191785
7.688168
9.961872
9.62282
5.842312
7.264325
6.03084
6.279103
6.949275
7.039614
6.596572
5.108358
3.396952
3.976586
4.961783
1.24097
3.336481
3.466741
3.540022
2.595498
0.982559
1.132542
3.967257
2.357196
3.877065
2.333497
3.704677
4.986877
6.732846
5.474622
4.285625
4.447182
5.636106
5.745131
7.581658
8.822026
7.68709
7.90982
6.599235
7.87143
8.234478
9.004162
9.251289
8.400383
7.884304
6.430637
6.407041
6.948103
5.469421
6.200466
3.734105
3.655035
4.682722
4.524081
3.048697
2.801414
1.952861
2.77792
2.748986
1.253609
3.793409
5.609825
5.793248
4.042878
4.700735
5.59297
6.028339
6.909065
5.59425
6.476484
5.78757
6.772659
7.411133
7.085126
6.912761
4.99218
5.631606
6.772338
8.730053
8.831378
9.376523
6.215599
6.626507
5.330058
4.345861
6.321693
8.029822
6.135252
4.812156
3.25956
2.552824
3.931236
4.756267
1.629716
4.374444
3.845721
3.948076
3.333887
3.748713
4.18118
3.136256
4.050667
3.682048
5.968064
5.40452
5.177219
5.170443
5.842063
4.353925
4.004994
5.061821
6.262727
6.733635
3.877852
4.227535
4.374765
5.968159
5.803894
4.012193
5.610906
7.530119
7.047729
5.346048
5.013037
5.93582
4.256574
4.88819
3.067753
4.438236
5.194532
5.043163
3.681596
3.051962
0.4006293
3.288039
2.679134
3.591081
2.840412
4.098522
1.573205
2.32669
3.333736
3.4935
4.720675
3.024086
1.454808
2.406069
3.545847
3.839351
5.671654
5.829299
3.503732
4.080791
2.708813
4.267259
5.360582
8.344454
6.253186
4.056401
4.4515
5.749165
3.280301
5.72346
6.353862
5.181377
3.893951
3.196264
3.411031
2.083427
3.381131
2.68798
3.125972
2.164335
2.027371
0.4904081
1.893463
1.319897
0.635527
0.6203876
0.6357943
1.992909
1.69947
1.917086
1.64835
2.068307
2.546991
3.138152
1.856504
4.153557
4.523887
6.685176
3.233782
3.223574
4.958951
5.845033
3.123358
6.325229
5.474102
5.968415
5.508433
3.912795
4.065875
5.007218
3.994161
6.103448
5.05329
4.134219
2.02444
3.447748
4.439721
6.118856
4.950346
4.362501
1.624356
2.742548
1.021628
2.524644
4.065273
4.690038
4.413667
3.096238
3.239578
0.6275171
4.057364
6.265244
3.22335
4.915988
5.072321
3.688272
2.999734
3.964265
4.521994
4.591934
7.036636
6.157848
4.356812
5.192315
5.089713
5.758637
5.921484
6.901577
5.986577
4.706173
4.712035
5.797494
3.906448
5.704179
4.617622
4.527642
5.632118
3.42293
3.509892
5.186926
4.353056
4.136667
3.222162
3.360736
4.028374
6.174894
3.715106
4.205278
2.863873
3.873639
3.813167
5.371108
3.548446
6.320741
4.225339
3.237008
4.532475
4.93893
4.145761
5.842255
6.298637
6.909313
5.659424
3.670732
5.254282
6.37636
7.29125
8.678005
6.226136
5.393495
5.793472
3.618992
5.068965
7.932196
8.207105
7.001469
4.415268
2.191351
5.270852
6.247393
5.398891
5.945863
6.249769
6.584883
4.69663
3.233752
2.590766
4.979249
4.418851
5.21843
4.088072
4.843642
3.917915
3.290422
2.717904
4.526376
4.556705
6.212506
4.980778
5.630283
4.970501
4.584967
6.07935
5.935734
7.901248
8.22656
5.004027
7.722028
6.966967
8.097774
6.4448
7.555094
6.11826
6.777554
5.389853
6.160685
5.846354
6.598273
6.42613
3.651215
5.571374
4.734921
3.681431
4.134869
5.13592
3.161911
3.139242
3.764137
3.45679
4.03688
4.226838
4.954799
3.283184
1.982131
5.491391
6.144715
5.047355
6.968468
7.771416
5.607621
4.447547
4.966457
7.958559
10.85207
8.085058
7.693409
5.504348
6.423732
6.536414
8.154247
8.350005
9.838641
6.886601
5.827511
4.423239
5.268876
4.19762
5.322157
6.222682
5.409853
5.430638
4.074463
1.390928
2.692426
2.38698
3.769477
3.242127
5.411868
4.645401
5.189269
2.892232
3.085615
3.959393
6.201046
6.96298
6.154148
5.464569
7.391977
6.803354
5.110409
9.006705
7.913817
7.156355
5.369456
6.526654
7.030632
7.395599
7.445675
6.448087
5.94102
5.491203
6.128242
5.190304
7.765219
5.435782
3.733699
4.304376
4.404396
1.961155
4.001118
3.4635
2.733219
2.265824
3.92325
3.486085
5.090354
5.207269
6.024589
4.270574
2.531552
3.177849
6.220743
5.409962
7.724005
5.85447
6.436123
3.545405
5.335574
6.649416
8.416052
7.858567
7.732995
5.409609
5.123999
4.524328
4.288246
6.365731
7.475552
7.434816
5.215242
5.214369
3.763872
3.008411
3.745721
6.186112
4.923104
5.676484
6.905959
4.363106
0.6129059
4.161705
5.135412
3.955928
3.523572
5.786781
4.15142
2.763306
2.491472
3.316828
4.415003
3.62438
3.918804
3.124753
2.979785
4.643239
5.717906
5.315118
6.436013
6.090069
4.137794
4.868094
7.052716
7.178031
5.526008
5.148245
5.00095
4.814966
4.939975
4.11808
5.001118
6.539437
6.277342
3.670292
5.909512
5.219357
4.62667
1.582364
3.965969
2.67425
4.314879
3.054699
3.457922
3.41047
3.018214
3.602082
0.9097049
1.337171
3.356897
3.79528
3.031706
4.215313
5.035837
3.272363
2.984765
2.993225
5.027105
7.220081
7.90493
6.822952
6.307767
5.162093
4.706564
4.218806
7.261476
7.082315
7.849279
6.552269
4.109743
4.804402
5.36898
5.502131
6.585619
6.165205
5.779175
2.448714
2.094689
4.132739
5.139976
1.746753
2.372064
2.584391
0.7416034
1.79154
1.99556
1.901351
2.952828
4.319217
2.868984
1.527323
4.115168
2.866907
5.894425
4.58796
4.990681
5.630498
5.619882
5.33507
6.796301
6.230391
7.246356
6.488926
5.432936
7.593962
6.81717
4.65317
4.09528
6.400393
7.676264
5.768315
5.844231
5.903972
4.309629
3.055123
4.747256
4.480204
3.649004
2.142789
3.371914
2.41498
2.346546
2.42909
1.870201
2.049135
2.586923
3.905776
4.247061
4.690116
5.506591
6.234487
5.368028
3.269131
3.428085
7.467466
8.491718
6.294207
6.551024
7.276881
5.46068
4.417786
5.222984
6.905853
7.506183
4.287168
5.171594
5.62181
6.104096
4.835631
4.228191
5.209068
8.293725
5.273832
4.915449
3.449317
5.315297
5.685567
4.127787
0.5349193
2.823649
3.051085
3.617698
3.408466
2.525909
3.018444
3.865477
3.122159
3.660112
5.532335
5.356648
5.025493
4.732725
6.114467
6.279032
6.361471
4.67588
5.269629
5.795875
5.835386
4.414237
6.348418
6.15093
5.033415
2.41808
5.40754
6.405568
6.781031
4.538352
5.445814
4.879144
7.133318
5.915967
6.089138
5.26635
5.096864
5.796691
5.533211
6.097897
5.803429
4.957634
2.903958
1.520182
4.303827
4.303648
3.546263
5.680512
5.525377
5.496733
4.168944
3.333056
3.473479
6.190008
6.011702
5.188777
5.59375
6.918219
5.095113
5.456376
3.931868
5.192647
6.63644
6.155391
7.356191
6.463382
4.355643
6.752139
6.295183
5.067838
7.572131
7.706993
7.777493
6.932199
6.656103
7.4024
5.312151
6.261803
6.667601
6.6683
3.830481
5.357388
4.595483
4.137348
1.886374
4.19707
5.017062
3.828015
3.785147
3.006082
4.219053
5.902112
6.735657
5.597948
5.044785
4.897735
6.649367
9.062401
5.812897
4.746016
5.971702
7.507668
6.180769
7.343847
6.972223
7.593656
6.834529
5.968687
7.280458
8.80195
6.596406
7.321562
7.283767
4.800883
5.943767
7.105377
7.970521
7.358544
5.126751
3.155345
2.935741
2.634213
3.374414
2.57408
4.048091
6.82242
7.599384
4.271117
2.840407
2.819003
5.318891
7.624259
7.205143
6.49019
7.853988
6.080585
6.617006
5.869012
4.337911
8.270433
6.426762
6.168399
8.441214
6.788158
5.450068
6.451576
7.066221
9.320097
6.525899
6.274678
6.617115
5.993731
4.010299
5.455965
4.185196
6.21511
5.069258
2.691452
2.149636
3.493264
4.024927
4.237376
3.838603
2.635054
2.492044
5.00432
5.045169
4.696972
3.959817
4.662237
5.443109
6.905593
6.636071
6.582736
6.552749
5.366003
3.230614
5.603811
4.491596
7.341401
6.359235
4.77023
2.781436
5.159147
6.928845
7.463935
5.787208
5.542719
6.066534
4.652111
2.81755
3.354874
5.314922
6.201715
6.980727
4.548332
2.835219
0.7413771
2.402634
3.93304
3.378925
2.896147
4.909525
4.010211
2.481262
1.53325
1.60257
4.034298
4.561104
3.608694
6.242476
5.413524
3.964632
2.390826
4.596669
3.869413
4.009867
2.900229
5.403546
3.838563
2.447447
2.849533
4.554435
5.681816
6.899487
5.159169
4.802592
4.805986
5.61122
6.222525
5.191913
4.632538
5.237322
3.725142
3.58657
3.184345
3.249349
2.279883
3.942971
2.840512
3.398965
3.601463
0.6191347
1.852132
0.3636848
2.195682
1.849705
3.651578
4.28768
5.310234
5.603887
1.234328
2.589676
3.718562
5.394994
5.266749
4.431651
3.59349
4.570753
2.088639
4.320042
4.668167
7.683343
8.463773
5.240287
4.425261
5.027861
6.283587
6.579255
6.662581
6.197912
7.325353
3.891591
3.163717
3.918574
3.922339
6.193689
5.039128
4.258286
3.934327
1.147419
0.6101184
3.35747
2.74405
2.705985
3.237024
2.982977
2.18869
2.699689
1.357639
2.209504
5.687273
5.982183
4.805309
4.256096
4.851944
4.962347
6.325355
4.986734
6.072505
7.395784
8.138046
6.446244
6.87703
5.29375
7.902472
7.191083
6.587924
7.336695
8.512752
4.251801
3.561589
4.098166
5.991175
5.163401
5.333004
6.621534
4.442249
2.161259
1.095028
2.886245
3.417159
3.48922
4.514431
4.478021
4.104018
4.109363
3.40356
2.361733
3.648345
5.164186
6.740407
8.350824
5.0596
6.165043
5.723023
5.890203
6.95415
7.669192
8.073782
6.290043
6.360061
7.426899
6.918681
5.219009
6.985028
7.678506
8.283455
3.950199
4.81116
3.761808
4.939868
3.598452
3.903204
5.738803
4.899296
4.783198
1.720807
2.979403
5.688728
6.248764
5.230486
5.757297
4.360869
3.481151
5.9892
4.838141
4.164721
4.883011
7.834216
5.736271
5.05997
5.556871
5.857842
4.345858
5.661478
7.13165
8.947586
8.514787
4.909873
4.539057
5.530872
7.132509
7.427806
7.496003
6.234694
6.233589
5.57555
2.926513
4.799449
4.784354
5.695386
5.01776
5.357869
3.866683
4.590149
3.258608
3.916173
5.44855
5.733404
5.772243
5.790075
6.245334
5.499547
3.217278
3.249669
4.452509
5.317807
5.241429
5.893918
3.834421
5.557318
5.013915
5.189749
4.468758
6.291635
6.933659
5.114358
5.237955
5.464504
7.856269
5.052443
5.92444
5.221734
7.536
6.242899
6.161052
3.865143
5.479099
5.961255
5.773126
4.346096
4.100353
4.825349
3.318211
3.417696
4.136852
5.6805
5.57394
3.464399
4.214966
3.782902
2.789442
1.15312
4.647312
6.467035
5.985939
5.377703
3.578037
3.706884
3.049387
4.054684
6.31247
6.755575
6.166986
6.179983
4.66055
4.490011
5.904771
7.402252
5.988011
5.319082
7.038554
5.139078
5.936068
4.835656
4.547439
5.709408
5.669661
5.507673
5.391969
4.969903
2.327719
1.981758
4.324644
4.567144
2.257785
2.753231
2.779669
4.967481
3.171077
2.357971
2.131274
1.966419
2.725362
4.026423
3.775151
4.014472
3.846394
5.051755
5.245728
2.832597
4.92845
5.106529
6.566912
5.001373
5.959287
4.723316
5.864073
4.986161
6.007412
4.341299
4.304434
4.334736
5.773704
5.099637
3.324202
4.345042
5.606582
5.541114
2.723093
2.606542
3.23938
5.698596
4.511695
3.689861
1.272302
1.824546
1.949627
1.891003
2.053339
4.52965
4.793634
5.32219
3.624184
0.1792171
3.596294
5.280831
3.765664
4.666587
3.508199
4.034827
4.667816
4.670508
5.091603
5.489064
4.944295
4.799366
4.978443
6.125758
4.959619
3.579685
3.14521
5.68788
3.534557
3.723296
4.041575
6.759366
5.483976
3.143553
4.714483
3.667929
2.736561
4.99278
4.535521
5.560443
4.262685
4.540537
3.643431
1.165558
3.343895
5.130003
4.634311
4.320032
3.529122
2.195497
3.315233
2.728346
3.5196
4.469395
2.104267
2.908183
6.329993
6.870808
5.37853
3.785223
3.717667
7.439901
4.838913
4.624926
4.921902
6.00292
4.513171
3.018392
4.039624
6.888324
6.197385
5.98994
3.89802
4.44451
6.725717
7.392466
6.892322
4.371802
3.869278
4.527638
5.793692
5.466346
4.709279
4.12621
1.868889
3.294526
3.863793
3.865083
4.518385
1.459484
3.808192
4.217741
2.284454
2.112125
5.302987
4.58834
6.663406
4.10222
3.730288
5.966538
7.705109
7.909697
6.69202
5.31866
6.045608
4.91775
6.065027
6.836909
8.721938
6.378757
4.446412
5.118614
5.653695
7.685463
7.077772
7.050403
6.680541
4.656296
2.698062
4.062612
4.730148
5.495952
1.233305
3.414385
3.335315
4.109965
2.928272
3.537322
2.413231
2.449116
3.68793
5.144394
3.030248
6.495834
7.000961
5.653482
2.548969
6.470046
7.336372
8.491638
7.27389
7.328869
5.80598
5.849012
7.022646
7.365948
6.901964
6.359328
6.076271
4.710797
6.59707
5.298098
5.714015
4.962964
5.231089
5.216197
3.402747
1.989419
4.177006
4.898404
2.395509
1.117348
1.871369
4.494118
5.94532
3.667789
2.663885
3.434727
3.314351
4.605941
5.815571
4.787309
6.640311
6.454165
4.133105
4.329947
7.192248
8.146709
8.182621
6.040067
3.937597
6.045745
5.659915
8.048847
6.623691
6.322547
3.25744
3.005699
4.65989
6.878373
4.630925
3.533581
5.086232
6.005543
4.420964
2.097245
2.557082
3.213283
3.433145
2.863008
2.524787
3.900495
3.52385
2.833829
2.193833
1.629408
4.046
6.224324
5.037319
4.789487
6.099412
5.269947
3.255778
4.063636
6.319788
6.380387
5.253838
6.36869
4.614711
4.648691
3.498705
3.243509
5.473337
8.114141
4.500502
3.609947
2.751346
4.459951
4.108046
3.910557
4.86538
5.507233
4.198148
5.531714
3.958528
4.106057
4.92262
4.280406
1.992918
3.391047
5.184885
5.312027
1.730285
2.886416
2.395811
3.671982
3.860068
4.108016
4.785322
3.360456
3.182563
4.570595
4.673889
5.422099
5.929628
3.032202
4.16503
4.606713
4.087881
4.122429
5.956658
6.579198
5.634831
2.964016
3.631982
4.451015
5.736745
5.679364
6.768084
5.263856
6.026746
4.381796
4.82476
5.122926
6.402973
5.792817
6.30658
4.268198
3.103042
4.154801
1.701769
1.506764
2.26711
2.894365
2.728486
4.159529
3.008466
3.309482
3.486551
0.2464029
4.2865
7.285021
6.385849
5.048662
4.850516
4.075037
4.739872
5.700405
4.462288
7.098682
6.469346
5.626094
5.379716
5.683921
5.02505
7.152991
4.505659
5.792476
6.309499
6.009389
6.208944
5.770219
4.052691
4.159729
4.106828
3.976304
4.923032
5.145213
2.686138
1.521609
2.542835
2.106082
2.102321
2.059435
2.246074
3.092422
4.721687
3.687228
4.038183
4.272566
6.557033
5.542823
5.59418
3.751824
5.350829
5.349037
7.460317
7.594322
6.466263
5.534377
5.149292
4.551334
6.500954
8.468116
6.76473
5.035687
5.972678
4.929979
3.910094
4.231846
4.105022
4.06394
3.841276
4.635604
5.999753
4.51183
1.452906
1.92274
2.123774
3.761945
5.03106
5.221745
3.767224
2.776599
2.928945
4.011064
5.150151
5.906297
6.369231
5.486984
5.291198
5.386627
6.882065
5.8862
4.994868
4.379645
4.425653
5.990165
6.246685
5.708625
4.011488
5.343974
3.630579
5.552652
6.693862
6.585814
4.976104
4.393895
3.98541
4.893603
4.264826
3.039444
3.293468
5.088858
4.176752
3.962002
4.722193
4.685473
3.099617
3.606271
4.009221
4.703633
4.953655
5.008198
4.684027
4.183072
5.160102
5.274529
4.151241
5.698219
3.936821
5.272404
4.734947
5.073329
5.949271
4.803595
3.295362
3.509161
3.613324
5.692073
5.499998
4.376558
5.526214
6.402665
5.898507
5.051422
4.271185
5.32846
6.407412
6.137117
5.211496
5.203754
4.486813
3.858052
5.973821
4.263209
4.854774
4.21943
3.303066
3.372114
5.724452
3.019885
5.100516
3.01829
3.068433
3.780715
4.841874
4.375709
4.521139
5.463888
4.519413
2.767359
3.581738
6.305379
6.982017
4.217408
3.583573
4.525737
4.93136
4.694915
6.327311
5.595816
5.846532
6.986656
7.495304
5.797475
6.617148
7.218483
4.585606
4.506215
6.44176
6.712565
4.142161
4.263821
2.850574
3.312873
3.532189
3.211071
3.764027
3.909815
3.201724
1.973003
2.419152
3.264487
2.968415
3.519417
3.320717
4.917961
5.184897
4.002169
5.292494
5.949645
5.603829
5.951722
5.562402
4.507993
6.153469
6.312025
5.605727
5.106457
7.013717
6.04133
6.053256
7.335844
7.113088
4.898553
5.365459
4.524505
5.674024
4.96021
4.029179
3.719209
2.35551
3.042207
2.477672
2.715255
3.962903
5.031433
2.967586
1.279799
3.095604
4.983088
4.847546
4.134295
2.118
4.560492
5.668121
5.538183
5.074353
4.943952
5.507581
6.246509
5.280002
5.828008
6.850565
6.292767
4.76617
4.564335
7.621439
5.622166
5.397565
6.053441
3.459051
5.341288
5.456175
4.208821
4.44915
5.501691
3.973926
3.502523
1.032299
5.046086
3.165333
2.191443
3.049752
6.320903
6.341537
4.400628
2.764919
3.833746
4.941012
5.244989
4.232394
6.806646
5.923733
3.852717
4.521097
3.067635
5.56497
6.397534
5.741026
3.643754
5.66807
5.43127
5.132324
3.799694
4.473965
5.652112
6.213512
3.585738
5.263391
5.419045
3.781732
4.363798
4.223293
4.43812
5.848423
4.430425
3.752244
4.66179
3.81541
3.887497
2.825879
4.968755
4.670804
6.291889
5.45408
4.148801
4.726215
5.470241
4.140948
3.434596
6.033412
5.204937
3.515927
2.630734
3.480242
4.07759
4.195383
2.933871
3.14553
2.957436
3.757443
4.184762
4.809414
5.59472
5.440387
3.284031
4.17441
5.614021
5.38958
5.221869
6.039448
6.561267
7.198731
5.862642
5.165425
2.96653
5.315642
4.743576
3.808839
6.279869
5.469383
3.972278
2.812086
2.037968
3.499957
5.478839
5.344224
4.526076
4.235479
3.733331
3.506268
1.926057
1.989824
4.136169
4.228664
3.304021
3.678677
3.653581
3.981049
3.963339
3.723255
4.420477
6.032067
5.537946
5.467718
6.627931
8.093184
4.909037
4.078586
5.814451
7.183148
5.558187
6.309623
6.871888
6.179623
2.691176
2.686944
4.401665
5.693391
4.232143
2.54477
2.042139
2.399204
3.663138
3.451404
1.267366
3.930694
3.577218
3.847972
3.130439
4.114517
4.616626
4.994877
3.92503
2.215162
4.407517
3.341549
4.283135
5.90397
7.348309
7.051694
6.205679
4.3271
4.153914
5.560277
6.028293
7.678529
5.893115
7.829186
5.295997
3.704507
2.749058
5.512351
5.813073
4.695094
3.636971
4.104719
6.073432
3.468485
2.960442
1.344017
2.902207
3.670408
6.207332
4.695623
5.798332
3.788743
2.253141
3.789103
5.4065
5.357805
5.472179
4.237505
4.780382
5.026519
5.663597
4.980584
5.090476
4.519386
6.41751
6.177611
7.385444
8.630953
7.514003
3.771585
3.539755
5.428976
5.627323
6.727496
5.156063
5.329899
3.261539
3.806421
3.810157
4.812909
6.196187
5.6293
4.147778
4.4094
5.695207
6.249365
3.603966
5.589003
5.036306
3.707375
4.886503
5.845767
5.307916
7.31868
6.796298
3.636132
2.549312
4.316576
3.700349
4.947003
5.823071
9.47191
6.055755
1.361602
3.772192
6.089354
6.384395
7.096725
6.182379
5.140425
6.216357
5.653394
5.786203
4.066894
4.5216
4.840729
3.211061
6.507403
8.677403
6.279547
6.014289
3.534507
4.777103
5.493362
5.944477
6.950056
6.241683
5.483261
3.461815
4.157182
3.942962
6.715773
3.864295
2.546796
2.83801
5.471701
4.920014
5.725018
3.26316
1.787908
3.517762
5.079606
4.727164
6.482819
6.915943
6.2281
4.114078
4.32937
7.05794
8.088784
7.062511
6.458795
6.369816
4.505651
4.951685
4.932386
5.633693
5.866527
3.435661
3.776078
5.307915
5.53566
5.647903
3.81117
2.811191
2.360764
2.647382
2.296695
4.087515
5.259906
5.548835
4.62815
2.618062
1.273153
4.515853
6.037253
3.512195
5.338611
3.684347
4.0127
3.28582
4.712718
5.158382
6.501507
5.023324
5.672027
6.23677
7.104753
7.843885
6.012212
3.861314
4.046586
4.488738
3.686311
4.536234
4.979992
1.50828
3.368829
1.987455
2.803121
1.649476
2.296727
0.9802232
3.655713
3.478439
2.8504
2.702441
1.022563
2.447099
1.475674
2.345814
4.103077
4.939187
3.159585
3.80552
3.276819
3.287241
4.620183
5.046405
4.643303
5.284402
4.631975
5.199002
3.980372
4.13829
4.438247
4.636798
4.190435
5.971289
4.429905
3.073555
2.167973
2.561033
2.770966
2.496517
0.3150088
3.768233
2.031742
3.963402
3.400942
0.6460884
1.700543
3.618338
4.593043
4.16864
4.020536
1.763061
3.549323
0.9007969
2.296009
5.983731
5.331495
5.242059
3.183145
3.716205
4.813252
4.854506
4.408674
5.011658
5.180273
3.512957
2.896443
3.270565
5.269774
3.405616
3.314445
3.258819
3.132913
3.436099
2.729272
1.130957
3.278716
4.474802
3.937467
3.457081
2.694554
3.29356
2.804777
4.070099
5.256804
6.166816
5.743974
4.373688
4.420763
4.524019
5.237743
4.383937
3.631846
4.265698
3.53602
4.650285
4.673181
3.010896
3.533121
3.625358
4.374328
4.492065
4.629442
5.242582
3.391983
2.909756
4.003767
2.773407
4.180662
4.701814
4.192314
3.867955
4.342138
3.004767
4.635705
4.592144
6.33561
5.353974
4.446478
6.664563
5.083682
4.430741
6.238873
7.627398
6.895713
7.520837
7.179879
3.219281
4.116922
4.361644
4.696756
3.837847
5.069553
4.012698
2.955117
2.808709
1.892361
3.91567
3.760258
4.994086
5.707321
6.222915
3.869434
5.343065
3.826111
5.454567
7.2295
6.38572
7.152439
5.281382
5.535679
5.183706
4.664735
6.067733
7.845153
6.29643
6.253052
5.28242
4.679719
6.071654
3.662123
5.584032
6.576779
5.606752
4.235218
5.461847
5.497467
4.536478
4.146131
1.800293
5.262672
5.677559
3.117677
4.116454
4.636522
3.020669
4.319736
4.23681
5.324694
5.639581
5.728944
5.96885
5.175979
6.635931
7.78348
6.510221
6.48113
7.681704
6.130972
3.484756
4.601033
5.993716
8.018514
6.569879
4.854548
4.054488
2.98845
3.583394
4.262272
4.636307
4.686892
5.491134
2.89572
4.600383
2.335768
2.80882
3.489679
4.165341
3.889537
7.157206
7.362742
5.03529
3.893374
1.937844
4.498672
5.196448
6.312993
6.761702
7.333125
3.995324
3.598083
4.813152
6.534023
6.477297
5.137376
4.323987
7.406282
3.447949
2.181629
1.921212
3.917603
4.122935
4.719763
3.759222
3.415143
3.589013
2.624675
2.082185
3.367028
3.697083
4.875651
3.748217
3.209633
4.145511
4.757646
3.061677
4.124127
3.976763
3.892021
5.072634
3.233422
5.699897
4.420566
3.550055
4.218588
4.220914
4.30516
3.713839
1.954693
2.428083
5.396964
5.442257
4.293998
2.322591
3.514074
1.804432
0.4677483
2.719018
4.449111
5.173075
2.773528
0.8464832
2.320904
2.959439
2.869837
4.161971
3.806547
5.227597
5.828945
5.271042
3.923294
2.375972
1.704626
2.641471
5.262246
4.918386
5.627927
3.841883
2.252496
1.743793
3.144778
1.931586
1.70404
2.683379
4.801169
3.55152
0.4457477
0.3225065
1.697484
3.226248
2.909228
3.530267
2.547255
3.145165
2.474476
2.515753
0.7464027
3.336094
4.810642
3.220534
3.317899
4.224114
3.847225
4.927954
4.697244
3.438391
5.999224
4.827075
4.641123
4.998363
4.523614
2.912415
1.982255
2.468088
3.642442
1.960355
1.014332
1.965303
2.904412
2.563871
1.787606
0.6456915
1.205496
0.9735668
0.4238169
2.448557
3.921438
4.611536
5.278206
3.696947
2.512841
4.638764
4.871769
3.633584
6.156117
4.053053
6.23202
6.065413
3.464115
3.822663
3.227347
3.34111
6.587603
7.322891
5.93117
5.424829
3.0149
3.181607
3.435719
1.945604
4.074286
3.334011
3.614811
3.212381
1.548237
0.9814873
2.583841
3.424529
0.8169938
2.045853
3.892262
5.790084
3.237127
2.102188
3.318746
4.946441
5.378479
5.463756
5.947094
5.661527
5.211373
6.674501
6.337349
4.686493
4.833516
5.35018
6.923735
6.223716
6.155506
2.938145
2.916719
4.595662
5.173594
4.084941
3.698091
2.991422
4.026581
4.138853
2.882563
2.557853
3.366697
2.864691
0.9799185
2.75158
4.539938
3.827876
5.264609
4.028913
2.616742
2.8292
6.962841
6.907046
4.91625
5.472084
5.297415
5.4478
5.247874
6.728992
4.829222
3.774757
3.973961
6.329119
6.04409
5.905023
5.029613
2.592781
3.980789
2.495607
3.371856
3.668544
5.790793
4.849523
2.607916
2.534214
4.585271
4.751061
2.938981
3.344897
3.14781
4.695469
6.76894
3.9103
2.67873
3.828437
3.189585
4.328534
4.142282
5.721253
5.864113
5.287374
5.13642
4.91771
3.237799
4.591959
4.986372
4.796028
6.200329
4.418606
2.48822
1.855331
3.440967
3.002719
4.447179
4.493316
4.997131
3.17162
2.631527
3.319616
4.120269
4.180181
5.546727
2.876037
4.055797
6.276734
5.715391
3.998454
3.608139
3.255383
4.668683
4.764434
3.910797
4.807466
3.453093
1.815725
3.729966
3.639193
2.578148
3.099772
3.698236
2.859063
5.406395
2.232235
4.090478
4.234523
5.66896
3.982177
2.451826
1.741904
5.620129
4.573663
3.884946
2.411464
4.402977
4.798458
5.254588
3.863482
3.723723
4.647223
6.046454
5.156429
5.10973
4.687564
4.383494
3.336786
2.864114
3.34609
5.432354
5.494205
3.755085
1.582797
1.962619
0.2634059
2.586753
3.823055
4.850645
3.028521
2.322327
1.380032
2.042336
3.316534
4.343552
4.571335
6.424502
6.586923
5.354971
2.352371
4.543166
5.660057
6.769731
4.021946
5.545125
5.312831
3.98579
5.042342
2.895624
4.922297
5.287843
5.197462
4.424412
4.999814
3.190846
2.794377
2.815511
3.805379
3.883988
2.846947
3.305632
1.660187
2.572088
1.450384
2.642251
2.538148
2.98129
3.24164
2.485336
3.902429
4.187704
3.397974
3.811418
4.506652
6.126597
6.334219
8.167244
5.224591
5.12431
3.74084
5.825854
5.597403
4.323701
4.751028
5.219578
4.101491
1.783143
3.207151
4.123839
5.321251
4.813121
2.969479
4.318596
0.9388925
2.848877
3.566977
4.137596
4.38208
4.498561
3.170338
1.770947
2.000005
3.709659
3.873153
5.977974
6.289449
5.898255
3.153766
2.992862
4.716573
5.965304
5.72705
6.377609
4.767704
5.075891
5.050503
3.48911
4.550134
5.291533
3.809187
4.533147
3.764442
3.821387
1.223412
0.8877265
3.524018
5.228887
2.953127
4.984609
2.818558
2.356196
3.04367
2.78164
3.091981
4.525533
4.610116
3.011164
3.85854
4.610452
3.931293
3.503116
3.04772
5.256257
6.404436
6.115983
4.5498
3.715254
3.819379
3.742608
2.682723
3.293654
5.72106
4.896634
4.906201
2.223065
0.3226541
2.369641
2.308941
2.879467
3.161119
4.38466
2.61276
1.644176
0.9594932
4.359179
5.841455
4.693964
4.880793
4.469774
2.892966
3.173026
3.810664
6.335064
6.069514
5.172267
5.11849
2.462656
2.198031
4.538059
3.890876
3.515383
4.067281
4.912275
3.127593
0.3158018
3.215971
3.562723
3.29548
4.232864
1.272822
3.545695
2.961047
2.109965
0.9994722
3.387079
4.078375
4.235909
4.093163
2.616696
1.976163
0.9345387
3.159147
4.439291
4.896253
5.136727
5.616452
4.602633
4.683808
5.897956
4.187327
5.741121
5.480081
7.471133
5.556494
2.575317
3.537879
1.7112
2.574599
3.901378
4.495419
3.728815
2.231908
1.64168
1.68135
2.557747
0.7370327
3.217545
2.883258
5.244903
2.751736
2.9916
1.987477
1.632765
3.953032
5.006145
6.149655
5.85522
3.262455
3.421286
2.550779
5.446889
6.535979
7.395916
4.641651
5.428773
4.777195
4.973125
4.527451
6.770881
6.900057
5.67732
4.715113
3.491446
3.971941
3.313254
2.831551
3.14141
3.400305
4.887504
2.447456
1.313064
0.895627
4.484128
5.563426
5.000272
6.062264
4.763424
3.624594
2.679529
2.509952
5.924295
6.299446
7.485544
5.812126
5.346394
3.844807
4.863124
5.107953
6.222859
5.731705
6.732993
6.387179
5.680909
4.839525
4.533792
4.967337
3.79031
5.568679
7.614988
6.000053
4.050509
3.846161
4.31398
5.241823
3.985727
3.09797
5.435538
6.425531
4.386063
3.839914
4.378364
5.17769
4.387386
5.652231
7.444371
7.120339
6.159147
4.075058
3.454929
5.025371
6.384245
6.123019
4.939291
4.544275
4.457286
4.862329
3.914476
6.23635
6.698202
5.566128
5.774861
5.223913
7.473622
4.495997
3.741031
5.680087
7.646897
6.072425
6.388204
5.698933
5.165893
4.479619
6.071838
6.728007
6.391285
6.510926
5.523275
3.610342
4.419289
4.742881
7.876636
6.979772
6.327596
4.216744
3.073056
3.381163
4.058503
5.362191
6.08534
4.147346
2.942587
4.061526
5.150102
1.858093
4.993206
4.119764
6.600596
5.633538
6.252234
6.55282
6.996829
7.139389
7.023195
6.458582
6.474411
8.091686
6.802217
6.361098
7.660864
4.7764
5.54287
3.778268
5.873854
4.343815
5.105254
3.457891
4.22655
1.908247
2.639044
3.022682
2.989141
4.041202
2.683562
2.986547
2.895222
2.538599
3.839631
3.311413
2.569939
3.872012
5.869894
5.288566
4.87921
2.643816
4.195327
7.763983
6.967837
5.687497
7.851835
7.015507
6.186641
4.131136
7.325139
8.143803
8.655487
4.756602
3.568213
3.067366
4.621829
3.539099
2.899373
2.779758
2.591509
1.236656
1.230634
2.690727
3.263568
1.031266
0.7042922
1.448409
1.166217
0.4712735
1.797314
2.331171
4.136469
4.309056
3.14869
3.009474
4.583048
5.548272
3.993355
4.289892
4.869924
4.793835
4.479833
4.910543
6.452252
4.246083
5.671083
6.629933
2.876023
2.510227
5.760078
5.086772
2.748554
2.312293
1.540282
1.175094
1.457662
1.883177
2.301688
2.018715
2.267214
1.585334
2.971006
0.6235624
2.783778
3.629146
4.447465
3.716475
2.968024
1.879378
1.933951
3.572034
4.069003
5.075535
5.93622
4.367602
5.542383
1.922254
2.288257
5.00574
6.641397
5.137615
3.000119
2.767164
2.217188
3.893065
3.029599
3.536279
3.215422
3.763241
2.606909
2.490098
2.218353
3.555482
2.866151
2.230503
3.493759
3.263407
4.102763
3.576123
5.984551
4.156276
4.01998
4.082785
5.598626
5.773612
3.746378
4.202203
5.031554
4.459915
4.585443
3.398704
4.066514
4.831222
5.281483
3.210832
2.857129
3.681341
3.469534
3.712788
3.993965
3.622312
4.673609
3.475211
2.910694
3.467397
6.72242
3.90917
6.513611
4.592676
5.478198
4.117016
4.019021
4.049231
6.490178
7.052317
5.74571
5.646055
5.984087
5.972138
5.440995
5.667649
9.300758
7.208878
6.674961
4.334732
3.002903
4.074142
6.114769
4.948985
4.76885
3.574149
3.243844
4.44616
2.893212
2.113515
5.757516
5.953993
4.917422
5.494412
5.973291
3.842533
4.78398
5.056977
7.245428
7.599769
6.610809
7.47444
6.855961
7.15094
7.068761
5.738558
5.788134
7.353361
7.195596
5.651337
6.165528
5.599991
7.125887
5.243021
5.34533
6.765151
8.079431
6.533138
2.807976
3.975072
4.972685
5.361197
3.430572
3.743328
4.128718
3.503795
3.6486
3.751471
3.966891
4.996764
7.117901
6.48421
6.028182
6.621454
5.703743
6.035274
7.651376
7.55606
8.233173
8.381951
8.374244
7.073663
5.881411
5.883134
6.759485
6.696364
6.694959
6.456808
3.20662
3.833085
4.165159
3.660017
5.317103
4.325102
6.211574
6.022022
3.409911
3.007068
3.926583
2.802252
4.949992
6.055626
6.122083
6.838276
4.328043
2.519351
3.664302
6.119688
5.099916
7.888156
7.229477
4.771619
5.870188
4.059987
6.211973
6.150782
6.755898
5.420447
5.538697
5.359699
6.299844
4.660329
3.947523
4.16958
4.588663
6.653752
4.358565
3.924779
2.62393
4.272556
4.329176
4.281946
4.563829
3.850915
3.255147
3.519773
4.554739
4.68723
5.525151
5.214334
4.37642
4.240849
3.557462
2.172333
4.024266
4.111662
5.224963
3.04643
3.906618
3.97956
3.656981
3.059196
2.691911
4.022775
5.841397
4.518925
3.166847
3.670115
4.742121
3.585824
3.191924
3.000755
8.152102
5.311148
4.751327
4.581561
4.7999
3.073427
4.231779
3.875539
6.922999
6.75492
4.624605
4.3556
2.2151
2.465078
3.994833
5.87817
4.786813
4.277671
4.565009
1.526534
2.037651
1.230747
2.813295
3.652263
3.515432
1.152485
2.759394
2.369951
2.143419
2.61066
4.459278
5.886368
4.166889
3.724388
5.140359
3.103897
4.505203
4.626306
6.821541
5.603338
5.365355
3.957692
6.927825
6.993577
5.864723
5.111338
6.428282
4.799096
3.749046
3.811487
