0
-1.78143
-2.315682
-2.887364
-2.797013
2.701052
1.594624
0.4532308
-0.4536359
-1.879584
-2.894365
-2.503568
-2.691105
2.366036
0.6401302
-0.2466231
-0.8055681
-2.146568
-2.813307
2.943115
1.997829
0.9366525
0.2582425
-0.9654667
-1.320827
-2.450571
2.616953
1.984296
1.521796
0.6448232
-0.3941977
-1.371651
-1.854276
-2.527138
2.818224
1.822506
1.151048
0.2826461
-0.4810069
-1.356393
-2.356527
3.014338
2.534576
1.536126
0.4228764
-0.2469981
-1.062902
-1.904849
-2.980208
2.735686
2.10415
1.065211
0.402539
-0.5011842
-1.359899
-2.514086
2.443259
1.668879
0.7328607
1.305094
-0.3281794
-0.84871
-2.069869
-3.07101
1.973384
0.3988266
-2.038178
1.229057
-0.2131809
-1.564637
-2.839456
2.180383
0.8900949
1.624595
1.201866
0.2538606
-0.85251
-2.066851
2.849416
1.781593
1.272554
1.752106
0.7065031
-0.4863766
-1.596867
-2.934685
2.548158
2.020593
2.043424
0.9290349
-0.04161012
-0.7263287
-1.769204
-2.787982
2.110882
1.771018
1.80139
0.6621662
-0.774687
-2.659331
2.326118
-1.68435
2.748679
0.8168169
-0.3536416
-0.9551421
-0.7680497
-2.360316
2.427684
2.846438
1.912545
0.4011332
0.05368777
-0.7780579
-1.787896
-2.831172
3.10552
1.95953
1.420759
0.5715193
0.1123507
-1.100754
-1.603803
-2.503124
2.470679
1.64962
1.984308
0.6156143
-0.3072546
-0.4062458
-1.763192
-2.450631
2.510426
0.2714446
2.9409
0.9879546
0.3415607
-1.082073
-3.131606
2.200692
0.5421221
-0.9070359
-2.65483
1.073161
-0.7794449
-1.787746
2.827576
1.362725
0.4111977
0.09261338
0.6220911
-0.5585865
-1.358318
-2.674687
2.498427
1.573493
0.8415639
0.8253437
-0.4491636
-0.7866817
-2.026842
-2.830009
2.193058
2.218995
1.373382
0.9521936
-0.381531
-1.361528
-2.389643
-1.464019
3.140991
2.094133
1.281484
0.2924772
-0.9111761
-1.619305
-2.760098
-2.433349
1.815445
2.111416
-0.1882674
-1.606001
-1.729193
2.759519
3.133864
1.946783
1.065379
0.2548519
-0.2488252
-0.9927382
-1.994801
-3.125733
2.264955
1.783094
1.028582
-0.068532
-0.8854314
-1.293081
-2.036808
3.129158
2.313975
1.293499
0.6700915
-0.02162565
-0.438385
-1.693826
-2.37941
-2.937595
2.053969
1.043897
0.9253551
0.2744469
-0.7952889
-2.098525
-3.06453
2.519738
1.279969
0.006226273
-0.3858776
-1.412312
-1.90678
-2.977059
2.207778
1.695708
0.6037351
-0.3987864
-1.04148
-1.676599
-2.350979
3.138522
1.965251
0.8734533
0.495895
-0.509756
-1.121309
-2.020123
-2.778791
2.534932
1.631367
1.001598
0.4400636
-0.4823245
-1.281521
-2.078304
2.976946
2.175627
1.719134
0.8041185
-0.1547678
-0.7436503
-1.689742
-2.92431
2.824515
1.724797
0.7663193
0.2539527
-0.8148988
-1.797273
-2.82723
2.73745
1.673365
0.8292519
0.003980931
-0.8647445
-1.5498
-2.887825
-3.033244
2.431103
1.686322
0.7485729
-0.4006007
-1.400032
-1.788921
-2.678339
2.626513
2.227049
1.318403
0.5230318
-0.5282783
-1.546894
-1.686824
-3.068455
2.620342
1.987986
1.204578
0.1629644
-0.5249766
-1.649397
-2.72582
3.11476
2.182239
1.378934
0.6897831
-0.5637864
-1.422542
-2.547041
2.773898
2.030753
1.219093
0.1251976
0.04161101
-1.367597
-2.20221
2.881856
1.736383
1.762775
0.8391539
0.3060797
-0.93944
-1.765411
-2.374089
2.974159
2.235198
1.350378
0.9365323
-0.2315064
-1.285922
-1.633651
-2.360944
-3.007607
2.324852
1.26795
0.1474091
-0.1305977
-1.174602
-1.829134
-2.950013
2.708879
1.491533
0.8021247
0.3083913
-0.7772802
-1.687415
-3.075124
2.220098
0.5172966
3.137484
0.3820231
-0.5285
-2.150258
3.041979
1.423394
0.7042987
2.332116
0.8178025
-0.4962355
-1.208064
-2.229716
-2.796227
2.517563
1.740031
0.8478981
0.3498831
-0.2158932
-1.112395
-2.112283
3.074115
2.35389
1.479039
0.9903953
0.6036395
-0.04732952
-1.350285
-2.458386
2.871071
1.879901
1.743546
0.7107643
-0.02647666
-0.8195819
-1.706887
2.938436
1.47928
-0.1511323
0.6330217
-1.027063
-1.67716
-2.016675
-2.439098
2.14927
1.303941
-0.1947757
0.6168645
-0.187996
-1.424005
-2.482416
2.73682
2.502779
1.916911
0.7383313
0.0002126696
-0.972123
-1.724877
-2.785367
2.689251
2.052489
1.767457
0.7389459
-0.4494236
-1.194678
-1.669964
-2.599361
2.500757
2.053931
1.509194
0.5195346
-0.5219603
-1.446277
-2.706287
2.204113
1.633367
0.9656833
1.614972
-0.08604467
-1.16246
-2.609685
1.94255
2.494937
1.403252
0.07287204
-0.8668565
0.08055823
-1.501646
-2.766778
2.810543
1.602998
0.9591409
-0.2954424
-0.9111681
-0.7994491
-1.570445
-2.964189
2.350842
1.066016
0.4191611
-0.1800698
-0.6279145
-1.333992
-2.133884
-3.087659
2.071611
1.081728
0.4780753
-0.4134701
-0.9664893
-1.676816
-2.55465
2.629638
1.54494
0.1471594
-0.04410482
-0.4211367
-1.620772
-2.685196
2.654541
2.17878
0.8122504
-0.4629178
-0.7943956
-1.035791
-1.947971
3.010283
1.89552
0.1799106
0.598487
-0.08470363
-1.40957
-1.687927
-2.403139
2.445389
1.278914
0.4567006
0.6574101
-0.3702566
-1.036666
-2.109839
-3.00819
2.004941
1.283172
0.7007701
0.7439668
-0.45713
-1.633518
-2.563073
2.746372
2.119008
1.287034
0.6220754
-0.7210754
-1.203783
-1.574674
-2.874761
2.20644
1.716384
0.9103665
-1.161969
-3.119089
2.082745
-0.8374441
2.875764
1.662238
0.6022742
-0.6789001
-1.877561
-2.963269
-2.719133
3.122402
2.4954
1.290348
0.2849125
-0.2463399
-1.335075
-2.205886
-2.691727
-2.967904
2.392349
1.359393
0.2235078
-0.6460055
-1.330548
-1.629747
-2.502916
2.708314
2.299896
1.195516
-0.3440818
-2.659615
0.3423203
-1.622754
3.061901
2.144343
-0.2396533
-2.799518
-2.277702
2.037708
0.1213307
-1.651264
2.525409
1.535958
-0.271116
-1.854483
-1.983606
-2.239761
-2.126654
2.938286
1.575272
0.5476063
-0.786613
-1.859175
-0.3452628
-1.809114
-2.983973
2.535002
1.4067
0.8536013
-0.1075737
0.3682921
-1.062891
-2.144685
2.78439
-2.980606
2.116313
1.429351
-0.01346801
-0.9752384
-1.5096
-0.819198
-2.044023
2.389709
1.866118
0.5622381
-0.4869569
2.694669
0.372202
-1.614378
2.57971
1.193177
1.450238
-0.0988548
-1.503768
-2.785061
3.046542
2.914053
2.038932
0.9117466
-0.1335195
-1.199274
-2.067927
-2.63755
2.139072
3.115459
2.028438
0.9403005
-0.2969189
-1.227306
-1.598168
-1.957074
-2.945688
2.625682
1.680461
0.6660157
-0.5068641
-0.8685343
-1.160185
-2.190152
2.740926
1.828246
1.170002
-0.02885532
-1.693668
-1.293853
-1.307105
-2.679649
2.325622
1.092545
-0.3286055
-1.986763
-0.4808115
-1.705671
-3.053729
2.597374
1.385635
0.1286773
-1.12343
-1.952329
-1.398401
-2.4115
2.565966
1.259516
0.7571307
0.9988576
-0.3698588
-1.277352
-1.80914
-2.842558
2.177619
1.180791
1.475269
0.5041191
-0.7790015
-1.761739
-2.473771
2.884034
2.026934
1.743658
0.6651177
-0.2635048
-1.173716
-2.33777
2.772104
2.937818
2.069262
0.9279184
-0.04898363
-1.068233
-2.049593
3.120027
1.67231
-2.939517
1.486178
0.01516094
-1.409441
-2.083984
-2.940568
2.625495
1.45687
0.8610746
0.7301244
-0.2522522
-1.163104
-2.11805
-3.006875
2.759071
1.944446
1.020955
0.6266834
-0.3886609
-1.583538
-2.698707
2.849341
2.98951
1.973326
0.9132317
-0.3193265
-1.001399
-1.784948
-2.765965
2.715484
2.719644
1.331674
0.0733965
-0.8447131
-2.165068
3.101099
2.654359
2.034229
0.4917144
-0.3061766
-0.6618443
-1.814819
-2.833014
2.62161
2.409133
1.118628
-0.1408513
-0.6276692
-0.9571424
-1.830819
-2.77268
-2.998721
2.067531
1.141243
0.323387
-0.5523337
-0.5880677
-1.555637
-2.616722
2.383234
1.570502
0.3408047
0.6590822
-0.8640544
-0.912495
-2.50256
-2.9138
1.599186
-0.414626
0.9234285
0.7225866
-1.454854
-2.730878
2.428266
2.095565
0.9128624
-0.4362063
-1.417888
-0.8701887
-2.143536
2.991071
2.0711
1.154736
0.5142702
-0.6540895
-1.586073
-0.5466481
-2.002502
2.932297
1.778974
0.8470142
-0.1698476
1.021218
-0.1142836
-1.310169
-2.44145
2.910044
1.736195
1.098989
1.291552
0.2508198
-1.259239
-2.164656
-2.463539
2.775188
0.5205861
-2.455394
1.169828
0.3098284
-1.103906
-1.842122
3.038843
1.482573
0.3724792
-0.9287101
-1.664184
-1.32352
-2.602233
3.038962
1.735612
0.3387343
0.2736611
-0.6154669
-2.254492
2.362159
2.907696
-3.139565
1.663002
1.824492
-0.175376
-0.3530768
-1.235595
-0.3160668
-1.402905
-2.724494
2.312368
1.369027
0.2758417
-0.3985596
-0.1510383
-1.566954
-2.948604
2.684949
1.501062
1.203471
0.4650316
0.6859572
-0.9200448
-2.112289
-2.798229
2.617217
0.8766052
-2.038293
1.495067
-0.2133028
-1.438271
-2.436725
1.858225
0.01498815
-1.841803
2.400623
1.144059
-0.373736
-1.457095
-2.867573
0.8873231
-0.9033448
3.119536
0.4660042
0.5437079
-1.100389
-2.373774
2.996217
1.409856
0.8665754
0.1862361
0.06800371
-0.8787517
-2.075248
-3.045769
2.490225
1.18842
0.2792405
0.9394206
-0.1147014
-1.237347
-2.369442
2.819146
2.529395
1.802307
1.15444
0.08554609
-0.7147549
-1.365217
-2.199021
2.560411
3.026758
1.187138
0.2349307
0.1831326
-1.396661
-1.251361
-2.857478
2.520453
1.11179
0.03107301
-0.3127507
-1.819168
-2.515474
-3.086176
2.523059
1.329348
0.8021274
-0.1184838
-1.261148
-1.890793
-2.295977
3.025385
1.945921
1.183337
0.03815283
-0.04891261
-0.8256086
-1.316283
-2.581378
2.519982
1.786343
0.6931229
0.2858374
0.5775583
-0.8437535
-2.168556
-3.125966
1.478759
0.2063694
-0.9492542
0.3949538
-1.41395
-1.816132
-3.090393
2.609721
1.081819
0.3828104
-0.7724915
-1.566442
-2.148979
-2.221991
2.80973
1.720461
0.6569476
-0.4519301
-0.9932343
-1.590291
-1.829229
-3.018884
2.264645
1.319968
0.417866
-0.4800536
-0.2016491
-1.232891
-2.462899
2.780162
2.002507
1.359441
0.6409734
-0.06351075
-1.075993
-2.236703
-3.001281
2.459221
1.247369
0.1988072
-0.1694229
-1.01934
-2.535654
2.762017
2.320213
1.320559
0.0953199
-0.07502485
-0.9092359
-1.840745
-2.644855
2.886417
1.834784
1.144537
0.5136187
-0.3734992
-1.680204
-2.281297
-2.994462
2.576025
1.965795
0.9467137
-0.04656921
-1.156971
-2.043592
-2.40689
-2.438402
2.744824
1.591984
0.3395421
-0.9883192
-0.3576322
-2.312514
-2.34427
-2.975427
2.330914
0.8524449
-0.08929143
-1.261158
-2.328318
-2.817933
2.503192
2.408767
0.7290959
0.3930981
-1.014646
-2.495111
2.742811
2.899612
2.63971
1.6849
0.9924242
-0.6280621
-1.272988
-2.306956
3.01417
-3.093339
2.285687
1.129717
-0.6668912
-0.7748598
-0.7650036
-1.98919
-2.947467
2.862719
2.09149
1.177949
-0.2665063
-1.075807
-0.6105577
-1.843525
-2.984423
2.384995
1.372257
1.193084
0.03731856
-0.6471431
-1.73143
-2.486102
3.059245
1.599304
0.8966996
-1.363089
-0.4130794
-2.849808
1.91151
2.67918
0.005501822
0.5288169
-0.2953238
0.07705908
-1.339584
-2.989376
2.498274
-3.132488
2.048773
0.8246846
0.06538808
-0.91653
-1.385741
-2.507632
2.991454
2.809796
2.217502
1.009638
0.1177846
-0.8437266
-1.733245
-2.251415
-3.101992
2.96915
1.556927
1.119875
-0.3362483
-0.8490607
-2.30056
-1.569408
-2.921748
2.32789
1.723137
0.2001517
-1.130306
-1.033353
0.5502408
-2.365995
2.023834
0.1767715
-0.8897936
-0.2971065
-0.9960322
-2.089276
2.785656
2.095355
2.083778
0.4951546
-0.5219138
-1.733982
-1.321077
-2.42996
-3.052363
2.176599
1.689409
0.8174056
-0.194954
-0.7670509
-1.390374
-2.434684
-3.039462
2.164919
1.253794
0.4842588
-0.391878
-1.683928
-1.881537
-2.801046
2.518252
1.334816
1.628398
0.140977
-1.032595
-2.714151
2.777391
2.932893
2.633084
1.014197
-0.5023859
-1.902283
-0.9361904
-2.48683
2.570692
1.678841
1.218256
0.66927
-0.6700711
-1.358474
-2.352524
-2.795834
2.779343
1.527509
1.013123
0.45296
-0.2749159
-1.154293
-1.968735
-3.086674
2.738266
1.678843
0.869998
-0.06773365
-1.082286
-1.802984
-2.991302
3.086717
1.91687
0.3668448
-0.3484171
-1.265532
-1.159814
-2.757768
2.73038
2.157613
1.572396
0.00482404
-0.4647379
-1.656244
-2.567521
-2.736545
2.564746
1.774062
0.456237
0.3032814
-0.8292599
-2.060109
-2.972131
-3.136881
2.326893
1.314737
0.3673456
-0.3485178
-1.0966
-2.098311
-3.057705
2.727414
1.963794
0.8868974
0.3997279
-0.3713916
-1.490619
-2.652814
2.531356
2.223449
1.615122
0.3939883
-0.5516975
-1.321051
-1.988505
-2.875333
2.328246
1.642542
0.3849819
0.3508043
-0.9297056
-2.213644
-2.490389
2.961855
2.519341
1.341798
0.1759608
-1.201056
-1.39086
-2.407146
-2.441421
2.734976
1.265673
0.5060179
-0.4132373
-0.8724751
-2.090552
-2.936846
2.821014
2.575834
1.540065
0.01121569
-0.6972404
-1.022669
-1.383897
-2.792511
2.424239
1.809797
1.444792
0.2156112
-0.858386
-1.694387
-2.804644
-2.631865
2.034811
2.008898
1.532869
0.2138778
-1.240374
-2.138666
-3.110515
2.160047
1.234901
1.882091
0.1305921
-1.089447
-2.376501
-2.636672
2.397552
2.050304
0.8385525
-0.26197
-0.7049033
-0.6907765
-1.637444
-2.995157
1.997633
1.488032
1.205565
0.1444442
-0.3378344
-1.284343
-1.954893
-3.005507
2.243618
1.843645
0.8122299
0.09883685
-0.741319
-1.82559
-2.195717
-2.773148
2.679789
1.475867
0.06969894
-1.105374
-0.6033662
-2.178898
-2.390861
2.708402
1.744832
0.4636649
-0.5013463
-1.604504
-2.199755
2.487033
2.125558
2.067547
1.352207
-0.2101787
-1.022166
-1.778375
-2.392653
2.996906
2.652558
1.670904
0.9204976
0.1594329
-1.049186
-1.751096
-2.299982
-3.055763
2.220702
1.034933
0.6673032
-0.1689198
-0.9681277
-1.91504
-3.054924
2.257596
0.7434318
1.047477
0.4747262
-0.6429404
-1.939297
-2.616804
2.448066
2.259895
1.083817
-0.4552439
-1.201885
-1.169653
-1.893474
2.634669
1.969351
1.076126
0.2921692
-0.5821893
-1.493303
-1.860718
-2.160915
3.01868
1.783906
0.6111098
0.6671345
-0.2190031
-1.29392
-2.194648
-2.933542
2.643036
1.884785
0.7797679
0.002807799
-1.124164
-2.05988
-3.001107
2.897241
2.049652
1.121009
0.1231686
-0.4853702
-1.544482
-2.439462
2.60712
2.304707
1.516445
1.495026
-0.00865664
-1.074679
-1.977978
-2.772895
2.386364
1.068689
1.242933
0.6531433
-0.6354979
-1.905082
-2.768096
2.816924
1.915695
1.231587
0.9742243
-0.3408246
-1.117236
-1.693154
-2.935601
2.722891
1.852436
0.9899645
0.00320164
-1.044435
-1.390794
-2.106218
3.073329
2.266269
1.396253
0.6519223
-0.6223155
-1.29202
-2.11617
-2.14733
2.565039
1.793761
1.022011
0.03134019
-1.025188
-1.540785
-2.30141
-2.991603
2.644854
1.468984
0.2172517
-0.9612442
-1.440111
-2.022787
2.944432
1.693708
1.793154
0.671559
-0.003331127
-1.059741
-1.827154
-2.863547
2.745803
2.11134
1.439045
0.5175766
-0.2851528
-1.258357
-1.996775
-2.624358
2.373802
1.316545
1.306984
0.4216818
-0.4729871
-1.237288
-1.957724
-3.083201
2.102478
0.6477387
0.564711
0.7064896
-0.4880414
-1.462103
-2.701751
2.074691
1.279971
0.5035162
-0.5364967
-1.458038
-1.360166
-2.459917
2.656064
1.74924
0.8049528
-0.005113383
-0.6453545
-1.542667
-1.982594
-2.97106
2.270738
1.973116
0.9785383
0.2714103
-0.6662342
-1.682605
-2.624732
-3.042972
2.458893
1.864467
1.105026
-0.166379
-1.096306
-2.080783
-2.728242
-2.174568
2.520253
1.220552
0.3188088
-0.2513454
-1.426414
-2.519782
2.895886
2.081288
1.485194
0.2844345
-0.6655666
-1.312526
-2.282898
-3.017444
2.490407
1.105052
0.301647
0.5310771
-0.9113773
-1.659658
-2.43247
-3.036655
2.451182
1.460965
0.6593902
0.4668081
-0.9325498
-1.452725
-2.159883
-3.122988
1.982851
0.9756663
-0.4199667
-0.8056162
-0.9805712
-1.525371
-2.490363
2.521832
1.197665
1.003101
-0.4294651
-1.091551
-1.126926
-2.185242
3.112619
1.837275
1.012049
0.2163861
-1.064475
-1.403717
-2.054214
-2.909162
1.999817
1.507812
0.5736514
-0.2166901
-0.8862479
-1.665836
-2.585036
2.851629
1.59072
1.285777
0.9772632
0.06014202
-1.083679
-2.25836
-3.12765
2.647257
1.422964
1.295384
0.1322059
-0.8297991
-1.85626
-2.758276
2.445817
1.924004
1.197112
0.7802424
-0.4562059
-1.462721
-1.968026
-2.66808
2.675438
1.516099
0.8499855
0.1230004
-0.8755326
-1.664423
-2.53732
2.97024
2.020841
1.282175
0.1238404
-0.827012
-1.652738
-1.933654
-2.860739
2.33179
1.227751
0.7387479
-0.5126212
-1.271767
-1.73576
-2.805921
2.880953
2.083353
1.177529
0.1417566
-0.7852687
-1.634065
-2.15677
-3.021298
2.541444
1.45308
0.8718222
-0.1726545
-1.281057
-1.791116
-2.491833
-3.050061
2.469127
1.299053
-0.003695705
-0.3847124
-0.9343576
-2.014005
-2.881294
2.40162
1.27764
0.1498933
-0.6935288
-0.7337932
-1.650752
-2.867151
2.567629
1.642539
0.4127223
-0.2248783
-0.7479909
-1.826022
-2.15348
3.137054
1.987179
1.011797
0.3073156
-0.1963845
-1.007942
-1.866019
-2.677697
2.899127
1.86989
0.9103412
0.4206814
-0.6912759
-1.297689
-2.235667
-3.018076
2.85685
1.719114
0.8469808
0.1157254
-1.149372
-2.120169
-2.799817
2.527363
2.138827
0.8387805
-0.03380965
-1.118479
-2.154475
-2.608119
3.046499
1.698374
0.930092
0.4118616
-0.6187606
-1.384203
-2.172727
-3.047493
2.835124
1.67081
0.6146855
-0.009543491
-0.4567636
-1.550905
-2.414707
2.685886
2.647967
1.715498
0.7143773
-0.1063899
-1.432328
-2.044198
-2.155917
-2.96263
2.025041
0.9743085
0.02296294
-1.210214
-1.484086
-2.21094
-2.724927
2.465299
1.357689
0.02699494
-0.7774779
-2.008494
-2.076917
-2.980702
2.760813
1.534041
0.3712034
-0.01127895
-0.7997801
-2.028529
-2.45769
-3.024807
2.654315
1.594754
0.6805655
-0.5017186
-1.422585
-2.04793
-2.672979
2.711205
2.05207
1.207929
0.2721337
-0.4108468
-1.770899
-2.315769
-3.071611
2.183954
1.766315
0.924718
-0.06024898
-1.222852
-1.685625
-2.491214
2.851146
1.685184
1.134869
-0.03492183
-0.3447731
-1.32211
-2.627379
2.981903
2.752273
1.189059
0.4176486
-0.8093037
-2.713044
-1.42872
-2.615473
2.978309
2.331703
0.9608485
0.4704772
-0.7162968
-2.116323
-2.075563
-2.742444
2.738887
1.855112
0.6758682
-0.4299099
-1.570147
-2.461061
-2.331045
-2.646093
2.339346
1.299743
0.3333687
-0.7266676
-1.69521
-2.151977
-2.282809
3.011561
1.948341
0.6463322
-0.09415465
-0.5313579
-1.857566
-2.886814
2.676224
2.493542
1.516191
0.5150222
-0.8058537
-1.906046
-2.590747
2.911314
2.312202
1.983148
1.10363
0.1160792
-1.083915
-1.715533
-2.777334
2.769427
2.118924
1.143539
0.2174534
-0.2460935
-1.578845
-2.220855
-2.714013
2.568676
1.688594
0.837847
0.1506072
-0.534778
-1.599509
-2.480501
-2.77653
2.57427
1.414468
0.2801051
-0.9476044
-0.8224891
-1.852074
-2.843861
3.080387
1.882055
0.6598238
-0.3729514
-1.37213
-2.474579
2.569996
2.948022
2.139635
1.246748
0.3364463
-0.8020157
-1.854992
-2.836065
3.059854
2.69631
1.847823
0.8657588
-0.08811677
-1.026697
-2.042524
-3.03008
-3.060036
2.620705
1.486318
0.6199091
-0.4917135
-1.081871
-2.061696
-2.846353
2.531277
1.822199
1.12892
0.3898206
-0.7996006
-2.198654
-2.815839
2.277951
1.518396
0.9265274
0.3872896
-0.6355698
-1.717602
-2.542526
2.795091
2.212573
1.119319
0.4253687
-0.2119927
-0.9592264
-2.032358
-2.718107
2.799217
1.960887
1.047535
0.2253232
-0.410452
-1.261143
-2.302085
3.073542
2.196289
1.97721
1.141578
-0.04614854
-1.398797
-2.146038
-2.845232
3.091346
2.549046
1.578886
0.578461
-0.7433044
-1.887945
-3.02669
2.305224
2.431231
1.926266
0.5318909
-0.5313818
-1.22358
-2.37227
2.898711
1.920862
2.032667
0.9701743
0.4228114
-0.3264239
-1.405499
-2.527033
2.928801
1.878692
1.836303
1.059676
0.1010338
-1.069492
-1.693576
-2.901531
2.318545
1.359233
0.9457002
0.313728
-0.74354
-1.581936
-2.469596
2.730851
2.092688
0.9306118
1.0102
-0.07306298
-1.028436
-1.896964
-2.681961
2.448403
1.853182
0.8448384
-0.09562025
-0.7362695
-1.585397
-2.242956
2.677603
2.457257
1.800919
0.4845522
-0.6708142
-0.3460407
-1.461445
-2.494301
2.593417
1.44858
1.331985
0.6330855
-0.3949334
-1.436577
-2.373136
2.628314
1.654273
1.540732
0.9066146
-0.05829219
-0.9652846
-2.381148
3.043628
1.911933
2.832497
1.072921
0.9094549
-0.01596083
-1.144755
-2.707931
2.926288
2.383539
2.305897
1.132534
0.4589037
-0.6061628
-1.486699
-2.896357
2.372247
1.353913
2.183441
0.8980629
-0.5050904
-0.8655827
-1.931635
3.130779
2.323971
1.095876
-0.1612915
0.3617922
-0.8974341
-1.780216
-2.731231
2.717018
1.902658
0.8231313
0.2622823
-0.5436369
-1.278347
-2.042185
3.109445
2.399831
1.530996
0.9534923
0.1405898
-0.6189603
-1.289566
-2.224547
-3.065805
2.768831
1.919359
0.8692327
0.2175349
-0.8503913
-1.296556
-2.851613
2.653585
1.812354
0.6225296
0.1410873
-0.7884496
-1.508126
-2.887209
-3.140047
1.613874
1.169203
0.548612
-0.2249434
-1.3936
-2.310027
-3.12659
2.297375
1.588919
0.7134388
0.01559554
-0.6696318
-1.48103
-2.504349
2.885602
2.23711
1.54
0.9632025
-0.1282378
-0.3816815
-1.52983
-2.585046
2.632514
0.953877
2.422872
1.025479
-0.4618638
-1.45747
-2.452132
2.731462
2.057221
1.109149
0.5969808
-0.4319473
-1.434061
-2.032727
-2.752087
2.432168
1.632635
1.199377
-0.1105039
-0.9419782
-1.563166
-2.473154
2.894049
2.18407
1.248697
0.2939101
-0.7740467
-1.030441
-1.673968
-3.063577
2.401184
1.838073
1.004384
0.164533
-0.3679198
-1.114011
-2.04644
3.106615
1.916133
1.155407
0.810962
0.07647703
-1.237099
-1.9864
-3.073625
2.665537
1.692037
0.7894515
-0.186512
-0.7749755
-1.552874
-2.998075
2.775104
2.58155
1.451879
0.6089904
-0.4660777
-1.310784
-2.250573
-2.832992
2.757219
1.956722
0.7514474
-0.06586206
-1.255468
-2.045849
-2.539199
3.120871
1.843447
0.8571414
0.003092869
-0.5285923
-0.8639731
-1.922416
-2.941312
2.508723
1.343311
1.114994
0.1537328
-0.4602205
-1.41955
-2.603418
2.807011
2.199273
1.416352
0.6750723
-0.3046443
-1.314772
-2.104238
3.034439
2.509509
1.922331
0.9781349
-0.1432126
-1.057989
-1.823731
-2.58616
2.911969
2.172609
1.066514
-0.06948565
-0.5401888
-1.391573
-2.566936
3.08708
2.22578
1.491716
0.2312251
-0.7823601
-1.181547
-1.600418
-2.363901
3.054548
1.920268
1.054202
0.8603129
-0.1200562
-0.9331471
-2.161576
-2.823807
2.877374
1.774195
1.07772
0.831251
-0.4840805
-2.009044
-2.770281
2.436733
1.718599
3.045341
1.159804
-0.4840996
-1.725354
-3.022735
2.080417
1.998714
1.076464
0.8870437
-0.02252186
-1.247112
-2.314051
-2.855484
2.351677
1.902899
1.002007
0.1329137
-0.7402006
-0.8830319
-1.727584
-2.975791
2.169851
2.028143
1.532218
0.4153717
-0.3782558
-1.162196
-2.081059
-2.892004
2.265421
2.001809
0.6459381
-0.0293484
-0.9316287
-1.781032
-2.992344
3.038168
1.789603
0.2245893
-0.5536132
-0.9643651
-1.70336
-2.930986
2.251053
1.451125
1.183658
0.08385209
-0.8869645
-1.775275
-2.187445
-3.11248
2.349035
1.617108
1.020792
-0.09251685
-0.9391268
-1.520876
-2.266166
-3.084349
2.5535
1.972046
0.950276
0.1329426
-0.4706129
-1.41283
-2.589468
2.602087
1.947276
1.660893
1.325526
-0.306147
-1.585166
-2.636565
1.919854
1.103185
-1.687637
0.4205019
1.137114
-0.848715
-2.127528
3.079082
1.627736
0.4556224
1.723247
0.2178079
-0.7884373
-1.470618
-2.511845
2.938455
2.204786
1.051817
0.3557213
0.3029549
-0.6460024
-1.816056
-2.796529
3.011775
2.169148
1.207857
0.5523607
-0.173935
-1.124866
-1.819489
-2.751247
2.744496
1.545937
0.7067053
-0.1756251
-1.078613
-1.831727
-2.921554
2.716366
1.683315
0.3550988
0.2560386
-0.4720151
-1.575755
-2.060866
-2.996896
2.049163
1.656373
1.592534
0.07847413
-1.02341
-2.09962
-2.952649
2.719027
1.868672
1.194015
0.4469909
-0.6275498
-1.700006
-2.255565
3.103383
2.009426
1.849107
0.7011876
0.02291114
-0.3891613
-1.710774
-2.673145
2.720951
1.749403
1.05164
0.5466729
-0.2508473
-1.027698
-2.058109
3.116101
1.945613
0.7809185
1.005413
0.3587873
-0.8748034
-1.371744
-2.406509
2.512679
1.635711
1.399936
0.5473034
0.05207881
-0.6491018
-1.788976
-3.070198
1.963243
1.536055
0.06606919
0.01314623
-1.032682
-2.019203
2.953885
3.095597
1.826097
0.9297047
-0.140433
-0.8674819
-1.148743
-2.202024
3.125771
2.223326
1.88787
0.8642921
-0.08553129
-1.120756
-1.22299
-2.258405
2.998158
1.647546
1.177972
1.066984
0.09610421
-1.347351
-2.185374
2.958943
2.490126
1.135263
1.759577
-0.1819329
-0.3182396
-1.685137
-2.721889
1.829567
2.384746
1.174615
0.00735567
-1.132845
-1.021519
-2.314918
2.768516
2.10527
1.450471
0.3034127
-0.1706769
-0.7406614
-1.761849
-2.436687
2.853177
1.676247
1.168795
0.6167074
-0.3879879
-1.008449
-1.831483
-2.685815
2.690507
1.390588
0.8919121
0.3866264
-0.6089867
-1.413223
-2.179196
-2.613328
2.047433
0.9022636
-1.135032
-0.4949499
-1.039734
-2.120817
-2.463713
2.585319
1.400317
0.7281262
-0.7150003
-1.424005
-1.618855
-2.439135
2.789442
1.647143
1.072822
0.4571771
-0.546967
-1.262953
-2.176306
-2.395568
2.614392
1.578302
0.6151267
0.2632806
-0.5893131
-1.389423
-2.66823
2.968775
1.828167
1.22999
0.7527573
-0.2195046
-1.215014
-2.03911
-3.00006
2.543391
1.994271
1.225496
0.1599617
-0.6967739
-1.542876
-2.485503
2.726093
2.338119
1.453264
0.6359996
-0.6801549
-1.265476
-2.123988
-2.824263
2.271786
1.151525
0.4679225
0.3405254
-0.7172419
-1.938647
-2.759178
2.874023
2.038832
1.234453
0.352987
-0.3575976
-1.116502
-2.142159
-3.087741
2.279678
1.892279
0.7295868
-0.4525264
-0.8512506
-1.799439
-2.554617
-2.867822
2.021361
1.522145
0.7318343
-0.4084959
-2.014398
-1.30595
-2.174598
2.831942
1.860515
1.239466
0.05230355
-0.9721435
-1.843806
-2.12083
3.017132
2.191103
0.9229614
-0.08111176
-1.028637
-1.394255
-2.617722
2.881507
2.405705
1.378628
0.3922021
-0.5451036
-0.5411983
-1.701344
-2.634492
2.728447
1.879098
1.225787
0.6994866
-0.5304689
-1.051257
-1.988957
-3.045293
2.504598
1.746257
1.415803
0.6968485
-0.5153743
-1.37071
-2.169364
-3.067216
2.33946
1.324239
0.4768033
0.92909
-0.6081097
-1.985744
3.125148
1.71558
1.134315
0.3354219
-0.2784106
-1.076372
-1.886183
-3.016685
2.258466
1.226335
0.9342945
-0.08264414
-0.7548046
-1.472394
-2.303712
-3.105055
2.54056
1.847758
1.023548
-0.06253935
-0.8782057
-1.360344
-2.158839
-3.123844
2.367654
1.797062
0.7080954
0.1744135
-1.145608
-2.036434
-2.116638
-2.942348
2.06034
1.272282
0.1887613
-0.9424748
-1.675527
-2.893394
2.027217
1.7856
1.180305
0.2205536
-1.079533
-1.932713
-2.245927
2.877167
1.750291
1.316164
0.4715897
-0.2948968
-0.9559017
-1.752139
-2.63043
2.798063
2.20044
1.02331
0.7135156
0.07769194
-0.8267505
-1.726616
-2.600391
2.773554
1.793656
0.5342833
1.038198
0.5633739
-0.9993607
-1.74644
-2.995494
2.004884
0.6475862
0.53671
1.041423
-0.3281539
-1.63618
-2.82124
2.044528
1.007194
0.4851868
-0.4446473
-1.200019
-1.630864
-2.834729
2.568072
1.840227
1.14311
0.21386
-0.3844433
-1.606798
-2.206152
-2.646178
3.082291
1.827519
0.8941404
0.2085294
-0.2887718
-1.569391
-2.265278
-2.92513
2.343738
1.506803
1.12316
-0.1216179
-0.8696641
-1.541584
-2.588634
2.61598
1.127521
1.795485
0.5567644
-0.3698018
-1.114401
-2.253659
-3.133445
1.863851
1.188787
0.6320777
-0.2556682
-1.196612
-2.054559
-3.003298
2.030134
1.425684
-0.09200767
0.3669327
-0.4539099
-1.485162
-2.223646
-3.065157
2.31259
1.438198
0.2295952
-0.3852748
-0.2363433
-1.519182
-2.481587
2.878423
1.767747
0.778537
-0.1259986
-0.848298
-0.5820911
-1.696285
-2.841012
2.249649
1.248117
0.6574066
0.4392676
-0.7427696
-1.200263
-2.27622
3.07262
1.8315
1.256406
0.2452959
-0.6951449
-1.911719
-2.155394
3.090402
2.22036
1.443778
0.5612037
-0.822525
-1.294292
-2.399085
-2.921494
2.952911
1.96508
0.8799083
0.06177311
-0.6119663
-1.218436
-2.204331
3.046869
2.201509
1.463803
0.7267667
-0.1028805
-0.8590419
-1.669275
-2.551527
2.852639
2.043809
0.9614294
0.1130391
0.02066761
-0.85784
-1.847328
-2.752664
2.615793
1.309827
0.4190358
0.4083794
-0.003194076
-1.537955
-2.665972
2.476739
1.686419
0.3251267
-0.7579527
-0.9420077
-1.653046
-2.415641
2.977814
2.083115
1.118349
0.5484728
-0.2630566
-1.134417
-2.203173
-2.327101
3.03726
1.959502
0.887087
0.2231278
-0.5366352
-1.471288
-2.167939
-2.659867
2.508935
1.62156
0.7056272
-0.0985591
-1.070662
-1.480288
-2.501244
3.049633
2.227639
1.249853
0.335107
-0.6711496
-1.569285
-2.186144
-3.103753
1.960387
1.204316
0.5655069
-0.4794444
-1.577224
-1.959602
-2.616683
2.520151
1.361946
0.9903673
0.1235065
-0.4017813
-1.692038
-2.396396
-2.991055
2.497471
1.424037
0.4592884
-0.2829382
-1.165765
-1.949139
-2.407765
2.985707
2.053718
1.034877
-0.06120177
-1.139988
-1.246375
-1.710745
-2.594999
2.323661
1.477356
0.3811419
-0.7707384
-0.751152
-1.439473
-2.473008
2.875951
1.367005
0.4751404
0.2002109
-0.586331
-1.74928
-2.363534
-3.0732
2.295897
1.147565
0.4838921
-0.2407462
-0.8995608
-1.941321
-2.64496
2.412996
1.936969
1.12567
0.09097537
-0.953882
-1.965568
-2.258299
2.814734
1.821793
1.611941
0.5483347
-0.5425787
-1.311898
-2.273422
-2.492703
2.76417
2.069451
1.187224
0.1693366
-0.6742088
-1.178234
-2.377697
-2.937175
2.606661
1.513937
0.257127
-0.01133006
-0.7328174
-1.765375
-2.999591
2.458309
2.073638
1.173768
0.03857018
-0.732412
-1.703853
-2.572823
2.886207
2.302709
1.73446
0.5235513
-0.578597
-1.434439
-2.570811
2.918186
2.613912
1.91703
0.7645258
-0.1898741
-1.100219
-1.907909
-2.713254
-2.819611
2.583024
1.376091
0.4284678
0.3475742
-0.7078927
-1.75337
-2.36043
-3.037448
2.210193
1.006605
0.2575132
-0.4330015
-1.197593
-1.727258
-2.861853
1.970426
1.147429
0.6644434
-0.7315932
-1.927136
-1.848166
-2.777215
2.812013
1.651567
0.4896807
-0.06859081
-0.8595204
-1.689105
-2.781411
2.9224
2.266335
1.259593
0.2258302
-0.2537263
-1.207249
-2.319504
-2.78459
2.96196
2.23827
1.296083
0.3477348
-0.2110504
-0.9050274
-1.849682
-2.761433
3.076071
2.190668
1.178817
0.1021117
-0.2530288
-1.63237
-2.296751
2.711383
2.153216
0.9964331
0.7765408
-0.4728713
-1.8612
-3.009652
-2.949705
1.91494
1.129586
0.5889715
-0.2460766
-1.369183
-2.174314
-2.888561
2.670872
1.835283
0.9038137
0.014437
-0.5114955
-1.185596
-2.304068
-2.945082
2.409486
1.831837
1.029677
-0.1325318
-0.7422242
-0.8329526
-2.022206
3.081403
2.620375
1.900227
0.6040297
-0.8185971
-0.6466889
-1.51737
-2.313759
2.937458
1.906771
0.7958938
-0.1447822
-1.41644
-1.747983
-2.648629
3.044948
2.118551
1.084458
0.03617215
-0.6087503
-1.553712
-2.504669
2.924863
2.38921
1.754257
0.6394522
-0.3072324
-0.8183212
-1.948198
-2.709419
2.706348
2.076368
1.506854
0.8479301
-0.1669001
-1.057079
-1.922279
-2.491226
2.848099
1.92264
0.9850857
0.3783053
-0.432992
-1.591294
-2.559387
-3.066511
2.124923
1.229371
0.4198416
-0.3565854
-1.331232
-1.871391
-2.679436
2.664766
1.551991
0.6277857
-0.4022886
-0.8261683
-1.45079
-2.626268
2.668642
2.037792
0.8524867
-0.2175339
-1.044115
-1.421429
-2.252851
-3.082717
2.323641
1.482568
0.6987833
0.1684298
-0.9000517
-1.871819
-2.300514
-2.8436
2.265927
1.631415
0.692268
-0.1935829
-1.383761
-2.067894
-2.928805
2.968275
1.975381
0.8388482
0.06821956
-0.7275378
-1.735333
-2.922922
2.494237
2.376315
1.784207
0.5181419
-0.5414042
-1.475326
-2.286724
2.909967
1.95171
0.9578018
0.8121576
-0.2488044
-1.046033
-2.378782
-3.014112
2.658487
1.8287
0.7355673
0.04201808
-0.4379081
-1.422009
-2.081609
-2.665132
2.596062
1.669711
0.9914949
0.112771
-0.6351819
-1.454467
-2.31804
3.037833
2.483658
1.497824
0.2767406
-0.7078855
-1.44709
-1.994093
-2.76253
2.499527
1.701241
0.7043109
-0.5164079
-1.578854
-3.000745
-2.206765
-3.138387
1.756553
0.7308635
-0.2018738
-0.8063501
-1.554647
-2.520947
2.871585
2.25627
1.424176
0.5003091
-0.2429972
-0.8326939
-1.750784
-2.816692
2.580861
2.355907
1.473617
0.4381764
-0.2575576
-0.9148315
-1.976964
-3.095936
2.385782
1.768184
1.107558
0.4225808
-0.6288452
-1.60018
-2.806992
2.720267
1.440746
0.02431684
0.7813041
-0.152255
-1.666905
-2.602268
-3.11335
1.930822
1.091557
0.6213633
-0.5108119
-1.143592
-1.801687
-2.82899
2.478562
2.117817
1.098093
0.07584832
-0.8711096
-1.235431
-2.301318
-2.997349
2.41271
1.977683
0.8752968
0.04489905
-1.14401
-1.838855
-2.571568
-3.027062
2.060322
1.644483
0.5545135
-0.5212793
-1.771982
-2.372408
-3.071169
2.480762
2.0167
0.9758853
-0.5205883
-1.040928
-1.802518
-2.688796
2.942931
1.986616
1.188429
0.3333755
-0.6750794
-1.270348
-2.1684
2.942423
2.099665
1.690972
0.5279185
-0.3695773
-1.385205
-1.482192
-2.403869
2.779765
1.73541
0.825719
0.3372375
-0.172634
-1.170861
-2.016384
-2.766414
2.552025
1.372843
0.1835738
0.1611326
-0.4076962
-1.571374
-2.488078
2.775889
2.081006
1.346083
0.2000192
-0.6346975
-0.6147187
-1.756084
-2.843777
2.624992
2.051088
0.9314227
-0.08205175
-1.243294
-1.460504
-2.238332
2.78791
1.718357
1.065295
0.4257193
-0.5522816
-1.582699
-2.899972
2.734437
2.343586
1.483427
0.4662157
0.2222481
-0.6904002
-1.933041
-2.861452
2.916068
2.21809
1.511565
0.4864939
-0.355169
-1.140452
-2.199271
-2.912852
2.711958
1.837924
0.8314704
0.07965797
-0.7416489
-1.255615
-2.20286
-2.968235
2.271184
1.73148
1.035412
-0.1357411
-1.546905
-1.498495
-2.516218
2.631639
1.548151
0.8864166
-0.4110192
-1.225076
-2.058384
-2.766299
2.472726
2.144096
1.042671
-0.0903331
-0.8670643
-1.384327
-2.077919
-2.665922
2.548416
1.679499
0.7073626
0.1072155
-0.7813981
-1.669855
-2.361231
-3.027316
2.254721
1.580367
0.6526722
-0.4377552
-1.57522
-0.9075314
-2.063534
2.912539
1.925131
1.256359
0.4781154
-0.9583507
-1.774748
-1.868741
-3.110852
2.034127
1.377346
0.4678802
-0.8855885
-1.077733
-2.032429
3.038907
2.131344
1.534172
0.7097696
-0.3936399
-0.9653608
-1.648028
-2.591097
2.658883
1.987978
1.327718
0.4558208
-0.5634227
-1.149484
-1.815593
-2.581858
2.592685
1.788672
1.046329
0.4669759
-0.8078462
-1.780838
-2.297808
-2.82418
2.582552
1.486159
0.7774404
-0.4018169
-0.8947207
-2.144757
-2.822759
2.665429
2.164536
0.8188763
-0.1679571
-0.8263152
-1.645483
-2.756304
2.709282
2.037199
1.318423
0.288339
-0.6386575
-1.529909
-2.032784
2.955266
2.364408
1.349392
1.13909
0.1407214
-0.9234573
-2.167056
-2.786558
2.997942
2.534666
1.446863
0.4713664
-0.1287382
-1.375832
-2.167126
-3.056082
-2.614095
2.464097
1.074205
0.1997022
-0.7304503
-1.398246
-2.073905
-3.010172
2.132319
1.658283
0.5827152
-0.4746541
-1.263582
-2.312298
-2.756432
2.6417
1.53582
0.6032388
-0.09607544
-1.576163
-1.992008
-2.501947
2.783443
2.145449
0.9819556
-0.05166781
-0.3112562
-1.218499
-2.542914
3.114215
2.752504
1.76153
0.6902509
0.1404304
-0.6236796
-1.592264
-2.555457
-3.060233
2.517658
1.431458
1.040372
0.1137307
-1.061229
-1.640579
-2.337161
2.673347
1.820679
1.528631
0.2641827
-0.7504948
-1.454931
-2.116189
2.962166
1.677881
0.3695979
0.5508964
-0.3483604
-1.449607
-2.392723
2.835567
1.959607
1.542125
0.3122787
0.3751939
-0.7341578
-1.622743
-2.808928
2.811248
1.949067
1.916972
0.4997678
-0.2125073
-1.192965
-1.994873
-2.938497
2.657764
2.012027
1.452698
0.3275924
-0.6959358
-1.216178
-1.893124
3.027552
2.761875
2.129532
1.246252
-0.1060405
-1.14212
-2.109177
-2.711354
2.95843
1.991223
0.7571814
-0.3015072
-1.068684
-1.783471
-2.854275
2.347528
2.10131
1.480134
0.3763781
-0.8249363
-1.43579
-1.824508
-2.761195
2.424604
1.87989
0.8650885
0.2711631
-0.5671461
-1.583498
-2.216818
-2.997013
2.180073
1.292432
0.764176
0.002987989
-0.6667516
-1.709647
-2.286457
3.041424
1.795293
1.099014
0.2958722
0.06420678
-1.254629
-2.188211
2.862666
2.627491
1.455793
0.1125346
-0.4962753
-1.274801
-1.885406
3.123981
2.294675
1.512743
0.8266545
0.1590408
-0.923923
-1.711292
-2.357489
2.903057
2.032584
1.533903
0.5531966
-0.01280068
-0.9722149
-2.325833
-2.515042
2.681062
1.806022
0.364007
1.059572
-0.2644678
-1.422074
-2.668855
2.947151
2.321465
1.814669
0.4337315
0.00570741
-1.096522
-1.933692
-2.912842
2.616769
1.574591
1.129149
0.1288558
-0.7971724
-1.867047
-2.582278
-3.131645
2.133732
1.245099
0.4578054
-0.4383859
-1.559666
-1.996376
-2.752718
2.518214
1.573033
0.9134887
0.01893231
-0.9972414
-2.200635
-2.384106
-2.894965
2.241693
1.143066
0.2530376
-0.6628618
-1.159704
-1.770492
-2.667077
2.549202
1.860461
1.048012
0.1985654
-0.815271
-1.500918
-2.066852
-3.081792
1.806571
1.640905
0.6857671
-0.1366522
-1.460187
-2.312582
-3.037341
2.718168
1.27081
1.077553
-0.05942975
-1.003003
-1.814457
-2.690761
2.637326
2.39138
1.307625
0.2330396
-0.7643
-1.187316
-2.080713
-2.915658
2.329745
1.457366
0.8485165
-0.4066293
-0.7089236
-1.804408
-2.370395
2.954559
2.347107
0.9790293
0.9756788
0.002142755
-1.265551
-1.980119
-2.355338
2.840014
2.011097
1.33012
0.1189825
-0.9312202
-1.479724
-2.762017
3.114611
1.819083
1.593919
0.1383098
-0.8119685
-0.8950797
-2.320603
2.73766
2.274414
2.178991
1.213428
0.05100376
-0.9670389
-1.961276
-2.134076
2.912668
2.375844
1.400282
0.5966662
-0.4806339
-1.303367
-2.234445
-2.826461
2.765419
1.936555
0.8536043
0.1529871
-0.3810006
-1.247312
-2.211936
2.930806
2.889409
2.085442
0.9317052
0.7381349
-0.6179498
-2.100457
-3.105145
2.668622
2.22652
0.7740768
0.8559604
-0.9206451
-1.469533
-2.552387
2.824273
2.212218
1.579017
0.7831614
-0.004862559
-1.284864
-1.942451
-2.506968
2.769112
1.71743
1.241844
0.192689
-0.5749701
-1.785831
-2.519073
-3.104383
2.745252
1.405438
0.8714228
-0.2939302
-0.711476
-2.236594
-2.583883
-2.399606
2.588053
1.461908
0.5184655
-0.3912743
-0.4617856
-1.976839
-2.97724
2.354626
1.740226
1.207115
-0.03376752
-0.8431448
-1.82166
-2.794958
2.586614
2.1493
1.290756
0.4861787
-0.52539
-1.555662
-2.269253
3.103045
2.42341
1.70084
0.7851095
-0.0743369
-0.9769648
-2.198388
-2.825986
-3.068026
1.861943
0.7188117
0.492725
-0.0621566
-1.05096
-2.497731
-3.067792
2.561091
1.785315
1.219754
0.293713
-0.8896217
-1.225525
-2.258506
2.574247
1.498874
1.532359
0.7730967
-0.2821536
-1.180532
-2.278988
-3.038666
2.407079
1.585866
0.873212
0.2897876
-0.7345484
-1.919573
-3.034441
2.624901
2.21231
1.433799
0.2974786
-0.7143703
-1.479211
-2.730449
2.897844
1.773102
2.030738
0.7485659
-0.1548152
-1.540547
-1.814898
-2.571671
2.906022
1.952259
1.328006
0.5922922
-0.4507714
-1.22598
-2.108793
-2.913365
2.29718
1.561968
0.8440255
0.3227322
-0.8474787
-1.808991
-2.933351
2.918063
1.974666
1.161963
0.3953765
-0.06151659
-1.301304
-2.404819
2.801897
2.730543
1.454607
0.7844242
-0.3384699
-1.14524
-1.694535
-2.73291
2.443613
1.308064
0.8457717
0.2690703
-0.7667542
-1.412719
-2.312453
-2.98508
2.314341
1.337834
0.3814631
0.3782605
-0.9137303
-1.458669
-2.400053
2.921819
1.805777
0.8310235
0.06568154
0.02420632
-1.117956
-2.171856
2.95879
2.390166
1.29569
0.05130577
0.01232632
-0.5310007
-1.716574
-3.073978
2.556181
1.166299
1.554886
0.3601055
-0.6684415
-1.513921
-2.273229
2.995874
2.058281
1.257122
0.6548084
-0.1418847
-1.021701
-2.084657
-3.089388
2.654492
2.076263
0.7168248
0.001542894
0.0112538
-0.9926803
-2.388798
3.134372
2.615998
1.746378
0.5484419
0.02327697
-0.5175208
-1.523028
-3.054614
2.57724
0.7614123
1.859133
0.3468549
-0.8319329
-1.911647
-1.906897
-3.107746
2.238322
1.227743
0.6036
-0.02035088
-0.9285315
-1.863156
-2.624994
2.895769
1.917376
0.6726709
0.08727764
-0.4337305
-1.483092
-2.416348
-2.785654
2.501808
1.356677
0.1604461
-0.4295205
-0.97708
-1.617711
-2.47212
2.636113
2.689947
1.30071
0.1881779
-0.9528937
-1.400004
-1.49504
-2.972579
2.11599
1.410252
0.9440473
-0.02571027
-1.177734
-1.972291
-2.585028
3.131893
2.063002
0.7323465
0.2421693
-0.2920086
-1.129267
-2.329243
-2.941504
2.462276
1.189503
0.4671561
0.0240135
-0.7606972
-1.508268
-2.495204
2.307323
1.658056
1.004383
0.4353671
-0.6281204
-0.7460989
-2.071593
3.115669
2.512917
1.159973
1.06511
-0.002829319
-0.781247
-1.723339
-2.39649
2.772808
1.992042
1.042715
0.3041022
-0.1809621
-1.314521
-2.101832
-2.806765
2.579212
1.706287
0.4721993
0.0710799
-0.9514748
-1.399913
-2.553615
2.542861
2.19943
1.352266
0.3397268
-1.096583
-1.483671
-2.044321
2.994194
1.963386
2.40013
1.077566
-0.1544308
-1.25162
-2.071251
-2.439492
2.942334
2.303128
1.185636
0.5066611
-0.2244381
-1.440373
-2.464862
3.018541
2.782717
1.731458
0.8336364
-0.1301126
-0.7558275
-2.121059
-2.881714
-3.022946
2.473216
1.196965
0.05781912
-0.2350445
-0.6663057
-1.780399
-2.922572
2.301565
1.840917
0.7329741
-0.4778232
-0.9944706
-1.385726
-2.589557
2.791436
1.849636
0.6914742
0.2950711
-0.447788
-1.364959
-2.135271
-2.984304
2.761231
1.526947
0.3895792
0.1335959
-0.583536
-1.789648
-2.292309
2.966525
2.048962
0.8136216
0.207041
-0.5856373
-1.240944
-2.346474
-3.095672
1.835696
1.098263
0.7225949
0.2999212
-0.7029269
-1.546797
-2.666136
2.419289
2.18864
1.262475
0.8271669
-0.3846197
-1.29578
-2.466576
3.132035
2.142774
1.63327
0.9938409
0.05604088
-0.9994928
-1.918423
-2.771489
2.718348
1.986094
1.336836
0.6371495
-0.1945227
-0.8472135
-2.270225
2.975876
2.086899
2.178041
0.9402359
0.3276311
-0.9790594
-2.101009
-2.329006
2.620642
1.371062
1.426782
0.499547
-0.5383112
-1.540034
-2.456949
-2.475163
2.600199
1.449556
0.624597
0.1429963
-0.7543949
-1.713368
-2.649302
3.03616
2.069197
1.293934
0.2300346
-0.4983143
-1.421894
-1.952159
-2.882965
2.599548
1.730911
1.002278
-0.2879909
-1.629098
-0.8103406
-2.323299
2.720889
1.882307
1.450354
0.2197562
-0.4189426
-0.6979428
-1.732517
-2.865864
2.106124
1.340364
0.3530148
0.4462143
-0.7796571
-1.507588
-2.494969
2.688814
1.920719
1.244742
0.8503129
-0.09162413
-0.9078032
-2.093477
-2.987991
2.382938
1.919644
0.8587511
-0.1132467
-0.1303167
-1.262157
-2.433431
2.464427
2.367082
1.421301
0.5347434
0.1760261
-0.6554572
-2.151896
-2.53893
2.6003
1.540951
1.135633
0.2521539
-0.5601725
-1.489327
-3.10165
-2.934581
2.115379
1.207496
0.3952272
-0.2260621
-1.160811
-1.608521
-2.774825
2.809041
1.825883
0.8002702
0.1155864
-0.2523474
-1.163606
-2.416453
3.04694
2.10603
1.483011
0.5121999
-0.3612873
-1.035692
-1.757302
-2.492065
2.623295
1.64239
0.7815525
0.345816
-0.4741309
-1.360654
-2.187986
-2.966204
2.148106
1.270433
0.48206
-0.2243761
-0.9696916
-1.915678
-2.969897
2.684102
1.808336
0.669326
-0.2750541
-0.672472
-1.211296
-2.239907
3.044993
2.239427
1.466527
0.4738218
-0.3502864
-0.7860358
-1.476982
-2.777822
2.60515
1.375807
0.5578669
0.1377109
-0.6577119
-1.600647
-2.202351
3.016124
1.805739
1.016705
0.5495455
-0.08139192
-1.024681
-1.948248
-2.856736
2.674355
1.83432
1.205707
0.09917804
-0.8324603
-1.575771
-2.356619
2.997016
2.249364
1.421215
0.1349549
-0.9711952
-2.056464
-0.2138599
-2.146418
2.688819
1.171376
0.2292402
-0.4377213
-1.593892
-1.300478
-2.191714
-2.968077
2.036747
1.023423
-0.02538142
-0.8151114
-1.00639
-1.845673
-2.939936
2.290986
1.692735
0.6954271
-0.2562268
-1.020457
-1.225538
-2.406686
2.647475
2.235104
1.475006
0.5573701
-0.5260872
-1.108954
-1.969096
-3.12766
2.475081
1.917401
0.6537365
-0.2091225
-1.131885
-2.714893
-2.938327
2.767123
1.606903
0.8357346
-0.5311897
-0.6479528
-1.439032
-2.134821
3.076941
2.426533
1.272089
0.5379645
-0.4950454
-0.8893355
-1.41231
-2.620973
2.74338
1.79469
1.106554
0.3482978
-0.4958542
-1.453241
-1.691833
-3.038108
2.386433
1.416659
1.360816
0.07098625
-1.138663
-2.204311
-2.725446
3.118797
2.477619
1.303197
0.2478622
-0.989644
-2.002612
-3.122468
2.781897
2.829089
1.919516
0.522422
-0.8710188
-1.77777
-2.540852
-2.691195
-2.717085
2.30233
1.069054
0.07479837
-1.384905
-2.474513
-1.626788
-2.581365
2.286984
1.584475
0.4408213
-0.1471841
-1.061316
-1.378098
-2.633504
-3.044906
1.924613
1.057908
0.7972791
0.3621852
-1.167033
-2.208615
2.724738
2.911382
1.57641
0.9309979
-0.2582931
-0.7751946
-1.575361
-2.580744
2.777442
1.621717
1.123443
0.100814
-1.213865
-1.343633
-1.118089
-2.629376
2.298586
1.117661
0.4338234
0.5257821
-1.737681
-0.09510161
-1.820081
-3.003495
1.712332
0.9916959
0.5972478
-0.3743193
-1.344622
-2.423436
-2.444438
3.02815
2.115005
1.192779
0.3432202
-0.4221394
-1.525881
-2.399512
-3.118761
2.813887
1.861823
0.7540164
-0.3805376
-1.378277
-2.029455
-2.892668
-3.136527
2.939755
1.640035
0.2764966
-1.487928
2.927397
0.6585409
-1.239326
-3.025551
2.410115
1.607725
-0.3102179
-1.452788
3.05927
-0.5313919
-2.598994
1.890739
0.6477273
-0.1349294
-0.7095786
-1.199357
-2.028894
3.079573
2.313857
1.541826
0.853239
0.1520273
-0.5944312
-1.354321
-2.429142
2.963086
1.896557
1.324249
0.1793049
-0.1191083
-0.7421181
-1.856697
-2.849409
2.299884
1.015942
1.296212
0.5578102
-1.51199
-0.3991438
-1.631965
-3.01919
1.939992
1.729802
0.8908653
-0.4400055
-1.658501
-2.132953
-2.433249
2.786733
1.574415
0.7664863
-0.6077392
-0.9669625
-1.828657
-2.857104
2.540065
2.390551
1.199142
0.106025
-0.4688123
-1.026458
-2.232247
-3.020486
2.381344
2.167741
1.213974
0.2020828
-0.7630854
-1.983717
-2.474384
3.137118
1.850516
2.16275
0.9786268
-0.4829044
-1.504238
-3.02453
-2.45824
2.959778
1.731636
0.764163
0.1359162
-1.255122
-1.945901
-3.022151
3.062424
2.127819
1.057192
-0.2017543
-0.6343451
-1.517974
-2.235094
3.139621
2.163131
1.59927
0.3998815
-0.4269634
-1.428554
-1.315814
-2.393868
-3.037573
1.762534
0.9819773
0.4137474
-0.608179
-1.354921
-1.84806
-2.482672
2.585977
1.426697
0.5575215
-0.7674658
-0.7925748
-1.768664
-2.608279
2.249757
2.428385
1.138016
0.2142416
-0.8275439
-1.695754
-2.68607
3.008936
2.4601
1.458656
0.4589692
-0.4667711
-1.617517
-2.249769
-2.857768
2.588263
0.9965999
0.9517179
0.1707684
-0.6197343
-1.953546
-2.50372
-3.045452
2.151804
1.067261
0.6955869
0.05191729
-0.6744651
-2.016927
-2.929186
2.684681
1.93834
0.8318248
0.3090338
-0.6345959
-1.344373
-2.495686
-3.112513
2.118892
1.618056
0.76978
-0.3078364
-1.570167
-1.393419
-2.640676
2.434673
0.8569719
0.7365145
0.1801563
-1.093783
-2.544942
-2.95125
2.684949
1.620095
0.7760473
-0.1275017
-0.4464542
-1.739744
-2.627641
2.852708
2.43034
2.184874
1.155744
-0.0244316
-1.033266
-1.567522
-2.746275
-2.772459
2.716617
1.676847
0.5692618
-0.420284
-1.107583
-1.846381
-2.840511
2.291478
2.213226
1.726961
0.4582436
-1.094725
-2.446193
-0.9597639
-2.857444
1.645326
0.1418164
0.9003981
0.1302945
-1.490567
-2.622256
2.217141
1.860774
1.302459
0.328638
-0.7648937
-1.978318
-1.511156
-2.832731
2.488263
1.43927
1.607908
0.4249214
-0.2033332
-1.256937
-1.968415
-2.474595
3.042708
2.079191
1.279475
0.4984359
-0.4561508
-1.645789
-1.483954
-2.60988
2.674099
0.8583169
1.600883
0.3041732
-0.090746
-1.180798
-1.605838
-2.703892
2.476844
0.6246681
-1.103423
1.594978
-0.9114826
-2.495321
2.373488
1.339893
0.8546571
0.1750446
-0.3050379
-1.386113
-2.625226
2.77734
2.075734
2.034216
1.002831
0.5067019
-0.7559777
-1.631472
-2.180675
-2.740259
2.716426
2.329544
1.507889
0.3090492
-0.5720288
-2.02992
-1.744702
-2.664078
2.536529
1.497554
0.6699746
0.5058911
-1.045079
-1.94448
3.134502
3.052872
1.715078
0.5340878
0.4650986
-0.7604536
-1.982783
3.024501
2.978352
1.386654
0.1160254
0.2960619
-0.562849
-1.890555
-2.95179
2.744116
1.375783
-3.132468
1.459435
-0.3503821
-1.463758
-1.799958
-2.098679
-3.040119
2.578374
1.013961
1.028377
-0.2390642
-0.9106026
-1.582076
-2.447722
3.05582
1.940336
0.9657691
0.0624418
-0.3621234
-1.137551
-2.089474
3.032222
2.000111
1.425094
0.5336737
-0.2855162
-1.67295
-1.738888
-2.617676
2.35918
1.410226
0.9690681
-0.6909695
-1.045667
-2.815474
2.215791
2.316933
1.982916
-0.4484011
0.957117
-0.5327756
-1.101784
-2.407954
1.200337
-3.025169
2.044463
0.7259057
0.2484713
-0.5059981
-1.401241
-2.557049
3.107057
2.031572
1.498356
0.6720439
-0.02352545
-1.07483
-1.751455
-2.805503
2.748132
1.726366
1.455255
0.3373183
-0.3119536
-1.052439
-2.365935
2.566881
3.09521
2.166699
1.085555
0.4250852
-1.217881
3.027602
0.4173424
2.795185
1.083823
0.06928003
-1.924413
0.119366
-2.034835
-2.382445
2.912634
2.128962
1.505129
0.543735
-0.4261149
-1.187305
-1.786013
-2.838541
2.727257
1.677056
0.8723843
0.09621521
-0.297704
-1.513864
-2.616601
-2.789778
3.05741
1.80537
0.9464684
0.07369429
-0.7556557
-1.842151
-1.951011
-2.194401
2.573624
1.46656
0.5894783
-1.08542
-2.598886
2.748384
3.046827
2.817083
1.234358
0.05792829
-0.5453646
-2.09214
-2.660139
-3.054723
2.748005
1.635982
0.8717695
0.04572894
-0.609762
-1.535699
-2.40003
-3.008115
2.216531
1.303965
0.412374
-0.05881673
-0.7548113
-1.699283
-2.340282
2.717259
1.987717
1.535868
0.8776745
0.2205374
-0.823826
-2.205647
-2.523609
2.812806
1.835958
0.8704513
-0.2042078
-0.2270133
-1.796274
-2.803182
2.345099
1.2499
0.7830575
-0.2330699
-1.311079
-2.02362
-2.234511
2.700607
2.03584
1.063477
0.2284187
-0.4102844
-1.09832
-1.711323
-2.814205
2.769527
1.798768
0.9498945
0.5601385
-0.3428598
-1.627099
-2.941779
-2.88199
2.488805
1.975418
0.8599745
0.1160887
-0.6954197
-1.836882
-2.870878
2.102458
2.948112
1.819275
0.4753378
-0.5925086
-1.663864
-2.771857
2.693892
2.125358
2.014935
1.125373
-0.2950993
-1.250353
-2.711732
2.696428
2.982316
2.023815
0.81264
0.007456455
-1.173901
-2.205309
-2.634383
3.127247
2.305678
1.616232
-0.09536255
-0.889513
-0.9103878
-1.679076
-2.627879
2.497089
1.681779
0.9946278
-0.07017688
-0.6118567
-0.9854173
-2.077079
-3.05883
2.333905
1.730244
0.6151292
-0.1170395
-0.865842
-1.62894
-2.619351
2.815145
1.91742
0.8113598
-0.5206542
-0.7073132
-1.430376
2.714732
-2.351052
2.027182
1.24838
-0.6549074
-1.001439
-1.393094
-2.182019
2.886903
2.085218
1.306415
0.4102273
-0.06689588
-1.331764
-1.641461
-2.5238
2.664577
1.593608
1.103071
0.7433628
-0.02001248
-0.9609894
-1.941831
-2.733458
2.52555
1.569581
1.597696
1.262621
-0.02681044
-0.973084
-2.360589
2.583359
2.441574
1.581577
2.541443
0.9563901
-0.9039726
-2.991657
1.733878
0.4184698
-1.202434
1.846531
-0.2386326
-1.853309
-2.562535
3.013222
2.204071
1.475119
1.160822
0.1846196
-0.9758953
-1.98143
-2.777666
-2.926318
2.638816
1.533517
0.5399362
-0.4170432
-0.6815097
-1.447319
-2.147659
-2.481842
2.627899
1.58147
1.351607
0.7238801
0.03938949
-1.258246
-1.747243
-2.192948
2.605883
1.528514
-0.1910935
-2.833647
-0.4803473
-1.641725
2.775086
0.8445665
2.553639
0.05053996
-0.9736777
-2.623037
2.578132
-2.749202
2.295327
1.075072
-0.03393314
-0.2226427
-1.226983
-1.627779
-2.792176
3.135016
1.944259
0.409312
-0.7406934
0.8944184
-0.3430482
-1.286621
-2.454264
2.845287
2.30481
1.927408
2.016595
0.8256449
-0.1103945
-1.475531
-3.12076
2.356867
2.908185
1.814929
0.5105404
-0.0513344
-1.448123
-2.421578
2.668486
0.8403388
1.902827
0.2049704
-0.6020844
-1.570514
-3.125847
2.191611
2.844804
1.441186
-0.003435621
-0.2114327
-1.611259
-2.645636
-2.817933
-2.754552
2.367172
1.206865
0.1954577
0.08981027
-1.117916
-1.49656
-2.283301
-2.985781
2.416592
1.158654
0.113462
-0.2298068
-0.8981704
-1.936128
-2.728486
2.769315
1.823381
0.7850682
-0.1388246
-0.9538267
-1.532047
-2.146391
2.9905
1.964436
1.123853
0.244427
-0.4773138
-0.9267151
-1.74248
-2.955415
2.631012
0.7689964
1.783221
0.5009124
-0.2219632
-1.72727
2.401371
-3.13711
1.627702
0.3623663
-1.364689
0.2197654
-0.9830792
-2.072281
2.870599
2.001844
1.704306
0.6878681
-0.1753801
-0.745581
-1.653474
-2.498843
2.971722
1.745937
1.188159
0.3853058
-0.5873332
-0.9815053
-1.818246
-2.900639
2.49047
1.665427
0.6622342
0.5636227
-0.9906782
-1.010092
-1.909425
-2.810547
2.071518
0.9248934
0.1093204
0.06697562
-1.418595
-2.693159
2.620699
1.610262
1.484687
0.426749
-0.6856874
-1.880814
-2.495533
-2.887878
2.531372
1.719881
1.190922
0.2113051
-0.949716
-1.573415
-2.110076
-3.03188
2.437693
1.721262
0.6920029
-0.07735451
-1.109365
-1.856883
-2.427409
2.874033
2.178566
1.138328
0.3048162
-0.2459827
-1.044073
-2.136859
2.559763
2.279702
1.091532
0.462281
-0.7343668
-1.255038
-1.90339
-3.119965
1.983272
1.161564
0.3039462
-0.3862746
-1.112524
-2.172321
-2.92877
2.721904
1.746148
1.219851
0.2125851
-0.5426669
-1.504441
-2.008435
-2.755622
3.031404
2.107672
1.103914
0.08682778
-0.8271801
-1.505901
-2.271456
-2.935217
2.827242
1.4604
0.2705095
-0.5924453
-1.454229
-1.847814
-2.794523
2.074213
1.537949
1.004502
-0.3528661
-1.486855
-2.225454
-2.822624
2.12739
1.814991
0.8091223
0.1314273
-0.7335387
-1.660253
-2.678107
3.010362
1.874768
0.9743168
0.547577
0.02659293
-1.037934
-1.937981
-3.03569
2.503935
2.429749
1.418298
0.292197
-0.4743135
-0.8234219
-1.858388
3.141394
2.36261
1.680646
0.9028764
-0.07667866
-0.9671193
-1.638706
-2.18633
2.854614
1.893773
0.8761554
-0.2041156
-0.9647734
-0.8748106
-2.453113
-2.964846
2.072592
0.8124308
-1.667413
0.5508422
-1.475269
-1.712063
2.84309
1.834959
0.8164248
0.9665218
0.3213319
-0.6638801
-1.6865
-2.860676
2.633864
1.464948
1.923036
0.9304683
0.2446796
-0.9917586
-2.045301
-2.840799
-3.076963
2.046307
1.330338
0.9029805
-0.2635401
-1.245785
-2.363866
-2.425348
2.623055
2.488245
1.811707
0.7679883
-0.1451333
-1.197535
-1.587702
3.110632
-3.073738
1.808856
0.04495798
-0.7136957
0.2260954
-1.785777
2.398171
1.435089
0.4318271
0.1186431
-0.7155076
-1.823194
-2.055342
-2.615054
2.728478
1.507709
0.504033
0.513229
-0.3015241
-1.414434
-2.128751
-2.612959
2.671924
1.914957
0.8628524
0.2641892
-0.3983486
-1.111824
-1.557685
-2.435766
2.419144
1.981259
1.575019
1.320697
0.4283273
-0.7918192
-1.862173
-2.725504
2.371405
2.545347
1.006037
1.111088
-0.4974088
-2.340641
2.209055
0.8940748
-0.129433
2.968396
0.1567219
-1.668543
-2.599254
3.098553
1.993777
1.012965
0.8356086
0.09156682
-0.5979412
-1.480176
-2.253812
3.029298
2.277636
1.620746
1.127648
0.3610906
-0.6002219
-1.432352
-2.233299
-3.077225
2.766246
1.838879
1.121982
0.3789765
-0.4467112
-1.289323
-2.047566
3.001582
2.586265
1.572073
0.3792668
-0.8807508
-1.401306
-2.955368
-3.032187
1.714447
0.4544282
-0.3371089
-0.9711219
-1.928432
-2.790255
2.814372
2.009084
1.293617
-0.06113384
-0.4246099
-0.9122416
-1.895104
-2.623666
-3.121921
2.144981
1.270968
0.2801799
-0.2641833
-0.7786635
-1.688872
-2.400773
2.70116
1.752305
1.006267
0.1327187
-0.6313765
-0.7362863
-1.898938
-3.062563
1.991947
1.106771
1.009366
0.2385749
-0.9739777
-1.768963
-2.873028
2.338532
1.284269
0.1086157
-0.5603803
-0.9036274
-1.992323
-2.876842
2.465298
1.340718
0.8204221
-0.6793095
-0.8385649
-1.724845
-1.972669
-3.108964
2.396796
1.192099
0.6882823
-0.2974786
-0.7985101
-1.631515
-2.193991
2.911327
2.000837
1.286798
0.5403954
-0.2184469
-1.283245
-1.842401
-2.828942
2.663682
1.732828
0.9151314
0.1863984
-0.5061102
-1.470852
-2.490624
2.860323
2.267881
1.165412
0.1900505
-0.245287
-1.798976
-3.031191
-3.089873
1.796185
1.137119
0.2331707
-0.7529214
-1.839151
-2.883761
-2.41641
2.761072
1.503117
0.7585073
0.1141506
-1.03869
-2.070978
-2.501985
-2.625909
2.651314
1.528419
0.598548
-0.3740299
-0.9574793
-1.378589
-2.352051
-3.084708
2.449579
1.295519
0.3656972
-0.3784726
-1.103432
-1.769516
-2.442518
2.781853
1.997234
0.6972486
-0.3818939
-1.705369
-2.968951
-2.534763
2.519993
1.714534
0.5494922
-0.4143665
-1.649945
-2.537863
2.651039
2.870027
1.879058
1.255777
0.1990093
-0.740193
-1.399551
-1.997591
3.134278
2.689369
1.913591
0.8642554
0.06796256
-0.4594713
-1.218611
-1.941973
-2.748535
2.64841
1.665945
1.105509
0.4773101
-0.6455457
-1.159094
-2.136412
2.911687
2.168095
1.722112
0.2519257
-0.6129981
-1.23022
-2.649718
2.595094
1.694228
0.7041716
0.2163349
-0.9398121
-1.86206
-2.822907
2.145645
1.652781
2.210876
0.6916764
0.06191581
-0.9665259
-1.941724
-2.786489
2.858449
2.646943
1.66476
0.8573137
-0.1905147
-1.188566
-2.07957
-2.598615
2.8482
2.654736
1.668768
0.7181233
-0.3122908
-1.40861
-1.966182
-2.858529
2.947302
2.237401
1.144716
0.1303352
-0.9551703
-2.337023
2.36364
-2.174881
2.352261
0.8044854
-0.2743383
-1.159075
-1.966234
2.861946
2.168531
1.687096
1.499453
0.1800651
-0.4544108
-1.353925
-2.332983
-2.785378
2.973031
1.904297
0.9914628
0.1800264
-0.9271529
-1.498322
-2.047091
-3.010721
2.343321
1.357254
0.6724761
0.086293
-0.8631296
-1.740567
-2.3708
-3.100436
2.261936
1.073797
0.6469143
-0.2214965
-1.423901
-2.43348
-2.807726
2.74851
1.560359
1.201802
-0.2042297
-1.06774
-1.846455
-3.08552
1.557492
0.152969
2.656627
0.5804002
-0.9798373
-1.774788
-2.620005
2.590728
1.466137
0.8160257
1.070086
0.1547473
-0.9481186
-2.024589
-2.99069
2.339193
1.682948
0.7390635
0.5590882
-0.3117221
-1.404762
-2.334023
3.134716
2.331206
1.955053
1.115736
0.4831928
-0.5448049
-1.417564
-2.523996
2.977106
2.878845
2.0555
0.9041141
-0.6172027
-0.5554859
-1.981577
2.953533
-2.899155
1.496881
0.7021182
-0.03718374
-1.501777
-3.053634
-2.603799
2.486578
1.984177
0.5811468
-0.2127742
-1.032425
-1.928444
-2.654699
3.090902
2.15371
1.326406
0.500312
-0.2943655
-0.8551788
-1.733722
-2.694163
2.791527
2.58226
1.816514
0.8999601
-0.1529856
-0.685977
-1.637246
-2.814292
-2.882025
2.585092
1.448508
0.4083032
0.1595469
-1.002963
-2.000368
-2.874743
1.942827
0.6764616
-2.527522
0.5931525
-0.8720822
-2.430198
2.962902
2.080359
0.8145139
-0.1279432
-0.7200096
-0.9439188
-1.73957
-2.924025
2.348672
1.758319
0.9131214
-0.1305654
-0.4288224
-1.22882
-1.77581
-2.951314
2.399092
2.108043
1.354294
0.4963713
-0.306496
-1.245327
-1.52568
-2.613331
2.352645
1.716908
1.146784
0.4108843
-0.8846391
-2.220278
-2.509863
-3.016816
1.991873
1.067945
-0.1949388
-0.8708306
-1.883418
-2.7039
2.826572
2.212632
1.093075
0.0886995
-0.8037155
-1.628298
-2.38428
3.111616
2.052159
1.371262
0.7006661
-0.1084134
-1.067335
-1.716481
-2.47858
2.939535
1.673629
1.481408
1.099416
0.0509626
-1.050014
-1.838892
-2.539175
-3.059706
2.231895
1.305061
0.2542392
-0.2634586
-1.311578
-2.180491
-2.734514
2.377011
1.205095
0.3317339
-0.5423896
-0.6164247
-1.561883
-2.737707
2.796375
1.799542
0.6449953
-0.2806023
-1.285617
-2.065804
-2.37428
3.03851
1.695502
0.9208159
0.1426137
-0.7918421
-1.939261
-2.444231
2.939999
2.737711
1.497868
0.7982281
-0.05807019
-0.9019127
-1.482417
-2.347265
2.924299
2.669518
1.69666
0.6892782
0.007838747
-0.9328093
-1.674852
-2.611762
2.878797
2.158514
1.257113
0.07071976
-0.4857579
-1.33695
-2.532802
2.970673
2.290458
1.625486
0.4136766
-0.7237636
-1.869727
-2.441588
-3.025159
2.143332
1.114329
-0.02071214
-0.6020206
-1.347235
-1.752772
3.106389
2.22016
1.698367
1.162663
0.1930687
-0.6485945
-1.3615
-2.164582
-2.879386
2.367002
1.999154
1.196782
0.1429528
-0.4834471
-1.349584
-2.383651
-2.942574
2.831283
1.823677
0.950006
-0.1629796
-1.299389
-2.165112
-2.662951
2.965082
2.050014
0.6965733
0.3477875
-1.022268
-2.511729
2.562513
1.950248
1.497245
1.012759
-0.1187451
-1.166109
-1.936863
-2.967654
2.599435
1.869164
1.010783
0.4284262
-0.1493027
-1.099932
-1.74354
-2.641298
2.72752
2.187786
1.469384
0.7825539
-0.1997774
-1.138481
-1.837583
-2.692628
2.846773
2.366425
1.125902
0.6506956
-0.3979856
-1.871944
-2.992503
-2.979629
2.526765
1.134797
0.1521185
-1.166936
-1.972401
-2.456274
2.877224
1.781762
0.8628244
-0.09198891
-0.6329153
-1.336513
-2.147467
2.888373
2.272555
1.341443
0.2123517
0.01626196
-0.6683729
-1.343526
-2.193899
2.899244
2.219153
1.766372
1.61037
0.3885084
-0.539583
-1.656141
-2.170168
2.937877
2.046437
0.9519278
1.347998
0.1087297
-0.8593011
-2.307128
2.885266
1.621603
1.978441
1.837759
0.3395855
-1.037559
-1.734412
-2.897169
2.023108
0.984544
0.4013319
0.1710434
-0.4068549
-1.573201
-2.714742
2.8107
1.666514
0.7380067
0.2046731
-0.1935398
-1.385325
-2.169003
-2.686762
2.754899
1.559424
0.8330841
0.7555619
0.06938133
-0.9287516
-2.089625
-3.115685
2.621271
2.061924
1.063489
0.3917581
-0.8428009
-1.222303
-2.522611
3.074438
2.352238
1.934851
0.6494744
0.165451
-0.5944515
-1.636894
-2.584031
2.13381
1.463822
0.7454224
-0.2785945
0.182731
-1.083902
-2.049111
2.745826
1.720569
-0.2478565
-2.457841
-0.09202455
-0.9918864
-2.423265
2.789008
2.02694
1.129311
0.3159095
-0.4841103
-0.3612519
-1.395316
-2.045977
2.789496
2.061239
1.414784
0.9258866
-0.2007949
-0.6277712
-1.631225
-2.546346
2.766793
1.827498
1.555301
0.8697947
0.2617777
-0.5841089
-1.85002
-2.679999
2.59141
1.52907
2.071286
1.080402
-0.4331073
-0.9657926
-2.973916
2.273677
1.156491
0.01575343
-0.4702257
-0.4424151
-1.534014
-2.860932
2.450975
1.851436
1.044718
0.2646592
-0.5897814
-1.355083
-1.785687
-2.632329
2.496663
1.756518
1.076811
0.4531561
-0.3115114
-1.183967
-1.956482
-2.766625
2.345411
1.598812
1.270021
0.4876971
-0.04342325
-1.080034
-1.93185
-2.909696
2.023649
0.7030867
1.813351
0.0694846
-0.7242581
-1.776946
3.052898
2.064824
0.9040874
-0.1222083
-1.008937
-1.692713
-1.864386
-2.874117
2.613217
1.401513
0.4954333
-0.1064656
-0.9874714
-1.434715
-2.243786
3.126807
2.131534
1.409434
0.7472205
-0.1901608
-1.075595
-1.585135
-2.399197
2.961619
1.971044
0.9302735
0.5614875
-0.275241
-0.7669243
-1.931168
-2.48136
2.845302
1.906704
0.3742003
0.2633857
-0.1561132
-1.348546
-2.495807
2.522305
1.590361
0.5818293
-0.03736615
-0.9482681
-1.99383
-2.512775
3.108727
2.025397
0.8426558
0.2480718
-0.5146077
-1.393489
-2.265401
-2.636152
2.627522
1.788331
0.6367857
-0.2506605
-1.07199
-1.143815
-2.065476
-3.10201
2.220085
1.32194
0.4341767
-0.6227766
-1.063454
-1.423949
-2.625661
3.019938
1.924752
1.196184
0.2836747
-0.4977099
-1.418681
-1.62443
-2.740741
2.619481
1.508387
0.6967897
-0.4173921
-1.563896
-2.456284
-3.02309
2.638864
1.581659
0.5148982
-0.4465435
-1.370818
-1.694024
-2.95789
2.642611
1.655703
1.387075
-0.04685007
-0.6266585
-1.478831
-2.004924
3.099169
2.323164
1.623349
1.012867
0.09961954
-0.8794045
-1.724803
-2.207291
-2.909844
2.403169
1.434756
0.7223701
0.0448545
-0.7250605
-1.482159
-2.09523
-2.80402
2.400271
1.239623
0.3237478
-0.7492348
-1.790907
-2.678947
2.584362
2.514181
1.192191
-0.1546344
-1.454933
-1.911
-3.105335
2.743582
2.382403
1.466605
0.3335963
-0.5284773
-1.472609
-2.104008
-2.78214
2.968472
2.053303
1.05932
0.4628328
-0.3888359
-1.135838
-1.921071
-2.761237
3.125242
2.228628
1.507906
0.6736704
-0.2947909
-1.33879
-2.082476
-2.293195
-3.038401
2.013041
1.031712
0.3299368
-0.2099007
-1.726241
3.013106
1.876358
1.091904
0.8079865
-0.5831023
-1.25984
-2.26559
3.125675
2.238244
1.688368
0.5764046
-0.1626052
-0.7227673
-1.262813
-2.304922
-3.098121
2.348134
1.651025
0.7402027
0.289704
-0.8456344
-1.587335
-1.980833
-2.635461
2.698414
1.60979
1.188559
0.6256677
-0.5676603
-1.513399
-2.241242
-2.905716
-3.104978
1.936272
0.7690313
-0.6538613
-1.745975
-1.86159
2.999805
2.44488
2.228975
0.752165
-0.7200841
-1.853073
-3.072874
-3.043831
2.784061
1.580934
0.6430404
-0.2957093
-0.9251139
-1.531181
-2.388337
-3.135638
2.098902
1.437857
0.5731854
-0.1911876
-1.000685
-1.816582
-2.959596
2.925808
2.154129
1.547912
0.7667434
-0.2235785
-0.3953299
-1.582858
-3.016175
2.681883
2.234638
1.076901
0.6398277
-0.352341
-1.247702
-2.380695
2.752172
1.918642
0.8644938
0.5564967
0.2396699
-1.170334
-2.313743
2.997647
1.682324
0.8230503
0.9132239
-0.1785363
-1.02681
-2.146289
3.134424
-3.063621
2.22882
0.9025944
-0.04719427
-0.8086069
-1.212535
-2.123876
2.847543
2.356133
1.54784
0.88908
-0.4126622
-0.7782878
-1.438952
-2.011947
2.87367
2.223512
1.481646
1.104818
0.1141755
-0.9519442
-2.135935
-2.738259
2.854573
2.131151
1.085515
0.25129
-0.7746686
-1.837545
-2.606519
-2.92663
2.115979
1.079447
-0.2653334
-0.4702695
-1.411482
-2.607474
2.388192
2.88153
1.545745
0.5246686
-0.4620292
-1.520282
-1.778216
-2.478992
2.737035
1.689308
0.8865293
0.02961712
-0.7505304
-1.320207
-1.907576
-2.663035
2.561741
1.379327
0.7668796
0.2853059
-0.2061957
-1.239745
-2.120617
-3.106754
2.198293
1.221919
0.8025114
0.2736839
-0.7689567
-2.054892
2.915157
3.023289
1.661914
0.5534853
-0.4898748
-1.67316
-2.309338
-2.576771
2.172511
1.398615
1.136747
0.1685392
-1.095128
-2.180779
-2.485376
-2.820923
2.314355
1.439412
0.4451381
-0.3279228
-1.172213
-1.771969
-2.513598
2.942149
2.077211
1.32746
0.3148984
-0.121674
-0.8669547
-1.770193
-2.541667
3.033111
1.808895
0.9854375
-0.09156829
-0.1183895
-1.190538
-2.645827
1.729182
2.195636
1.876395
0.8657085
-0.9641703
-2.38113
-2.716049
-3.051592
1.924315
1.383542
0.4747435
-0.6344944
-1.169195
-2.282056
3.109696
2.699942
2.195511
0.9822084
-0.01174764
-1.029969
-1.4896
-1.953501
-2.683105
2.464626
1.612387
0.4600054
-0.2874884
-0.4416848
-1.175826
-2.211722
3.055819
2.284456
1.699325
0.5108665
-0.799625
-1.425346
-1.912312
-2.681607
2.433583
1.506007
0.9345478
0.0320177
-1.643656
-2.18855
-2.79644
2.942908
2.526064
1.287302
0.07435127
-0.712759
-1.585433
-2.731735
2.947687
2.529424
1.693017
0.4164641
-0.208093
-1.318489
-2.0747
-2.935836
2.60523
2.048808
1.435722
0.3569216
-1.094936
-1.65523
-1.706921
-2.794689
2.721212
1.953911
1.268825
0.2307396
-0.7638991
-1.624284
-2.400702
-3.04913
2.107424
1.178823
0.3109435
0.2348719
-0.8725773
-2.397115
2.990883
2.846219
1.785459
1.310925
0.4195699
-0.7486271
-1.911468
-2.923307
3.041095
1.971522
0.9556121
0.2066379
-1.040867
-1.851224
-2.624014
3.113104
2.093492
1.427588
0.7643306
-0.2277551
-1.427455
-1.98957
-2.704576
-2.787446
2.163025
1.497219
0.6718419
-0.2267914
-1.136737
-1.873152
-2.590195
-3.077579
2.145466
1.289081
0.331632
-0.7760376
-1.421015
-2.431046
3.037629
3.078844
2.215359
0.9515379
0.2078097
-1.048529
-2.533672
2.987579
1.62321
-2.666884
1.276007
-0.06867108
-1.436171
-2.253719
-3.138467
2.487038
1.789924
0.9597839
0.5304274
-0.4975423
-1.443345
-2.323222
-2.927129
2.527791
1.794109
1.078948
0.1135397
-0.3957201
-1.266609
-2.056127
-3.057265
2.542436
1.783682
0.9955252
0.07647148
-0.6540564
-1.426112
-2.676484
2.358322
1.745071
1.037416
0.2415349
-0.8424258
-1.609763
-2.485307
3.110191
1.810257
0.9364455
0.3936899
-0.4960575
-1.575506
-2.583008
3.082026
2.033356
1.428276
0.9015462
0.0578947
-1.11605
-1.875514
-2.68266
2.87747
2.434379
1.688971
0.7376965
-0.3758752
-1.275818
-1.744221
-2.781736
2.853681
2.322441
1.131755
0.3814349
-0.1330743
-0.9818086
-2.22333
2.699043
2.06138
1.352274
1.190573
0.2907077
-0.9983181
-2.394538
3.070652
2.375515
1.357787
1.089833
0.1515955
-0.7235952
-2.043811
-2.779602
2.835353
2.021344
0.9748922
0.3190214
-0.9151587
-1.295561
-1.975162
-2.675971
2.509038
1.617751
0.8128364
-0.1077495
-0.3689453
-1.13879
-2.268204
3.023741
1.805007
1.443867
0.9436402
-0.2079743
-1.172602
-2.172677
-2.532891
3.105556
1.706473
1.021566
0.1762696
-0.734475
-1.679345
-2.415786
-2.784007
2.383677
1.355901
0.5331966
-0.3165056
-1.161903
-2.016127
-3.038738
2.467686
1.437268
0.6983385
-0.05971101
-1.093588
-1.731683
-2.92043
2.466102
1.456141
1.280766
0.921308
-0.2194327
-1.302498
-2.160233
-2.57444
2.679978
1.638334
0.7200667
0.03715246
-0.3953674
-1.498529
-2.444788
3.105839
2.226517
1.142782
1.173217
-0.05699889
-0.8907039
-1.731951
-2.650193
2.87956
2.42397
1.153394
0.007701688
-0.5029606
-2.315343
-2.063448
-3.132122
2.303638
0.9070323
0.408921
-0.8259084
-1.853798
-2.664404
-2.77795
2.530052
1.129602
0.007543664
-0.2925702
-0.5621163
-1.842521
-2.427713
3.082588
2.37654
1.190111
0.7988092
-0.2672192
-1.062892
-1.801733
-2.778702
2.441711
2.453342
1.290802
0.2569421
-0.7196273
-1.303579
-1.988495
-2.727893
2.732217
1.789379
0.8339882
-0.1298926
-1.276303
-2.215957
-2.584564
2.594029
1.576337
0.5061898
0.05513833
-0.874599
-2.130503
-2.794842
2.67791
2.003097
0.9240532
0.1056975
-0.6260948
-1.123818
-2.108701
-2.890836
2.462924
1.91699
1.014295
0.3547069
-0.5699378
-1.268227
-2.404515
3.092557
2.480094
1.656546
0.9317622
-0.1260433
-1.118609
-1.850678
-2.56475
2.90374
2.503588
1.507986
0.4517063
-0.7309683
-2.054776
-2.660391
-2.747153
2.231936
1.018839
-0.1145922
-0.4614082
-0.8977439
-2.154618
-3.080991
2.382535
1.756489
0.7114287
0.05154653
-0.9478324
-1.717781
-2.555806
2.935909
2.010988
1.633827
0.6473916
-0.4223478
-1.077068
-2.041375
-2.644724
2.986047
1.836857
1.108238
0.330557
-0.5964471
-1.808411
-2.523415
-2.827808
2.644424
1.533587
0.6494085
0.5637388
-0.6196886
-2.141322
3.035538
2.597507
2.321136
1.008553
0.01295484
-0.6444128
-1.619291
-3.040789
2.695664
2.124201
1.142619
0.545989
-0.2156971
-1.591984
-2.173229
-2.860773
2.572447
1.546562
0.6025589
0.4097859
-0.5617313
-1.718833
-2.496616
3.113573
2.045857
1.194343
0.6668156
-0.05969136
-0.8848942
-1.996628
-3.039729
2.741658
1.844117
0.9952653
0.05189766
-0.1522297
-0.9599315
-1.901596
-3.047703
2.35417
1.525238
0.5034156
-0.1073385
-1.307321
-1.80225
-2.775356
2.279099
1.392153
0.4438783
0.0594328
-0.7685683
-1.938645
-3.125993
2.751425
1.781788
1.465605
0.5318899
-0.2536873
-1.315981
-2.462778
-3.133822
2.626962
1.94009
0.8861966
0.2282256
-0.5575645
-1.372724
-2.371932
2.859222
2.05051
1.974616
0.9408469
0.1251213
-0.6366969
-1.433836
-2.86972
2.745179
2.069318
1.901548
0.924873
-0.05957358
-1.338707
-2.28715
2.775177
1.713395
0.6227985
0.0485217
-0.4920015
-1.093303
-2.671629
3.138405
2.11931
1.716192
0.3668221
0.07695723
-0.8696632
-1.286801
-2.367738
3.028486
2.373422
1.692413
0.3818539
-0.5090025
-0.7316829
-1.349411
-2.545118
2.85976
2.27041
1.07949
-0.0629959
-0.9289447
-0.738574
-1.497401
-2.660346
2.307826
1.661995
1.096091
0.1906842
-0.5451697
-2.022453
-2.926355
-3.046539
1.77291
0.7678715
-0.1858165
-0.5725501
-1.591825
-2.740088
2.427797
1.981046
1.298402
0.7119398
-0.2901677
-0.6283587
-1.761648
-2.969893
2.332407
1.889636
1.136571
0.4126628
-0.1802815
-1.327363
-2.269172
-2.991756
2.200436
1.420764
1.196942
0.3767194
-0.7844251
-1.617425
-2.437962
-2.936632
1.893669
0.4979976
0.149424
-0.547421
-0.6329287
-1.785605
-2.73899
2.176358
1.463109
-0.081981
-0.3179938
-0.7056992
-1.659438
-2.910275
2.652267
1.680896
0.9872254
0.1168799
-0.6862975
-1.495412
-2.327356
-3.129042
2.621752
1.755209
0.8470661
-0.2286596
-1.354112
-2.730645
-2.209929
-3.130041
2.294421
1.013393
0.279144
-1.04719
-1.177994
-2.304886
-2.735911
2.681689
1.854122
0.3872194
-0.05729426
-0.9251904
-1.500875
-2.90218
2.642109
1.911803
1.126708
0.003226354
-0.3111189
-1.276951
-2.156499
2.984718
1.92944
0.9989209
0.5920087
-0.3302967
-0.6511879
-1.51384
-2.400073
2.592874
1.212676
-0.0513663
0.6115224
-0.3783139
-1.325371
-2.408062
2.834853
2.172339
1.356412
0.3828763
-0.5012271
-1.034908
-2.048888
-2.72109
2.956625
2.433346
1.126149
0.03735372
-0.8587991
-1.591962
-1.820971
-2.8638
2.571214
1.646664
0.5265267
-0.6880471
-1.308347
-1.703463
-2.544015
2.500645
1.215451
0.8688321
0.2314952
-0.6570826
-1.83334
-3.000489
1.876713
1.745756
1.849645
0.6562911
-0.3513205
-1.001089
-2.156912
2.909851
2.617489
1.815354
1.304935
-0.01912661
-0.8746936
-1.704676
-2.520721
2.762397
2.34317
1.506189
0.9525275
-0.3199539
-0.9904298
-1.438342
-2.311052
2.772598
1.774217
0.7295868
-0.2300119
-0.6829323
-1.266911
-2.058102
-2.880088
1.992645
0.8324289
-0.6299325
-2.237853
-0.4546833
-1.508097
3.086069
2.177029
1.418118
0.2121214
-0.08244727
-0.9395044
-1.312659
-2.396106
2.960215
1.93916
1.641882
0.7339325
-0.203531
-1.14158
-2.331742
-2.952971
2.56087
2.0504
1.214852
0.2851794
-1.060404
-1.430819
-2.059455
-3.078321
2.409853
1.487648
0.9775955
-0.1521824
-0.5231298
-2.172846
3.024256
1.742331
1.917007
0.8405064
-0.4278933
-0.5945386
-1.139777
-2.609759
2.660666
1.956542
1.006494
0.8505644
-0.2480434
-1.168558
-1.854305
-2.692217
2.423599
2.021846
0.9429585
0.503725
-0.5932785
-1.384965
-1.920901
3.109406
1.821954
1.848292
0.4046719
0.1203204
-0.8501391
-2.104825
-0.6785203
-2.61862
2.323857
1.468197
-0.2836042
-2.299268
-0.3685042
-1.236286
-2.745459
2.526413
1.094817
0.2662857
-0.461628
-2.012102
-0.8009002
-2.09617
2.712852
1.780268
0.7795905
0.9774636
-0.4483673
-1.239218
-2.187644
-2.847455
2.021213
1.740266
0.7753401
0.4893855
-0.9955587
-1.607172
-2.560949
2.891015
2.109748
1.399751
-0.2100255
0.4380769
-0.4636519
-1.702889
-2.965228
2.528865
1.800889
1.189404
0.3368525
-0.1794226
-1.088555
-2.146486
2.833809
1.915936
1.501942
0.6017075
-0.3044314
-1.130854
-2.107864
-2.445328
2.604875
1.949283
1.111382
-0.1009213
-0.9751093
-1.129124
-2.139332
2.846263
2.229384
1.104254
-0.007393092
-0.5336899
-1.233419
-1.961309
-2.890571
2.178324
1.640819
0.8831801
-0.3250067
-0.5159492
-1.350038
-2.193047
3.131767
2.097098
1.632825
0.7339216
-0.5810322
-0.6099082
-1.42648
-2.398429
2.724201
2.02835
0.6955958
0.2553091
-0.8001099
-1.358298
-2.233874
2.938706
2.03287
1.046964
0.1574853
-0.8802986
-1.207412
-1.757207
-2.559561
2.529812
1.594899
0.5921506
-0.5696827
-1.194226
-1.97402
-2.065562
2.779773
1.924195
1.024911
0.2117003
-0.6896693
-1.244349
-1.874818
-2.545382
2.755095
1.60499
0.9169667
0.3013104
-0.7087038
-1.497506
-2.177678
-2.589353
2.270297
1.371174
0.4885927
-0.2817537
-1.456155
-2.212477
-3.080151
2.470387
1.621307
0.3116407
-0.3476588
-1.365365
-2.221679
-2.983412
2.83754
1.712677
1.092355
0.1843254
-0.617972
-1.610132
-2.201075
-2.843815
2.335799
1.358055
0.7068561
-0.2099019
-1.437655
-1.692899
-2.155212
-2.953425
2.10166
1.008091
0.08704647
-0.6814854
-1.163869
-1.9878
-2.635496
2.669568
1.840991
0.7274679
-0.2308297
-1.283395
-2.17456
-2.570475
2.845083
1.89082
1.161511
0.2218599
-1.205958
-2.035516
-2.942719
2.871286
2.411767
1.510249
0.6445619
-0.2577075
-1.518004
-2.320444
-2.624008
2.966289
2.072697
1.039249
0.03514028
-0.3880911
-1.759544
-2.89521
2.97166
2.507641
1.745483
1.320923
-0.1588781
-1.176511
-2.10559
-2.470812
2.355623
2.261442
1.197339
0.5071221
-0.7409363
-1.993675
-2.46802
-2.908306
2.147901
1.19394
0.6749996
-0.3783412
-1.139455
-1.920019
-3.002521
2.641573
1.393185
0.9656717
0.1698104
-0.4886884
-2.00102
-2.638599
2.857718
-2.790294
1.52551
0.6709766
-0.8802072
-1.872612
-2.351691
2.470159
2.585601
-2.963531
1.54524
0.1369185
-1.595706
-2.314358
-1.494114
-2.609
2.688331
2.068203
1.116577
0.2331751
-0.95718
-1.937031
-2.955239
2.38796
1.940153
1.626874
0.7978711
-0.3658204
-1.657083
-2.834609
1.816644
-2.440919
1.788671
0.7882818
0.4645903
-0.3345432
-2.021789
2.417419
1.303694
-1.108798
1.556517
0.9489201
-0.1974591
-1.944539
-1.931082
2.930977
1.74012
1.295954
0.5177292
0.8465348
-0.6448193
-1.867872
-1.977769
-2.832925
2.438148
1.651605
0.8773133
0.05693303
-0.7453958
-1.760426
-2.683243
2.757052
1.47097
0.8420743
0.4862629
0.02585688
-1.64456
2.806698
-1.109443
-2.816218
1.58097
0.580989
-0.5864863
-2.787256
-1.44608
-2.814071
-1.902055
2.785625
1.469501
0.2930157
-0.9227141
-2.585367
-1.832558
-2.843748
2.127507
1.535025
0.7703412
-0.09313597
-1.00818
-2.068937
-2.710326
2.879527
1.991661
1.818871
0.8857062
-0.1578439
-1.481025
-2.333202
3.109003
3.117899
1.433483
1.121435
0.4437319
-0.9499996
-1.971429
-2.921929
1.567333
-1.101676
2.052686
0.4272188
0.1001067
-1.023311
-1.893972
3.104882
1.74481
0.8903595
1.00778
0.1972714
-1.055642
-1.841443
-2.556118
2.741556
2.086553
0.9485685
0.1065279
-0.5519035
-1.500672
-1.979586
-2.96707
2.494152
1.223448
0.3352983
0.4866097
-0.3012525
-1.644274
-2.541959
2.827214
2.463799
1.337136
0.2524732
-0.6838141
-1.134513
-2.478889
3.038462
1.640429
2.415806
0.713702
-0.004067271
-1.19252
-2.335006
-2.999219
-2.880724
2.369281
0.9153531
-0.03106926
-0.644263
-1.413617
-2.52401
-3.030356
2.19031
1.168354
0.5934275
0.2030765
-0.7060813
-1.933458
-2.724773
2.454834
1.450657
1.012983
0.5262821
-0.4633828
-0.8718617
-2.180845
2.920051
1.51989
2.206487
0.9777829
-0.2480777
-1.317444
-1.930061
-2.642716
-3.057075
1.707552
0.3944733
0.1286896
-0.6276411
-1.353661
-2.009863
-2.896186
2.600758
1.468488
0.4722366
-0.3040495
-1.137383
-2.25838
-2.392111
2.610269
2.000539
0.6179221
-0.42351
-1.00104
-1.90841
-2.672614
-2.895104
2.47718
1.264251
0.3311293
-0.6341396
-1.057178
-1.900443
-2.575664
2.879474
1.773584
0.6144478
0.5457459
-0.344582
-1.738246
-2.545716
-2.979644
2.268156
1.965096
0.5521315
-0.01595929
-1.085092
-2.234162
-2.250966
-2.986509
2.185709
1.218097
0.7006608
-0.6688772
-0.9612525
-2.504208
2.835109
2.300342
1.182414
0.18311
-0.8553364
-1.878368
-1.878256
-2.856365
2.364803
1.309968
0.8139483
0.1928004
-0.4818109
-1.750351
-2.306985
-2.991583
2.551275
1.746984
0.5993341
0.009213696
-1.028762
-2.017229
-2.342988
-3.121027
2.610849
1.543626
0.3734406
-0.8708333
-1.510956
-2.344922
1.054778
-2.235918
2.531574
0.7251582
-0.5736228
-1.128495
-2.33335
-2.269525
3.117986
2.094445
1.255592
-0.02124914
-0.9634872
-2.364995
-2.70813
-3.07234
2.325532
1.046327
0.2845684
-0.1104144
-1.208124
-1.880553
-2.847436
3.022397
2.334265
1.359316
0.3458426
-0.3005804
-1.378343
-2.241737
-2.572925
-3.003777
2.526916
0.936048
0.3154677
-0.4728763
-1.726903
-2.567556
2.907609
2.810238
1.111475
0.7354725
-0.5259266
-1.180276
-2.270764
3.036412
2.420042
1.448474
0.704779
-0.1785153
-0.9586495
-2.19577
3.105409
2.391791
1.826023
1.114379
-0.08140574
-0.5045214
-1.612584
-2.459164
2.660343
2.756295
2.158845
1.402825
0.272661
-0.7315383
-1.642352
-2.871679
1.891632
-2.842705
2.30373
0.7788788
-0.1693833
-1.008492
-2.571018
3.128532
2.90161
2.285177
1.410281
0.1264047
-1.033579
-2.378333
2.942638
3.018141
2.328746
1.059005
0.1790918
-0.6870559
-1.740972
-2.491066
2.708942
1.8929
1.910746
0.3851335
-0.2178582
-1.299217
-2.178114
2.946904
2.297536
1.801733
2.541595
0.6347178
-0.4110214
-1.312257
-2.438677
-3.035682
2.556278
1.912557
1.417361
0.3225281
-0.767931
-1.938752
-2.077542
2.868913
2.213792
0.9215981
0.9426584
0.02943541
-1.110383
-2.18262
2.886488
2.240237
1.376082
0.579144
-0.4042743
-0.359154
-1.763163
-3.104348
1.945661
0.7451059
1.239404
0.1379168
-0.7078631
-1.307368
-2.553531
2.686431
1.143713
0.9363348
-3.035314
0.8403552
-0.426638
-1.771471
-2.562541
2.780365
2.085076
1.316063
1.037465
-0.1806249
-1.006807
-2.246755
-3.139985
2.089609
2.278647
1.381048
0.3735202
-0.3097508
-1.147646
-2.496547
2.547281
0.9449927
2.170506
0.7928101
-0.2046103
-1.509644
-3.065437
2.995172
1.148653
0.1723378
-2.893737
0.6082791
-1.002885
-1.955734
2.910932
2.195343
1.693943
1.724191
1.017089
-0.1022064
-0.927792
-1.976898
-2.85902
2.59913
2.199843
0.9470468
0.2841714
-0.3586954
-1.216529
-2.222032
2.763711
2.013914
1.587308
0.4964398
0.566987
0.03153791
-1.302767
-2.670404
-2.595655
1.860045
2.326843
0.6890698
-0.2561819
-0.7451563
-1.737684
2.931238
1.595361
0.8506653
-0.7000937
0.2344552
-0.7337344
-1.759506
-2.967117
2.360696
1.225406
0.8430386
0.02943259
-0.2892976
-1.161801
-2.428234
2.967221
2.558432
1.394083
1.104527
0.04162189
-0.5451714
-1.631216
-2.742876
3.036394
2.067761
1.426082
0.5392991
-0.01700687
-0.626958
-1.412955
-2.968755
2.179664
1.652197
2.554835
0.7434351
-0.615036
-1.593772
-2.911322
2.464424
1.20629
1.09947
0.3197652
-0.3736692
-1.250908
-2.471457
2.831617
2.065782
1.154822
0.8422397
-0.128364
-0.8730338
-1.855676
-2.618393
2.71454
1.806878
1.056318
0.2875739
-0.340224
-1.021907
-1.624858
-3.012033
2.346909
1.189753
1.213997
-0.1391956
-0.9456062
-1.999186
-2.162821
2.967206
2.04691
0.7753992
0.1151619
-0.64904
-1.116455
-2.37411
-2.878081
2.442826
1.276023
0.274069
-0.5848512
-1.190969
-1.613394
-2.694896
2.476342
1.73972
0.7749036
0.04747416
-0.5688882
-1.365099
-2.090842
3.042317
2.138958
1.364022
0.6652949
-0.3528181
-1.742721
-1.829304
-2.543895
2.598611
1.648434
0.9875742
-0.114574
-1.049088
-1.492514
-2.080366
3.046364
2.174989
1.278785
0.184172
-0.5405117
-0.900385
-1.302312
-2.478217
2.537024
1.596501
0.397411
0.1104526
-0.610608
-1.333143
-2.435158
2.723663
1.781063
1.036741
0.3824009
-0.9613033
-1.048013
-1.680112
-2.961958
2.445328
1.477615
0.8410782
-0.1418054
-0.9233071
-1.909264
-2.725563
2.690739
2.114547
1.104956
0.1123346
-0.5344139
-1.57035
-2.2263
3.103007
2.385577
1.928134
0.8147328
0.09975144
-0.8895051
-1.665024
-2.611892
-2.705241
2.482195
1.85118
0.384773
-0.3762076
-0.8907169
-2.266584
-2.706983
1.978053
1.136534
0.4888029
0.1515665
-1.239476
-2.400595
3.000945
1.954268
2.462555
1.268781
0.1149536
-0.6061122
-1.499395
-2.306252
2.835088
2.495288
1.869714
0.6819347
-0.385744
-1.47534
-2.085201
-2.437159
3.102736
1.911512
1.486782
0.3515876
-1.0488
-0.967033
0.3490138
-1.584285
3.047562
2.314446
1.054042
1.127431
-0.3596636
-0.4762655
-1.704708
-3.062538
2.361623
0.7017404
0.05729323
-0.6556502
-1.373166
-2.547676
2.877994
2.040856
1.741795
0.4295228
-0.3094424
-0.6996223
-1.879228
-2.757921
3.063113
1.705544
1.04763
0.8318151
-0.2756108
-1.571228
-2.13746
-3.092482
2.287704
2.225704
2.14492
1.174844
-0.004997404
-0.1422667
-1.447551
-2.047996
2.551907
-2.201392
2.43154
0.8291619
-0.4355174
-1.904747
-2.813211
2.316131
2.199197
1.829063
0.5115692
-0.5381767
-1.579648
-2.443037
2.481284
1.472836
2.065888
1.090475
-0.2068018
-1.700953
-2.071162
-3.037213
2.796611
2.240417
1.068288
0.3755988
-0.6603056
-1.35622
-2.290985
-2.857533
2.265305
2.435545
0.8210914
0.879974
-0.304519
-1.066668
-2.060911
-2.7112
2.569141
1.357916
0.857084
0.1444021
-0.9608274
-1.776582
-2.925389
2.699714
1.911891
1.143061
0.003584032
-0.7014822
-1.261075
-2.292198
2.768121
1.483782
1.46538
0.567175
-0.6082386
-1.359322
-2.093948
-3.098731
2.214404
1.525761
0.6486287
0.2626809
-0.7326766
-1.64223
-2.625973
2.813889
1.898285
0.775188
0.8615814
-0.2089004
-0.8047643
-1.930487
-2.8779
2.733419
1.77983
1.163645
0.4258622
-0.2866073
-1.301444
-2.388745
2.871678
1.918184
1.297541
1.243092
-0.06099503
-1.243124
-1.896869
3.029274
2.468321
1.652331
0.03801515
0.8168286
-0.5290287
-1.750921
-2.746198
2.613396
1.768478
0.7584639
0.1365147
-0.4598276
-1.314335
-2.372226
3.082694
2.205743
1.435172
0.6157656
-0.2903188
-1.148453
-1.683412
-2.356506
2.807909
2.174115
1.351298
0.7329989
-0.1728862
-1.286274
-1.578027
-2.437022
2.74206
1.27608
1.031175
0.02952561
-0.6655
-1.714919
-2.71037
2.655202
1.55611
1.083554
-0.1104926
-0.8332004
-1.524551
-2.190227
3.069604
1.891432
1.181884
0.429106
-0.6628059
-1.204453
-1.908886
-2.816881
2.61189
1.767576
0.7456374
-0.01493263
-0.7877159
-1.517643
-2.173318
-3.036184
2.40905
1.301215
0.6533886
-0.06794668
-0.7259139
-1.450714
-2.000451
-3.113847
2.199512
0.9393383
0.1803377
-0.874075
-1.365465
-2.273099
-2.840988
2.100375
1.234425
-0.1440566
-0.9634566
-2.108823
-1.637457
-2.839918
2.61481
1.616035
0.5237008
-0.3608381
-1.036302
-1.898876
-2.378705
3.055439
2.058033
1.234535
0.5289229
-0.337029
-1.161235
-2.34533
-2.565395
2.874936
2.018221
1.018966
-0.01259341
-0.8189222
-1.455539
-1.755025
3.073355
2.448437
1.622988
0.6286611
-0.4652885
-0.9090118
-1.867934
-2.581698
2.53116
1.444526
0.5540447
-0.2513967
-1.336211
-1.846543
-2.379041
2.923478
1.841529
1.126782
0.3909436
-0.6130084
-1.385447
-2.232882
-2.875521
2.905426
1.760494
0.6428502
-0.07208875
-0.7514228
-1.895579
-2.491492
2.968597
3.00272
1.653781
0.5201679
-0.4021046
-1.098941
-2.018851
-2.97558
3.103782
2.192269
1.358045
0.1057643
-1.051538
-1.896791
-2.657405
-2.615392
2.830879
1.662916
0.5230753
-0.392662
-1.967305
2.263564
-1.880362
-2.365945
2.571854
1.283199
0.2739918
-1.281651
-1.111639
-2.749725
-2.341591
2.352798
1.76805
0.4680628
-0.4451376
-1.435533
-1.983486
-2.929649
2.787487
1.836673
1.280668
-0.09016861
-0.6556237
-1.276078
-2.000918
-3.057147
2.399676
1.469592
0.7153669
-0.1773044
-0.7310768
-1.659616
