-10.3509
-4.041365
22.00207
39.5776
-28.81467
15.00172
-22.52338
12.03952
-20.80399
10.92635
-20.03741
10.38284
-19.64674
10.10211
-19.45345
9.985485
-19.40644
10.00185
-19.4908
10.16755
-19.755
10.55766
-20.32513
11.40953
-21.65534
13.67482
-26.24612
28.12286
65.16882
81.22428
-10.93988
3.225388
-13.63908
4.817513
-14.64457
5.488388
-15.10196
5.792259
-15.28489
5.869709
-15.25034
5.687332
-14.83141
4.773613
-12.24343
175.7687
149.8173
9.692383
-18.11027
8.254463
-17.44361
7.863876
-17.18408
7.672644
-17.03445
7.55205
-16.9308
7.45595
-16.8395
7.368992
-16.75287
7.276375
-16.65313
7.171416
-16.53808
7.038395
-16.38416
6.860168
-16.17023
6.587219
-15.79999
6.020569
-14.58789
93.03886
-17.04698
6.659042
-15.48746
5.406294
-13.89326
2.70015
-6.717552
92.11981
-24.4676
10.99747
-18.81689
8.386475
-17.00523
6.786747
-15.31362
4.707466
-12.36703
-0.2912607
-0.08719635
63.94901
33.27139
36.19823
-31.99552
18.48359
-25.89962
15.27228
-23.90695
13.91901
-22.937
13.20288
-22.39692
12.7884
-22.07869
12.54958
-21.90442
12.42644
-21.8259
12.39221
-21.83259
12.43268
-21.90799
12.54721
-22.06269
12.74103
-22.30027
13.03231
-22.65268
13.45352
-23.15833
14.06842
-23.9123
15.00181
-25.09225
16.53867
-27.16547
19.47382
-31.64404
27.1821
-48.32927
100.32
61.23648
-17.91789
-2.541988
-2.102798
-10.0009
2.287521
-12.90897
4.360573
-14.46651
5.581081
-15.45246
6.393261
-16.13627
6.982609
-16.65188
7.436144
-17.05589
7.803936
-17.3935
8.113338
-17.68001
8.384508
-17.93816
8.628197
-18.17058
8.855591
-18.39361
9.071531
-18.60507
9.283724
-18.81833
9.495628
-19.03078
9.714035
-19.25538
9.942581
-19.49011
10.18924
-19.74969
10.45971
-20.0345
10.7663
-20.36589
11.12148
-20.75134
11.54816
-21.22736
12.08051
-21.8312
12.7813
-22.65873
13.777
-23.89574
15.38618
-26.12056
18.77475
-32.31777
36.76388
54.87535
-0.2654934
-16.75148
11.21466
-24.01868
18.85819
-36.20557
58.34468
38.48333
-2.096916
-22.02926
48.58504
48.59789
-17.02721
-0.7052717
-4.962084
-6.662172
-1.316311
-9.141022
0.4763527
-10.48487
1.499786
-11.26667
2.092499
-11.69998
2.380409
-11.84986
2.395222
-11.71945
2.094025
-11.21061
1.321815
-10.07379
-0.3611939
-7.511963
-4.504276
0.03388596
-22.26999
130.837
63.356
-38.3876
18.35303
-9.91848
111.0334
6.074051
7.884216
-20.071
11.33699
-20.96729
11.59141
-21.03012
11.6112
-21.06323
11.68144
-21.18903
11.88374
-21.48853
12.31007
-22.09834
13.20774
-23.48754
15.57094
-28.35595
32.42896
25.47291
-1.324875
-12.90858
5.404028
-15.86968
7.090094
-16.96437
7.864842
-17.54501
8.316236
-17.90763
8.618441
-18.16522
8.839005
-18.35693
9.011951
-18.51506
9.153381
-18.6434
9.274567
-18.7585
9.380909
-18.85728
9.477043
-18.95103
9.565261
-19.03461
9.648352
-19.11706
9.726568
-19.19193
9.802371
-19.26835
9.875353
-19.33855
9.946932
-19.41116
10.01693
-19.47882
10.08675
-19.55013
10.15573
-19.61749
10.22527
-19.68889
10.29473
-19.75664
10.36523
-19.83027
10.43658
-19.90002
10.50926
-19.97569
10.58385
-20.04886
10.66011
-20.12834
10.73896
-20.20668
10.82096
-20.29236
10.90622
-20.3776
10.99603
-20.47178
11.09047
-20.56635
11.19047
-20.67172
11.29608
-20.77843
11.40741
-20.89418
11.52296
-21.00599
11.63079
-21.10276
11.69738
-21.10871
11.58335
-20.72862
10.54137
-17.74513
-0.6454239
127.9806
179.1164
104.4949
-25.14997
14.32289
177.4887
125.8972
2.646889
-16.60544
8.578625
-18.72287
9.762215
-19.53297
10.37772
-20.0367
10.81569
-20.43189
11.1797
-20.77804
11.52258
-21.12478
11.87678
-21.49741
12.2847
-21.95484
12.81013
-22.58598
13.61484
-23.68446
15.26945
-26.66147
23.19023
140.7604
2.181831
-16.54916
8.937849
-19.37642
10.64207
-20.62177
11.68643
-21.5959
12.67947
-22.70261
14.04009
-24.57168
17.04406
-31.06789
59.44915
-4.5935
5.283985
-17.71483
9.972666
-20.7213
12.63182
-23.78675
17.26984
-34.15765
135.5643
1.474905
0.2584686
-13.123
5.397802
-15.86102
7.14061
-17.08855
8.059832
-17.80865
8.647511
-18.30118
9.065529
-18.66169
9.38484
-18.94817
9.639954
-19.17714
9.852081
-19.37469
10.03218
-19.54016
10.18925
-19.68967
10.32764
-19.81816
10.45213
-19.93867
10.56468
-20.04404
10.66811
-20.14536
10.7629
-20.23419
10.85142
-20.32278
10.93386
-20.39987
11.01107
-20.47746
11.08383
-20.54557
11.15238
-20.61442
11.21723
-20.67529
11.27888
-20.73779
11.3372
-20.79189
11.39293
-20.84883
11.44564
-20.89701
11.49572
-20.94892
11.54269
-20.99229
11.58776
-21.03854
11.63035
-21.07735
11.67066
-21.11872
11.70796
-21.15207
11.7431
-21.18943
11.77584
-21.21768
11.8055
-21.24895
11.83269
-21.27164
11.85664
-21.29654
11.87746
-21.31334
11.89517
-21.33206
11.90932
-21.34139
11.9197
-21.35289
11.92623
-21.35435
11.92794
-21.35639
11.92485
-21.34779
11.91655
-21.33909
11.90221
-21.31898
11.88136
-21.29707
11.85271
-21.26181
11.81623
-21.22417
11.77047
-21.17008
11.71349
-21.1101
11.6445
-21.03133
11.56092
-20.94255
11.46124
-20.83096
11.34213
-20.70358
11.20025
-20.54543
11.03069
-20.36357
10.8284
-20.13898
10.58489
-19.87457
10.29115
-19.54768
9.933219
-19.15378
9.492454
-18.6591
8.941561
-18.04184
8.240013
-17.24053
7.324947
-16.18704
6.09156
-14.72768
4.349394
-12.61249
1.720654
-9.260442
-2.693767
-3.167307
-11.70798
11.7326
-42.3743
273.33
214.8415
48.05584
74.55315
-43.44105
166.0935
-58.98647
39.39294
-43.93518
31.40814
-38.62397
27.50918
-35.58392
25.02603
-33.47825
23.18612
-31.81911
21.63216
-30.30811
20.11174
-28.71242
18.34313
-26.64258
15.77826
-23.22679
10.78792
-14.96115
-6.101639
44.50484
139.6504
51.4525
294.6302
-21.50024
149.6404
151.2072
85.89554
-44.37268
29.66958
-37.41759
27.22306
-36.23685
26.57163
-35.87574
26.41074
-35.87096
26.53773
-36.12454
26.92865
-36.66455
27.62415
-37.51727
28.58032
-38.16568
25.91232
86.06134
152.4992
160.5674
-13.19186
29.88579
181.1767
142.6334
60.46607
71.02386
178.1452
16.59033
1.891125
-17.4137
10.86391
-22.04738
13.8308
-24.16149
15.4432
-25.44913
16.50422
-26.34755
17.28784
-27.04454
17.91318
-27.61159
18.43023
-28.06474
18.75868
-28.05532
17.25127
66.3667
128.345
-29.4314
22.78216
-34.44215
28.59932
-46.43956
81.18189
39.36387
-8.746062
-6.553948
-5.392547
22.3546
142.3745
-52.78699
45.77007
25.83986
9.901301
-23.54391
15.46205
-25.46718
16.30206
-25.82675
16.38683
-25.70724
16.07032
-25.16718
15.24415
-23.91813
13.2824
-20.57771
6.549112
0.8234196
110.7415
-46.4106
28.81669
-34.89626
23.36297
-30.90009
18.85457
-21.14044
102.33
-42.73038
28.72108
-36.4471
26.12856
-35.01849
25.24738
-34.45108
24.87689
-34.21913
24.75998
-34.20144
24.82668
-34.35194
25.07725
-34.72152
25.59138
-35.4369
26.62351
-37.00299
29.21872
-42.15097
126.1479
41.0625
9.136738
-24.82147
17.79843
-28.51276
19.89078
-29.87888
20.87233
-30.63409
21.47867
-31.13868
21.91965
-31.53879
22.28656
-31.88315
22.62625
-32.22893
22.98062
-32.60107
23.39418
-33.07885
23.95835
-33.78067
24.90024
-35.15378
27.14708
-39.52493
158.1576
-13.32353
15.03911
-27.31802
19.19823
-29.38471
20.4514
-30.23044
21.06873
-30.70708
21.44384
-31.0043
21.68819
-31.20877
21.85182
-31.33174
21.93979
-31.38145
21.93093
-31.28382
21.68753
-30.71506
19.97958
47.77365
25.8657
-33.82988
23.96104
-33.19667
23.68106
-33.07173
23.6333
-33.06942
23.66948
-33.13872
23.7603
-33.24825
23.89902
-33.42195
24.10188
-33.65818
24.39052
-34.01612
24.82652
-34.55481
25.5204
-35.47506
26.78083
-37.33041
30.0714
40.41339
31.72528
-50.77637
97.59054
22.00299
88.44365
-41.57622
106.1801
2.638805
3.16153
-16.81297
9.234991
-19.53007
10.37883
-19.59718
9.391075
-17.04381
2.969717
21.30758
31.32007
-28.10992
13.54579
-17.13907
-5.250748
138.1946
191.8118
27.58083
20.14532
-37.07807
216.4891
-24.03442
43.1963
23.74319
10.66138
49.09429
-7.227899
-7.328632
-0.420084
-9.506996
-0.02091789
-8.920632
-1.294509
-7.089127
-3.622358
-4.269818
-6.985703
-0.2667561
-11.77466
5.579973
-19.23071
15.91896
-36.75394
85.68413
80.12975
60.64207
43.30881
63.37231
38.69582
1.56234
-34.23649
73.98933
2.453773
53.47868
17.67812
74.28342
-48.63465
63.92712
-97.71492
117.6761
-166.0927
212.844
-311.9535
470.345
-909.2963
4344.352
1862.321
-852.1749
672.1198
-182.1229
364.1647
-242.9594
235.3643
-132.7191
212.4407
-206.4131
190.9561
-90.43851
229.5192
-174.6359
156.2874
-160.0823
146.2951
-152.1362
139.7119
-146.623
135.1008
-142.7915
131.9565
-140.2845
130.0677
-139.0023
129.398
-139.0149
130.2803
-141.246
135.869
-64.46561
174.9358
-132.6667
129.0044
-142.4316
137.8263
-156.7407
307.7208
-42.02681
221.7507
-134.0886
105.6101
-32.61518
-114.8709
6592.764
3430.662
1838.4
3344.033
595.9031
-285.268
159.3076
-107.7908
61.07794
-45.5144
18.30872
-14.58237
-4.819542
3.030441
-18.20199
12.71577
-23.79918
11.3217
7.094191
110.9131
-70.44878
54.69633
-62.77393
53.48512
-63.69324
55.64218
-14.65294
55.52855
-66.44492
58.16299
-68.63156
60.19151
-70.55698
62.02917
-72.33184
63.75519
-74.00542
65.37502
-75.58167
66.92051
-77.09572
68.39919
-78.54562
69.83266
-79.96176
71.22614
-81.33849
72.59715
-82.70363
73.95033
-84.04904
75.30081
-85.40352
76.65321
-86.7613
78.02866
-88.15691
79.44048
-89.59442
80.92767
-91.14674
82.55869
-92.90199
84.53036
-95.24864
87.61491
-100.2271
100.8725
-36.32027
73.97025
-88.36838
80.67658
-90.39
79.26871
-78.66136
145.7326
-111.6784
98.12038
-106.5138
96.97476
-106.678
97.72867
-107.7586
99.02862
-109.213
100.5912
-110.8672
102.3394
-112.7048
104.2538
-114.7005
106.3567
-116.9267
108.7129
-119.4479
111.4726
-122.5426
115.0569
-126.9608
121.1323
-137.2362
151.7884
-15.83424
97.95302
-117.0631
112.7802
-127.3579
164.2363
-120.6109
116.1165
-128.151
120.7731
-132.0105
124.27
-135.3138
127.4797
-138.4737
130.5972
-141.5646
133.6862
-144.6504
136.7368
-147.6316
139.5878
-150.1221
140.6904
-106.2053
152.115
-161.1576
152.8783
-163.8291
156.1002
-167.3017
159.6829
-170.918
163.2702
-174.3506
166.2728
-176.285
164.8737
-147.269
202.5174
-201.2235
191.2882
-202.0659
194.6884
-206.5211
199.739
-211.9373
205.3203
-217.4357
210.137
-218.3941
269.6905
-242.5219
235.1856
-251.0797
278.9343
-177.0785
264.2318
-267.17
260.8297
-274.9567
270.9645
-286.3503
283.4845
-300.7598
344.2883
-308.1291
307.9495
-325.7888
324.9386
-343.2717
343.167
-362.3801
363.3087
-383.6495
385.7166
-407.2057
410.3778
-432.5192
434.2502
-434.0936
505.3533
-518.4981
526.7826
-557.8694
573.0909
-610.0461
631.2844
-674.9215
703.9575
-756.7712
796.6516
-862.5707
918.6793
-1004.872
1086.657
-1206.253
1332.84
-1514.286
1729.52
-2045.026
2477.702
-3176.392
4579.92
-7488.471
25649.45
17802.3
-6396.331
6814.536
-2163.118
6244.708
2105.479
2656.257
-1664.696
1331.929
-1142.319
986.5759
-879.7249
773.2654
-698.7549
614.3498
-554.7205
479.3791
-423.2655
345.2856
-278.1856
175.3128
-54.86169
-178.9345
820.6506
2605.966
564.5283
3041.555
1810.962
831.6683
-699.4388
589.9448
-517.785
427.9247
-332.3295
98.19664
3553.331
3715.399
2186.558
474.8209
-456.3466
424.0318
-413.2249
385.782
-379.0304
354.7212
-350.0991
326.8113
-321.4195
292.1576
-242.0081
376.8022
-327.2057
300.1985
-298.3028
279.8642
-281.5398
265.1478
-268.1812
252.7945
-256.6645
241.9914
-246.4486
232.2796
-237.2169
223.4944
-228.8095
215.426
-221.0815
208.0207
-213.9531
201.1459
-207.3365
194.7799
-201.1829
188.8195
-195.4289
183.2707
-190.051
178.0436
-184.99
173.1507
-180.2345
168.5182
-175.7403
164.162
-171.4969
160.0229
-167.4715
156.1114
-163.6512
152.3711
-160.0029
148.8142
-156.5139
145.3752
-153.1291
142.0285
-149.759
138.5299
-145.8415
132.8169
-122.9802
356.0447
-98.69516
103.6494
-21.49868
150.8102
-146.1387
132.1375
-138.9263
127.5536
-135.3854
124.5507
-132.6917
122.0542
-130.3482
119.8356
-128.221
117.7807
-126.2371
115.867
-124.3766
114.0486
-122.6073
112.3305
-120.929
110.679
-119.3143
109.1063
-117.7622
107.5679
-116.2416
106.059
-114.7214
104.4986
-113.088
102.7161
-110.9642
99.71204
-104.4429
161.8271
-117.5775
104.7559
-112.7126
102.3539
-111.0971
101.1274
-110.1343
100.3912
-109.6253
100.1653
-109.8433
101.2616
-113.5764
172.8451
-100.3494
95.91769
-109.5603
113.7823
-30.52141
72.12063
-11.36214
75.61312
-33.10557
116.1833
-111.1864
98.10222
-105.9406
95.66755
-104.6038
94.88361
-104.1542
94.66675
-104.1134
94.76488
-104.3386
95.11536
-104.807
95.69961
-105.5154
96.5456
-106.5076
97.6936
-107.8315
99.22495
-109.6007
101.2762
-112.002
104.1527
-115.5936
109.0477
-124.126
162.439
-101.4234
98.067
-77.8604
149.7737
-149.4907
144.1319
-162.1209
165.7662
-194.7575
213.7675
1771.555
668.4278
1829.931
-258.4208
91.27126
-40.62648
-0.9170208
11.89828
-35.86807
37.71843
-56.56917
55.55999
-73.04863
71.86983
-90.35161
91.61503
-114.7314
124.471
-163.8916
209.2321
-348.2918
927.8635
1714.285
-653.7067
825.4514
1738.226
-321.4966
172.2246
-137.0269
108.775
-109.5585
96.40796
-104.8935
96.28311
-107.8045
101.5087
-115.0396
110.6941
-126.2935
124.3156
-142.7889
144.4611
-167.7566
176.097
-209.077
232.401
-290.6592
362.6977
-540.2886
1160.322
1263.313
333.0375
1960.02
-550.1115
326.1718
-241.7859
178.3854
-152.3883
117.8035
-108.3958
84.30597
-81.99091
62.93579
-64.3253
48.06755
-51.6223
37.07713
-42.00383
28.56021
-34.3788
21.66306
-28.06448
15.79238
-22.5036
10.39677
-17.06796
4.581526
-10.15061
-5.883787
86.72002
-4.973335
54.76365
50.70787
-31.85915
14.77857
-20.26764
8.267267
-15.80134
4.866652
-13.04408
2.542067
-11.02745
0.7526202
-9.411252
-0.7280054
-8.036566
-2.027608
-6.783907
-3.258234
-5.544481
-4.555221
-4.123405
-6.201405
-2.063419
-9.064259
2.559906
-18.76289
46.73209
38.42715
-21.54871
6.319657
-13.22554
2.412023
-10.99883
1.036697
-10.13469
0.516242
-9.869371
0.4616885
-10.002
0.7709751
-10.49152
1.460556
-11.41509
2.676181
-13.02317
4.857721
-16.13292
9.70631
-25.18477
37.41054
66.20282
-12.773
-8.699293
14.49731
58.58444
2.137263
54.38846
-20.19867
3.940815
-10.06689
-1.500612
-6.326017
-4.415939
-3.870628
-6.596987
-1.85505
-8.517311
0.01764679
-10.37551
1.888227
-12.28105
3.848393
-14.3118
5.965907
-16.53793
8.370812
-19.49921
16.44337
107.1628
188.2327
3.157958
15.1387
-30.25362
24.70846
-37.9604
32.77497
-47.15987
43.71919
-60.60144
60.77722
-83.11997
92.10028
-130.0219
170.9072
-294.0052
791.767
1079.111
-328.1979
185.2069
-138.7663
98.44852
-88.14133
64.90192
-64.04536
46.58012
-49.49146
34.6123
-39.36288
25.82692
-31.57515
18.78138
-25.08919
12.7136
-19.31853
7.144852
-13.87004
1.744171
-8.447647
-3.768547
-2.775749
-9.670147
3.435547
-16.27869
10.55412
-24.03423
19.09415
-33.56432
29.87521
-45.93417
44.29514
-63.05389
65.07158
-88.92474
98.32146
-133.4719
161.5507
-231.5252
352.7722
-520.0441
2131.664
1502.98
-581.3629
360.9129
-276.8551
214.5798
-189.9987
156.8144
-148.7162
125.7969
-124.5146
106.3642
-108.5627
93.02756
-97.23096
83.26923
-88.74492
75.82317
-82.14159
69.92664
-76.85015
65.15016
-72.51071
61.18609
-68.88067
57.85198
-65.80112
54.99663
-63.15186
52.5338
-60.85156
50.37808
-58.83411
48.48833
-57.05264
46.80815
-55.47106
45.31802
-54.06197
43.98173
-52.79914
42.78981
-51.66954
41.71808
-50.6574
40.76466
-49.75653
39.91402
-48.95995
39.17241
-48.26776
38.53186
-47.68462
38.00932
-47.22476
37.61676
-46.91205
37.39846
-46.803
37.42458
-47.0071
37.86955
-47.79189
39.17268
-49.96715
43.01891
-57.86186
159.9469
31.70016
30.3002
10.16204
14.25056
-29.13519
22.10658
-32.88009
24.28993
-34.27818
25.23469
-34.93466
25.69774
-35.26736
25.94115
-35.44594
26.07586
-35.5573
26.18142
-35.6727
26.32599
-35.88079
26.64975
-36.41216
27.60525
-38.42564
33.873
22.67885
17.30355
-29.81207
21.33047
-31.02524
21.35315
-29.30077
96.0025
-35.66125
24.80313
-33.7402
24.05098
-33.30837
23.74863
-33.0714
23.5493
-32.89336
23.3844
-32.73852
23.2379
-32.59635
23.09844
-32.46011
22.9655
-32.32925
22.83407
-32.19762
22.70277
-32.06384
22.56343
-31.91729
22.40625
-31.74092
22.19692
-31.47479
21.82018
-30.83336
20.25635
14.40316
25.07838
-33.17746
23.31168
-32.523
22.96366
-32.30758
22.82013
-32.21069
22.75718
-32.17302
22.74023
-32.17487
22.76032
-32.21101
22.81182
-32.2789
22.89695
-32.38184
23.01754
-32.52103
23.17798
-32.70426
23.38452
-32.9364
23.64602
-33.22972
23.97401
-33.59639
24.38466
-34.05582
24.89949
-34.63379
25.55001
-35.36936
26.38326
-36.317
27.46808
-37.56746
28.9189
-39.26422
30.92628
-41.67033
33.8551
-45.29844
38.45919
-51.32697
46.68192
-63.19491
65.38248
-97.50259
154.9805
929.5767
948.8433
86.71687
-47.35098
19.44209
-18.90405
3.200834
-8.31192
-4.275039
-2.748712
-8.570755
0.6657128
-11.3501
2.969229
-13.28652
4.616866
-14.7059
5.851853
-15.78654
6.803633
-16.63254
7.560373
-17.31039
8.17068
-17.86374
8.674716
-18.32242
9.093718
-18.70794
9.449226
-19.03615
9.752171
-19.31845
10.01626
-19.56369
10.24581
-19.77989
10.45003
-19.97251
10.63196
-20.14602
10.79834
-20.30441
10.9502
-20.45166
11.09297
-20.59082
11.22834
-20.72425
11.36084
-20.85542
11.49108
-20.9866
11.62434
-21.12134
11.76202
-21.26338
11.90936
-21.41622
12.06924
-21.58526
12.24852
-21.77692
12.45426
-21.9994
12.69709
-22.26548
12.99085
-22.59269
13.35848
-23.00896
13.83424
-23.55955
14.47972
-24.32594
15.40709
-25.47283
16.86252
-27.38712
19.50311
-31.29407
25.98688
-44.87687
95.72993
-1.971396
74.97976
19.34184
-8.500797
-7.135897
0.9376812
-12.46513
4.630524
-15.47891
7.615106
-19.4517
17.1445
27.35948
-1.837451
-11.23465
3.259773
-13.46944
4.487534
-14.11374
4.547844
-12.79438
77.90646
-18.69844
8.13899
-17.26908
7.743502
-17.15189
7.735914
-17.19531
7.80494
-17.27873
7.897465
-17.3787
8.004456
-17.49399
8.133163
-17.6412
8.307762
-17.85912
8.597565
-18.27124
9.234423
-19.37556
11.49177
-25.54255
49.42121
89.66737
49.81497
-25.59431
11.56006
-19.47245
9.363035
-18.4303
8.789045
-18.08356
8.567074
-17.9354
8.464111
-17.86414
8.415123
-17.83069
8.392788
-17.81776
8.387757
-17.81897
8.393936
-17.82974
8.410889
-17.85139
8.436268
-17.88168
8.473114
-17.92404
8.520148
-17.97914
8.584463
-18.0527
8.66885
-18.14987
8.782347
-18.28159
8.936079
-18.46428
9.155342
-18.72821
9.476356
-19.1269
9.982774
-19.78234
10.85428
-20.99104
12.61786
-23.75282
17.45903
-34.18296
56.61713
74.19466
-21.71272
4.383119
-14.59236
26.99978
37.29996
-23.35705
9.715829
-17.52164
7.265009
-16.19196
6.410717
-15.55728
5.872514
-15.04767
5.347061
-14.46622
4.66864
-13.64603
3.645153
-12.32328
1.869427
-9.827507
-1.872704
-3.594753
-14.55919
44.36106
52.85878
18.14101
53.51914
-40.75291
25.0427
-31.41712
20.20466
-28.50383
18.33518
-27.28047
17.55287
-26.82843
17.36964
-26.87906
17.64171
-27.3899
18.43935
-28.57485
20.24999
-31.69553
27.92153
40.03324
14.27039
-32.20145
72.53429
72.09263
-0.5124207
29.75154
51.7953
-44.62845
33.12334
-43.33985
36.13215
-49.02473
44.54837
-61.09592
62.36318
-89.29659
113.2235
-210.2199
1025.347
305.4825
-133.9641
74.71268
-60.87516
38.01457
-38.71471
23.18186
-28.10935
15.21264
-21.78717
9.38885
35.9516
13.61395
-24.43185
56.7249
1.412563
-4.035566
-6.756855
-2.358029
-7.037813
-2.556206
-6.652209
-3.016634
-6.170204
-3.49114
-5.717141
-3.919143
-5.317661
-4.287327
-4.981684
-4.592819
-4.702961
-4.841404
-4.486789
-5.02959
-4.323992
-5.161931
-4.224805
-5.232011
-4.184813
-5.235992
-4.22191
-5.155591
-4.349766
-4.965436
-4.619529
-4.59971
-5.115332
-3.908224
-6.114754
-2.356179
-8.916851
61.45773
48.74916
-10.71817
-3.225606
-2.879028
-12.13973
29.41707
32.29089
-20.03524
5.861143
-13.1377
2.441309
-11.00004
0.9128456
-9.807396
-0.07971191
-8.926744
-0.9051352
-8.128334
-1.701364
-7.301544
-2.584971
-6.344252
-3.637106
-5.158004
-4.996578
-3.592625
-6.823381
-1.423191
-9.424462
1.72233
-13.25061
6.393786
-18.79955
11.7005
-2.121235
62.33482
-85.18421
122.3091
-270.2673
2105.016
2757.683
370.0698
-55.47172
26.11532
-92.53761
1571.993
246.4202
-165.9088
132.5715
-134.4829
125.2644
-140.4669
142.3648
-170.2676
190.3129
-249.2076
333.8185
-578.5604
2070.125
1258.195
-501.395
335.2467
1109.175
110.439
-114.2653
93.105
-92.5194
75.34435
-79.19499
66.69268
-77.83794
104.9473
-24.0204
32.27873
-45.1897
38.05386
-52.74771
89.15391
-12.43001
16.71371
-29.14251
20.73044
-30.50362
21.13901
-30.50379
20.95864
-30.25765
20.7082
-30.03613
20.54041
-29.93979
20.53261
-30.03976
20.76342
-30.44607
21.42044
-31.49397
23.18215
-34.93288
33.34255
37.32966
9.561081
-23.70089
16.14701
-26.66982
18.02101
-28.08142
19.21292
-29.16593
20.24736
-30.18713
21.28349
-31.25769
22.39765
-32.42639
23.63861
-33.75739
25.07208
-35.31018
26.7796
-37.21906
28.9558
-39.78496
32.19701
-44.61819
79.89904
-48.17586
93.80333
20.70994
21.99995
-37.56832
31.52183
-43.57125
36.50005
-48.22672
41.15298
-53.06929
46.31941
-58.68764
52.56084
-65.77422
60.80859
-75.75929
73.8186
-95.83463
134.0583
-40.30734
70.86626
-97.42235
104.1707
-132.9518
149.7703
-198.9932
259.4448
-427.0904
1106.143
2113.903
921.7101
1807.036
1947.618
2581.28
-160.7092
62.36624
-36.99842
6.445341
-1.031675
-16.91574
-0.9779854
1498.325
1880.059
404.3272
89.28131
-182.4785
429.5811
1757.556
1070.74
116.8788
925.8583
2792.794
-304.6005
242.56
-208.5099
169.4532
-157.5903
132.1212
-128.9574
109.355
-110.3712
93.87595
-97.25386
82.57796
-87.41071
73.93655
-79.75325
67.07628
-73.57155
61.4887
-68.48958
56.8319
-64.20622
52.88864
-60.56054
49.49321
-57.39249
46.53891
-54.62532
43.93382
-52.16911
41.61868
-49.98138
39.5388
-48.00079
37.65561
-46.20627
35.93573
-44.55396
34.35095
-43.03091
32.88004
-41.6051
31.49897
-40.26736
30.19225
-38.98699
28.9407
-37.76127
27.73011
-36.56031
26.53906
-35.37593
25.35351
-34.18157
24.14886
-32.96291
22.90569
-31.68613
21.59083
-30.32497
20.17317
-28.83612
18.5989
-27.16667
16.8157
-25.24296
14.72644
-22.96396
12.22145
-20.18169
9.107685
-16.67393
5.126791
-12.10156
-0.1775217
-5.898438
-7.523836
2.92392
-18.27424
16.231
-35.07167
37.97333
-64.06615
78.10635
-122.4395
168.3763
-237.9611
947.6834
218.0465
2087.619
3534.832
1024.019
1397.502
250.5505
103.5112
-176.0282
191.4066
-217.0221
221.2107
-221.243
1784.416
1092.87
1766.753
801.7291
690.0881
324.6933
1045.802
1173.477
647.8195
226.02
-54.28654
25.84731
6.541704
-64.94302
127.964
-296.3755
1504.075
796.4912
-329.0857
205.6919
-162.3147
121.8286
-110.5139
86.13181
-84.20039
65.81186
-67.9573
52.49696
-56.8418
43.06525
-48.72371
36.00545
-42.53847
30.54251
-37.67164
26.18279
-33.75714
22.64984
-30.5492
19.73086
-27.89156
17.30774
-25.67281
15.27743
-23.82911
13.6091
-22.32963
12.29051
-21.22251
11.44978
-20.76622
11.67936
-22.62233
20.53553
23.19826
-2.470708
-9.973354
1.388203
-11.01612
1.515675
-10.73051
1.003224
-10.06967
0.2348404
-9.218979
-0.6878548
-8.221062
-1.764423
-7.065203
-3.008772
-5.715982
-4.47879
-4.107674
-6.244503
-2.151668
-8.428747
0.2983847
-11.19718
3.453693
-14.82479
7.660362
-19.74798
13.4897
-26.7409
21.99757
-37.26364
35.29097
-54.50361
58.40578
-86.94518
107.1959
-169.6172
295.1229
419.5784
1970.36
852.3107
45.67002
822.953
350.9868
194.8557
-202.4434
188.3524
-202.0879
228.6655
-118.5002
225.6612
1669.653
77.89093
-172.4209
333.183
745.1907
-84.90205
-3.608461
28.63536
-60.15495
68.52391
-94.76958
103.01
-131.1767
130.3753
230.4478
1223.817
1125.925
76.66544
692.0284
478.3901
134.8696
-100.7578
63.66151
-55.15907
63.42791
-8.450276
-8.721556
10.48557
-32.47357
37.48561
-64.53455
78.35834
-121.7952
170.371
-311.0377
1013.014
787.0429
-236.6158
53.16077
471.555
373.1063
-216.5596
158.4753
-149.129
192.567
-60.56507
63.51408
-71.4642
144.332
-70.48186
128.2597
-39.04056
33.72189
-42.34421
31.1654
-38.57506
27.04032
-34.3267
22.72569
-29.9364
18.1977
-25.15543
12.97922
-19.18729
5.657877
-9.120764
-11.48851
45.11389
73.06875
-16.55093
89.25842
30.89135
50.8641
-40.99123
24.15763
-28.9399
15.96945
-22.38671
10.20067
-16.96808
4.854813
-11.47342
-0.9979439
-5.034958
-8.292598
3.426817
-18.13225
13.67062
-14.88594
855.2685
561.1667
505.4608
339.6174
-157.3667
100.1693
-91.15892
120.709
-42.73606
35.22974
-41.99378
29.58382
-36.19108
24.14075
-31.10821
19.31571
-26.401
14.56186
-21.39289
9.003984
-14.78344
0.3692551
-1.856646
-24.08278
107.0018
8.225957
470.7806
526.8741
464.2599
-76.68555
24.9468
-22.35232
9.399286
-19.60424
17.59
34.00719
0.7539883
-17.19325
13.27584
-28.55325
25.93276
-43.55495
43.90368
-63.18638
47.97471
367.5244
2110.072
1145.78
-294.4793
829.5242
-137.1916
162.2096
-136.1022
106.6121
-102.6829
83.74567
-86.39827
73.93301
-15.8637
107.611
-69.05209
55.335
-61.94966
50.24502
-57.72237
46.58305
-54.49889
43.72076
-51.93114
41.39765
-49.82623
39.48886
-48.08491
37.88911
-46.61797
36.54856
-45.38715
35.41472
-44.3471
34.46672
-43.48392
33.68024
-42.77778
33.0593
-42.23946
32.60528
-41.88266
32.36559
-41.78037
32.43583
-42.09735
33.1339
-43.4425
35.79418
-49.73257
65.30803
-6.914255
17.44611
-31.04234
23.37924
-33.7656
24.93285
-34.77083
25.64795
-35.32067
26.09865
-35.71872
26.47896
-36.10365
26.88793
-36.56224
27.43029
-37.2345
28.30985
-38.48075
30.28032
-42.04715
107.9033
0.3198893
13.97812
-26.04733
14.20361
-1.907501
61.20339
-49.67323
36.7519
-45.25435
35.81732
-45.72598
37.12796
-47.69894
39.74311
-51.02435
43.92772
-56.3209
50.75095
-65.3661
63.2589
-83.81822
93.52831
-144.586
309.8944
350.937
-65.51363
-10.55395
84.95177
514.5203
-92.57167
42.0234
-34.32161
14.93185
-17.50958
2.713348
-7.173921
-8.746158
25.27491
16.75576
-12.13499
-1.518263
-5.50408
-5.609497
-2.523907
-7.955881
-0.5951157
-9.578331
0.7889023
-10.77134
1.823498
-11.66687
2.588737
-12.30917
3.108459
-12.69133
3.319095
-12.66211
2.895532
-11.41995
-0.8413429
23.7517
16.67232
-20.54022
9.664175
-18.49965
8.79357
-18.09406
8.617367
-18.04893
8.656403
-18.14406
8.791173
-18.31174
8.990068
-18.53959
9.247163
-18.83279
9.586147
-19.22871
10.05938
-19.81134
10.8046
-20.81186
12.23143
-23.03646
16.22423
-32.46081
80.38335
9.345963
76.05754
-2.885873
65.55617
-13.88222
2.987419
-11.39367
0.4432783
-7.180446
-7.495827
10.12997
-58.27485
450.5498
469.5884
448.9376
-59.11089
10.34522
-7.274509
-7.72638
1.176401
-12.01407
2.226348
65.95248
9.615325
30.6142
115.869
35.74739
59.93617
-13.1464
4.426576
-14.54927
5.616617
-15.40498
6.240613
-15.86562
6.579062
-16.10698
6.733875
-16.17507
6.704996
-16.01519
6.335438
-15.21586
4.1542
35.13236
11.3417
-18.6822
8.503894
-17.48835
7.860388
36.55935
4.73746
-12.73131
-0.6153889
9.297436
47.75728
-30.66791
16.52864
-23.94589
13.33325
-21.89031
11.66448
-20.1923
9.505968
-16.77585
2.470169
9.057669
106.0182
-42.69814
26.12315
-32.31542
19.28169
-14.32248
72.70068
-55.86846
46.81586
-63.02099
118.6982
-36.41741
88.63031
-192.6861
934.0046
701.4989
978.058
-18.11682
-45.41741
95.26653
-19.18718
1195.463
196.0656
-61.06458
106.3925
-105.6017
107.9369
-164.5956
425.927
1580.982
1001.419
34.60324
-6.848099
27.17091
111.3682
781.4421
1159.054
204.0592
-14.98758
-8.040732
1.383438
-11.69104
2.669365
-12.34625
3.10288
-12.69316
3.416024
-12.97704
3.668656
-13.20865
3.885166
-13.40668
4.057514
-13.559
4.198195
-13.68238
4.295567
-13.7597
4.357086
-13.79971
4.370296
-13.78455
4.327347
-13.70581
4.19957
-13.52046
3.94231
-13.15693
3.415133
-12.37486
2.177008
-10.15444
-2.941151
19.58003
22.53987
-21.84848
9.865548
-18.12341
8.015583
-16.98988
7.228859
-16.3979
6.754106
-15.99376
6.39021
-15.6551
6.066535
-15.33342
5.735602
-14.98861
5.371431
-14.59608
4.942469
-14.12251
4.417192
-13.53049
3.743107
-12.76274
2.860748
-11.73592
1.653012
-10.30589
-0.0612793
-8.219917
-2.638166
-4.981873
-6.78705
0.4355617
-13.86955
8.524347
-2.536411
1738.349
196.8137
-59.48501
-13.15624
378.8895
192.359
-146.3021
555.2272
-24.92171
41.77441
-73.68503
506.8235
12.30869
2.593037
-19.34819
13.3213
-24.66699
16.45319
-26.72642
17.93501
-27.87925
18.89492
-28.72937
19.69049
-29.50707
20.47507
-30.31914
21.3335
-31.23975
22.33148
-32.33072
23.53323
-33.66669
25.02808
-35.34613
26.93086
-37.52295
29.44311
-40.45036
32.89855
-44.59324
37.95177
-50.89259
46.02877
-61.63481
61.03587
-84.12022
98.67572
-161.4089
377.5232
778.2322
-161.2906
77.54401
-57.35949
31.96348
-31.38957
15.0988
-19.52408
6.278696
-12.70151
0.8437462
-8.273468
-2.827084
-5.194136
-5.424953
-3.004417
-7.250599
-1.5308
-8.348579
-0.8800545
-8.387779
-1.820522
-5.54537
-9.746473
37.86782
30.42462
-5.551514
73.09555
-43.01651
28.24316
-36.37897
27.22395
-37.90452
30.55584
-42.91926
37.28909
-50.73586
38.88573
126.152
765.6432
440.5937
77.42741
344.8553
-155.9038
112.5165
-82.28005
254.166
635.4984
-110.1507
48.55241
-40.14315
22.43184
-27.42995
15.45253
-23.35659
13.00659
-21.8916
12.16091
-21.43926
11.9424
-21.31849
11.75066
-20.71883
9.574089
-6.401686
123.2627
-12.22515
6.79995
-6.345865
74.3795
-35.19413
93.26033
-46.51011
34.74878
-44.57027
36.66862
-48.46165
42.22569
-55.80858
51.64059
-67.10234
59.16105
57.51221
867.09
266.1859
346.861
130.8701
-64.50183
22.2892
13.06703
48.81389
-25.96928
5.254128
-7.165398
-8.363098
4.437372
-19.22384
15.33566
-30.82448
28.363
-46.2122
47.48244
-71.38009
83.05232
-126.8644
185.9697
-290.6031
4435.215
482.4909
1216.165
575.7075
-265.798
190.3746
-174.9253
168.2244
-109.3776
132.3411
-162.1558
192.1571
-306.9847
1171.433
979.239
817.2064
140.1222
635.4575
73.4911
-55.86115
33.38369
-34.71986
19.74196
-25.13601
12.65435
-19.70984
8.392689
-16.27081
5.531502
-13.81458
3.325249
-11.64668
0.7674007
-6.885883
42.14314
-15.46289
3.69511
-12.06973
1.947502
-10.82316
0.9044037
-9.860802
-0.04062271
-8.87743
-1.12597
-7.626659
-2.619789
-5.760876
-5.086952
-2.241158
-10.88172
12.51643
25.662
-4.992798
-14.17571
17.71024
-55.8822
624.3157
179.9087
-86.03428
52.96052
-52.2282
37.38291
-43.6482
32.33268
-40.70931
30.83288
-40.3018
31.35674
-41.72853
33.77506
-45.37714
39.17635
-53.71903
53.65378
-87.14524
373.853
32.03676
363.8997
-28.22392
26.12262
-42.40109
40.16184
-58.01223
59.43849
-84.27566
99.65516
-158.4147
318.0396
501.152
84.15068
696.0367
-186.3569
106.1847
-85.0983
58.19085
-56.15527
38.57139
-41.87328
27.66078
-33.2407
20.63965
-27.40002
15.69493
-23.15457
11.99925
-19.89648
9.09967
-17.29771
6.749649
-15.15265
4.778671
-13.33423
3.089874
-11.7515
1.600006
-10.34488
0.2633362
-9.064697
-0.9676514
-7.878784
-2.117645
-6.754211
-3.22168
-5.669678
-4.294556
-4.595703
-5.368774
-3.519348
-6.457703
-2.408508
-7.594849
-1.241302
-8.802246
0.01824951
-10.12289
1.408325
-11.59872
2.989929
-13.30551
4.842712
-15.33685
7.095871
-17.86227
9.958588
-21.15574
13.81634
-25.7668
19.46997
-32.9407
29.02638
-46.69218
52.29324
-19.30078
264.8072
311.708
444.1506
95.89106
135.2766
188.1365
-90.49258
52.74478
-47.99225
29.69366
-32.85481
18.61801
-24.1068
11.26942
-17.58527
5.158825
-11.52817
-1.215218
-4.368042
-9.898338
7.218872
-27.65792
44.76807
-11.37186
492.7198
168.0485
-86.80928
52.49056
-50.13686
33.77121
-38.59683
25.87581
-32.82444
21.46058
-29.34155
18.65354
-27.04588
16.76487
-25.50011
15.52512
-24.55525
14.90151
-24.34371
15.35297
-26.29838
24.47085
58.84036
49.7584
-3.215168
3.389492
-14.92389
6.352524
-16.21401
7.029819
-16.61052
7.284435
-16.78935
7.426676
-16.92206
7.567678
-17.08244
7.759426
-17.3194
8.053892
-17.68433
8.507153
-18.25188
9.222305
-19.15954
10.39126
-20.69766
12.47274
-23.62574
16.82783
-30.66475
29.8513
-62.05591
221.5775
115.4512
-66.3121
73.44189
245.7744
-42.42052
17.39227
-22.39462
11.5753
-20.94045
12.27877
-23.13903
15.42096
-20.91639
78.14854
-109.9017
392.2327
565.9025
471.5517
-51.55951
11.2242
-12.72222
0.4734764
-8.755362
-1.145456
-8.116729
-1.332123
-8.14673
-1.190403
-8.350077
-0.9574547
-8.594439
-0.7099457
-8.845205
-0.458293
-9.090481
-0.2180228
-9.332024
0.02352524
-9.570896
0.2607074
-9.811007
0.5052853
-10.05675
0.7542801
-10.3133
1.018715
-10.58473
1.29837
-10.87725
1.605721
-11.19802
1.942005
-11.55446
2.321409
-11.95746
2.751152
-12.41996
3.251267
-12.96009
3.837858
-13.60194
4.543955
-14.38134
5.40765
-15.34748
6.497208
-16.58108
7.903742
-18.2036
9.794952
-20.43112
12.45114
-23.64989
16.42635
-28.66409
22.92306
-37.3786
35.16383
-55.71419
65.4536
-115.1478
240.684
1594.671
-205.1979
107.1542
-85.27232
60.42751
-61.19717
46.68891
-53.18027
41.98904
-49.25672
30.77533
40.76978
1178.114
-7.937569
394.9448
410.2887
-146.4825
80.18445
-65.17767
42.34958
-43.44234
28.41488
-33.88814
21.56329
-28.81848
17.73568
-25.89602
15.49457
-24.1886
14.22688
-23.30087
13.69456
-23.14933
14.0451
-24.42374
18.38574
39.75861
6.480667
-18.59346
10.23332
-20.33237
11.43836
-21.35493
12.40613
-22.33108
13.426
-23.41558
14.59198
-24.67879
15.96756
-26.18236
17.61545
-27.99516
19.61443
-30.20658
22.07234
-32.94897
25.15001
-36.42141
29.08989
-40.9328
34.30165
-47.01232
41.48289
-55.62781
52.00699
-68.77245
68.90223
-91.3289
100.6113
-139.3767
182.7702
-316.8711
1021.953
967.4553
-299.3819
166.8786
-123.1577
83.3172
-72.28676
47.27906
-43.32573
20.75101
-15.20145
-10.39109
872.0267
498.8098
-153.0764
92.45119
-81.07735
60.08004
-61.99253
47.22861
-52.63531
40.0575
-46.95228
35.45737
-43.17522
32.32413
-40.57065
30.17317
-38.81806
28.77813
-37.76026
28.05619
-37.38409
28.04616
-37.7865
28.94762
-39.31547
31.31007
-42.87249
36.72562
-51.48729
51.74067
-83.14849
166.6076
231.4682
-54.69885
16.17252
-13.81047
-1.998133
-3.421713
-8.774495
1.39637
-12.42702
4.310539
-14.85717
6.422441
-16.76564
8.20812
-18.49318
9.937443
-20.28297
11.85037
-22.40029
14.2995
-25.41164
18.38423
-32.2066
40.32943
-1.125242
10.37764
-25.0983
19.42692
-32.50456
27.18615
-41.68574
39.03082
-58.39346
65.84814
-114.8701
665.8145
-6.303277
142.188
579.8788
-115.8577
50.60031
-34.13008
5.838085
3.713143
-1.870476
773.6967
345.4535
-129.3312
77.38428
-68.51013
48.74918
-51.48089
37.35345
-43.30753
31.221
-38.56109
27.47088
-35.56307
25.05618
-33.61024
23.47566
-32.33694
22.45235
-31.5025
21.7289
-30.76946
20.73423
-28.83233
15.39037
-2.845316
356.7272
362.2521
337.1487
63.82765
-1.659424
29.33315
14.29977
-27.83668
21.20564
-32.97111
25.72874
-37.35339
30.24074
-42.1863
35.55665
-48.14662
42.30646
-55.72665
49.98621
-33.17061
76.82918
-95.50397
102.5102
-137.7598
172.937
-280.5412
902.7336
320.0879
853.0178
1266.318
55.08208
152.8167
-145.9513
123.414
-128.3761
126.6836
-173.7949
475.3192
110.3303
463.0585
82.35904
-50.39597
28.78559
-33.33723
15.53391
365.434
390.6379
256.7995
-81.75761
35.1272
-27.5199
6.905529
-6.907898
-12.20618
14.54786
-40.72145
59.85374
-134.1076
440.4567
545.9187
-209.0653
160.637
-95.39252
78.27861
-81.4278
68.88848
-78.61884
74.73297
-103.2623
211.2784
98.53014
-17.03463
-10.9607
9.113317
-22.50178
15.45478
-26.47318
18.21601
-28.58894
19.99779
-30.22829
21.63252
-31.96933
23.5768
-34.21906
26.25739
-37.49345
30.34491
-42.72039
37.23227
-52.14571
50.81143
-73.24684
87.94485
-156.9826
556.4829
824.8667
-130.6763
68.12163
-55.8566
35.14839
-38.44034
26.43041
-37.07069
35.71594
-75.74544
409.2155
174.0521
-136.7876
235.2322
366.6654
-93.55202
44.45648
-38.93722
21.96563
-26.99862
14.79318
-22.38221
11.69613
-20.22721
10.06178
-18.60849
7.279051
-8.484546
72.17552
-37.51697
21.48349
330.2574
73.82059
-108.9083
267.0999
209.5996
-55.56264
-1.181826
70.79921
218.7322
-77.72163
43.3019
-41.68216
25.81819
-30.96398
18.46002
-25.55457
14.28736
-22.22222
11.5579
-19.93683
9.601233
-18.23105
8.093485
-16.87708
6.851892
-15.71686
5.748316
-14.64027
4.660465
-13.4965
3.395228
-11.99305
1.411011
-8.9321
-4.777179
17.68871
34.44626
-25.66037
13.17547
-22.7263
16.59981
-38.15936
104.4274
788.4308
77.32758
-24.34765
3.420804
-7.563932
-6.112719
1.718616
-19.14366
28.73202
349.3358
42.56503
379.4236
-89.48637
58.5602
333.3075
16.74058
-28.555
18.74396
-27.48751
17.4311
-26.34903
16.52959
-25.67792
16.07235
-25.41177
15.96869
-25.4355
16.05163
-25.3671
15.04853
-18.82561
221.283
-64.43395
88.94034
139.3934
-21.19304
-4.176596
0.9668384
-13.77945
6.564871
-17.63147
9.5362
-20.13317
11.80083
-22.30759
13.98566
-24.58978
16.4559
-27.34706
19.61801
-31.07575
24.15586
-36.80097
31.69932
-47.33442
47.74178
-75.65001
118.8858
270.5759
201.6759
251.9548
-90.37314
395.0773
26.38447
-15.69186
4.022804
-14.48629
7.183775
-19.35803
13.28734
-26.9255
23.10648
-40.77032
45.53671
-88.64001
333.7647
107.0481
-36.26291
0.2074451
10.79564
-49.06706
131.1035
336.3022
22.23199
363.1594
366.3878
67.5937
-31.92498
312.7195
-13.61183
319.0714
-57.32405
34.61692
-39.57825
29.50907
-43.55835
63.02023
207.0747
-44.6471
178.2293
32.83101
-26.42035
59.22753
-17.62859
7.571738
-16.33064
6.327909
-15.25715
5.386534
-14.41547
4.614304
-13.68345
3.896976
-12.94742
3.074806
-11.8654
1.005091
46.75967
5.888329
-13.74011
3.690733
-12.73358
3.014099
-12.19545
2.54525
-11.76657
2.13702
-11.36197
1.72343
-10.93127
1.263911
-10.42453
0.6923695
-9.76635
-0.08451116
-8.821529
-1.26641
-7.299152
-3.306599
-4.415589
-7.708688
3.248433
-25.73238
356.0025
21.82514
-10.46739
-17.69687
64.73917
360.7422
-101.2676
69.19732
-78.46468
92.60719
203.644
257.8468
64.6805
-27.16805
3.919365
-6.715466
-6.615823
-0.21696
-11.09485
3.128353
-13.75558
5.360237
-15.71747
7.155559
-17.41455
8.806643
-19.06408
10.49026
-20.81217
12.33338
-22.78548
14.47627
-25.14071
17.09587
-28.09703
20.4865
-32.0558
25.21835
-37.91372
32.9236
-49.55409
66.62653
-34.87432
45.73338
-72.2245
90.10922
-164.0309
591.7249
271.7894
-102.2227
45.76415
-31.36311
5.352361
-0.01211786
-26.12109
41.21494
-101.9771
341.0608
363.5747
-139.9951
82.05209
-70.00137
48.24102
-49.56205
34.34309
-39.39373
26.51781
-33.14946
21.40083
-28.86678
17.75331
-25.71915
15.01214
-23.31612
12.89453
-21.44844
11.26009
-20.0414
10.08611
-19.13185
9.511034
-19.02442
10.13635
-20.95791
14.8342
-33.24619
66.17677
160.0133
132.9232
18.53026
-37.54666
63.97256
261.1729
-48.48691
18.96289
-20.74986
7.135682
-13.77117
2.205914
-9.822261
-1.281857
-6.481316
-4.715712
-2.71486
-9.125132
2.829119
-16.72718
14.5714
-38.75117
78.17857
539.7216
-82.10892
43.21219
-45.56381
40.03791
-72.51361
187.7842
509.551
-209.713
244.0675
257.034
472.6998
407.1795
-154.2372
382.2249
-95.79995
66.29865
-64.73432
48.18517
-52.64965
39.62398
-46.3983
35.02831
-43.09466
32.83972
-42.03692
33.26472
-45.42239
51.58184
-13.06828
20.18733
-33.51936
26.59914
-38.54479
32.31653
-46.45646
45.08653
-72.24342
143.1638
305.1383
173.9589
55.47811
-7.693989
-34.5821
183.9355
192.4958
208.4707
-21.33288
1.455275
-9.099901
-0.3987541
-9.415855
0.497303
-10.44665
1.521479
-11.41176
2.375053
-12.03344
2.434298
-10.313
-7.856293
388.5134
110.6351
646.2914
-53.26766
18.57129
-22.38506
40.44997
382.5354
395.212
161.3403
-83.90855
162.0597
519.9574
432.8206
19.01271
-51.34356
540.6375
602.4292
24.38196
-5.531405
-7.956104
-0.4909601
-9.152132
-0.3688107
-8.753261
-1.280993
-6.925247
-5.604556
13.32989
25.2015
-20.44712
8.359032
-16.97866
7.505707
-17.4446
9.163269
-20.78304
15.82007
-37.13292
121.2185
43.57475
-22.76496
5.762235
-11.93748
0.8492892
-9.405679
-0.4181628
-8.950994
-0.2634215
-9.638981
0.9563775
-11.45612
3.511087
-14.99688
8.479239
-22.21643
19.68052
-41.9176
67.67773
156.0638
101.5561
325.4668
692.142
813.188
31.5495
18.92255
-38.61325
36.57748
-64.43509
544.5633
28.05229
-26.17983
331.9541
340.5775
244.6893
-112.5549
129.6185
276.4102
-28.60484
-23.80857
105.996
307.4278
-103.5284
64.06335
-62.54205
48.79595
-58.05621
53.5853
-82.41671
333.6394
381.2317
9.585736
-22.37297
16.11112
-27.99015
20.69787
-32.2312
25.10748
-37.29822
31.48957
-46.19306
45.73065
-75.35863
171.1492
95.47259
-22.09089
-6.604202
7.262512
-24.9548
28.24773
191.133
4.756729
-24.61589
21.5107
-36.77589
33.90233
-51.82405
55.32675
-90.88901
224.4391
18.62411
75.76601
361.7147
59.51847
407.4088
-92.47154
46.1202
-50.02864
108.0898
516.1269
231.7708
56.00182
149.8215
109.3072
125.924
-30.77964
-30.29093
130.4423
337.8806
260.9168
190.907
-122.716
87.80569
-84.80454
69.18917
-77.10369
72.06432
-99.65581
195.2521
141.6945
-33.23696
2.873521
-4.632952
-8.103376
-0.03999519
-9.482213
-0.7472878
-7.014219
-5.148048
0.06138992
-16.7366
21.04614
-64.96259
307.7091
212.8875
-99.78754
63.59589
-61.61377
46.17432
-52.18103
40.84843
-49.41255
39.94911
-50.10867
42.2413
-54.26537
48.91441
-64.85935
66.74792
-99.98916
177.101
206.8416
275.0673
65.91391
-31.54391
6.085402
-7.051346
-6.737829
-3.71972
26.28677
89.28079
65.90714
135.1447
-33.18495
89.82667
-166.2923
530.2809
493.9395
-144.1191
71.89631
-53.46099
27.25629
-24.45426
4.554306
-3.479332
-18.47754
27.455
-73.92361
238.6471
147.6697
105.4821
335.4562
-52.65139
55.89663
-57.83667
42.34986
-47.24451
34.36746
-41.11642
29.57126
-37.31667
26.54867
-34.91911
24.67026
-33.49094
23.64163
-32.80722
23.20532
-32.31656
21.15473
-4.163647
66.04639
-11.69611
33.32099
-61.01668
129.5076
73.82193
-11.15207
-23.54966
156.1803
25.99744
-13.93807
-2.791481
-2.580565
-9.6367
2.407507
-13.76159
6.181463
-17.54008
10.30024
-22.40799
16.54414
-31.19155
30.497
-58.09904
111.7738
619.8927
-79.42754
34.55671
-30.94907
14.87152
-20.44503
8.765717
-17.20709
8.427982
-23.20757
260.0374
7.754669
-10.08583
-1.193602
-7.587686
-2.045247
-7.386892
-1.929348
-7.675253
-1.538079
-8.139509
-1.011994
-8.721077
-0.3760023
-9.420814
0.402689
-10.29554
1.398044
-11.45018
2.769659
-13.11994
4.865839
-15.86374
8.659863
-21.52567
18.18778
-41.60825
99.88228
102.9207
-38.16517
14.19348
-17.33329
4.333359
-11.40708
0.2590008
-8.326796
-2.256742
-6.122172
-4.333937
-4.006197
-6.689075
-1.089756
-10.86098
6.514915
142.5833
133.4014
78.73283
278.8036
206.9345
-34.39795
11.20744
-15.93704
4.120392
-12.07486
1.621559
-10.27816
0.2276261
-9.125488
-0.7897453
-8.155842
-1.805386
-6.954346
-3.468094
-4.1362
-9.960205
30.41183
33.41893
-24.75023
96.77991
178.5363
-21.96547
1.984982
-8.034037
-2.924631
-5.704561
-4.156445
-5.057695
-4.428101
-5.087936
-4.086357
-5.83976
-2.653578
-8.743263
5.284849
104.7608
39.29278
11.79379
-15.4114
4.106735
-12.67242
2.806814
-12.01781
2.48451
-11.84383
2.276471
-11.30523
0.7289648
-6.726268
-15.83867
172.112
234.9625
202.951
42.6099
-40.18849
363.6877
482.8965
-53.14434
69.24132
-52.78801
32.39724
-35.51951
22.04547
-28.72164
17.3665
-25.43659
15.06763
-23.86396
14.01335
-23.06162
12.75678
-17.16704
64.23522
-43.58167
38.61316
-64.75117
139.8803
153.9184
-23.59155
-18.22452
239.5409
75.36238
-34.48023
14.58326
-18.86684
6.290932
-13.56147
2.551836
-10.76346
0.3595953
-8.977028
-1.146994
-7.66539
-2.332811
-6.539
-3.469517
-5.294896
-5.006515
-3.008835
-9.650419
19.21341
17.74149
-16.18636
5.971638
-18.95602
27.11491
196.2275
-40.29181
22.4889
-33.58582
34.14241
193.509
179.9348
127.5433
-57.07965
29.38906
-30.91246
17.20985
-24.06746
13.0222
-21.43822
11.41854
-20.57629
11.13914
-20.77514
11.68475
-21.27638
10.14899
8.896389
107.8505
-17.72913
120.6928
46.22129
-1.96833
-36.59856
152.7041
127.7357
-49.30098
23.39375
-25.29542
11.48896
-18.03556
6.563879
-14.46479
3.850279
-12.33162
2.132428
-10.91989
0.9495211
-9.913874
0.08705902
-9.167669
-0.5682373
-8.587936
-1.08181
-8.130211
-1.494194
-7.756468
-1.831989
-7.451187
-2.110737
-7.195545
-2.342605
-6.986403
-2.532698
-6.814502
-2.683933
-6.68549
-2.791725
-6.600933
-2.846598
-6.581829
-2.823529
-6.658331
-2.673676
-6.908251
-2.285032
-7.498526
-1.386219
-8.890202
0.8437214
-12.68941
8.042603
-29.49092
81.57089
113.265
-52.6287
32.57959
-41.11056
37.3106
-66.26019
237.009
48.51168
-8.406366
-32.36125
201.3246
86.87953
-48.42493
25.57974
-28.59323
15.41606
-22.424
11.35057
-19.63755
9.425093
-18.34724
8.650533
-18.03151
8.783997
-18.65675
10.01445
-20.71634
13.34287
-26.26844
23.59237
-50.29245
163.907
71.71056
-32.80919
11.35237
-15.36561
2.879354
-10.35015
-0.4337435
-8.001664
-2.18609
-6.637707
-3.286834
-5.722712
-4.068645
-5.033333
-4.695778
-4.450519
-5.245049
-3.934822
-5.691078
-3.712111
-5.062733
-8.830959
113.2837
156.9156
45.19723
-21.64888
5.667653
-16.34599
161.6346
194.1335
43.18222
-26.89144
11.39263
-18.56609
8.400055
-18.05325
9.792046
-21.74832
17.59627
-40.58485
111.8053
77.49448
-34.91226
14.36663
-19.62684
9.145493
-21.3747
40.12505
23.5482
-19.52624
30.00319
20.82181
31.85641
-3.556685
-6.365912
-3.151804
-6.126732
-3.448509
-5.844772
-3.704891
-5.624435
-3.856377
-5.647226
-3.2706
-8.976979
140.2412
31.77219
31.72127
5.859875
45.81011
24.25229
90.59471
-3.111261
-3.048264
-7.030884
-2.149641
-7.432209
-1.848322
-7.7623
-1.419666
-8.361426
-0.5370426
-9.743731
1.856853
-14.86643
24.90762
9.399165
-2.092652
38.73698
6.03115
53.91203
1.056411
2.111034
-16.44726
20.40852
184.9516
-25.71252
7.229757
-13.71097
3.042195
-12.0014
2.592188
-12.4628
3.975496
-15.11998
8.979828
-26.20412
53.96188
62.74468
-27.48154
23.35807
169.3371
33.23496
-18.93385
4.328245
-11.40092
0.5335321
-8.91186
-1.387154
-7.233655
-3.022656
-5.463843
-5.138889
-2.675118
-9.233555
4.254579
-24.14046
68.12491
79.15764
-37.89862
18.34816
-23.57176
11.94455
-20.10697
9.933754
-18.94876
9.342957
-18.76929
9.479752
-19.1636
10.08501
-19.92392
10.89357
-20.55674
10.8098
-18.14268
-0.4979057
79.79539
109.0799
-92.85236
95.19951
-146.0548
354.0284
675.8744
453.2211
1159.338
351.8578
455.0997
-221.8359
280.7656
381.9183
750.6417
711.637
-69.74394
119.5658
-47.82117
16.26397
-11.60196
-13.95146
62.9547
80.48436
-39.93584
19.53233
-24.02893
134.2264
-21.05771
11.33785
-21.75706
15.44867
-34.37136
108.9521
29.35183
-15.87454
0.4280233
-7.090434
-3.949842
-4.391917
-5.854069
-2.905724
-7.108295
-1.775925
-8.185922
-0.7028818
-9.287958
0.4616833
-10.54893
1.852898
-12.10775
3.626111
-14.15802
6.035258
-17.03543
9.537575
-21.39625
15.12022
-28.79511
25.38816
-44.01363
50.36893
-93.31696
593.3171
318.9345
342.0171
116.47
-79.32949
52.08918
-52.01147
36.93935
-43.10789
32.50368
-44.02278
49.73042
86.45984
-9.877203
9.120891
149.2125
23.02658
8.595337
-21.20712
12.7812
-22.77586
13.81946
-23.71957
14.73392
-24.20252
11.53162
124.2241
200.0862
34.99323
-7.444384
-11.0035
5.84864
-18.03471
10.77485
-22.16839
14.70992
-26.26787
19.27858
-31.64395
25.92647
-40.30003
37.90948
-58.32965
68.80154
-126.1173
404.1309
338.5995
789.4377
41.81378
-34.07011
17.59389
43.34838
-13.96951
13.55609
-46.36951
384.7846
44.74854
-11.14012
-30.5971
407.9218
342.0606
179.6772
395.722
-27.77706
18.55887
-25.80025
14.05062
-21.22775
9.512283
-16.32685
3.122467
-2.642597
44.67809
-20.98745
4.466324
-6.311516
-19.92772
260.8322
63.79895
-45.23687
27.75872
-33.48343
22.09965
-30.556
20.9081
-30.93763
23.44857
-38.37415
61.58628
27.57423
-1.436615
-13.73299
5.28141
1.280888
40.60461
-60.40177
239.771
407.9245
128.0585
-59.98435
39.14058
-46.59524
33.16825
210.4531
427.0571
333.0079
-99.92365
47.87879
-42.52576
39.8052
1.475461
-1.528461
-7.638756
-3.054636
-4.903347
-6.113644
-1.480087
-10.37303
4.952841
-24.53833
221.9139
19.41488
-15.53181
1.747419
-8.910084
-1.959955
-6.441452
-3.769697
-5.031874
-4.9171
-4.069354
-5.736429
-3.364776
-6.346764
-2.839501
-6.786171
-2.492972
-7.028155
-2.380127
-6.962175
-2.705798
-6.24452
-4.063797
-3.751869
-8.772263
5.971346
-33.2941
118.4404
246.1922
-137.2827
204.8023
146.925
242.1281
36.44086
-22.27799
3.538418
-7.582438
-5.747738
-0.1417904
-13.6868
14.05978
275.5812
-14.63219
-2.99101
-2.923599
-8.834883
1.314408
-12.51402
4.883663
-16.26858
9.102882
-21.29948
15.49084
-30.07273
29.00488
-56.07426
150.7709
-0.3525691
111.15
163.6821
81.78454
44.77389
-36.12759
18.23006
-22.33926
9.07373
-15.46453
3.440414
-10.49171
-1.269287
-5.706696
-6.49324
0.443512
-14.37256
11.685
-33.75967
252.7828
375.0482
260.618
295.9501
-125.226
82.30447
-81.33531
72.32973
-93.52451
563.4459
205.589
-23.722
-33.54453
129.7714
214.9744
-78.98892
45.02677
-46.70904
37.86317
-61.08617
284.5369
35.56704
-9.474617
-17.53378
48.42557
212.1069
-59.3845
35.27164
-45.80656
64.67654
197.0599
198.5634
0.7493744
-7.048088
-4.144485
-4.219734
-5.915497
-2.998947
-6.839058
-2.228897
-7.540028
-1.545336
-8.251892
-0.7607422
-9.151123
0.3006592
-10.44019
1.911926
-12.50903
4.649361
-16.27746
10.12268
-24.85815
25.33144
-58.98732
180.4224
499.9854
-46.23588
27.15404
-30.18064
16.93381
-23.97975
13.08761
-21.84773
13.28592
205.3364
4.461779
-14.28599
1.268482
87.74171
33.66858
-47.82166
107.4719
135.3391
137.3658
-22.58292
6.240452
-13.51634
1.569817
-0.9608612
165.4743
102.9235
2.327385
-16.79281
9.172138
-19.80807
11.46914
-22.01185
13.80536
-24.62037
16.80918
-28.15771
21.07228
-33.44987
27.90344
-42.77384
41.89089
-68.22878
124.8787
374.5508
57.91959
-101.782
298.949
239.3513
-79.51247
30.08119
-17.47338
-11.13889
27.25317
-93.62049
542.1359
350.7532
305.661
277.8861
-39.00381
27.55612
-33.355
20.4484
-26.37918
12.41533
-8.871517
41.76646
-31.7756
18.21027
-25.4613
14.55304
-22.86127
12.53935
-21.2333
11.19137
-20.10681
10.25288
-19.33295
9.626488
-18.84669
9.281384
-18.64717
9.233276
-18.7661
9.546432
-19.3101
10.37384
-20.49742
12.04173
-22.83284
15.34212
-27.61686
22.58835
-39.39761
44.22511
-90.57771
374.7116
132.7183
-23.95712
490.3589
-156.478
658.842
94.34232
86.69864
435.3932
-12.95505
543.356
-69.96576
570.0023
4.733536
39.4126
217.5719
46.09587
91.22015
35.57902
103.5868
145.5708
98.29971
-22.6646
1.978447
-7.521072
-3.796913
-4.508476
-5.555328
-4.845512
85.92929
100.9616
34.2095
-24.54403
178.9618
-5.896736
-1.538811
-8.382607
-0.7172318
-9.098785
0.200119
-10.36969
1.999542
-12.98311
5.963333
-19.44182
17.92032
-48.46037
238.1956
77.85607
-42.68102
19.99107
-20.06612
-7.969376
198.5313
421.9072
55.43646
6.364243
-45.83496
144.4073
50.34058
491.4541
59.63316
-33.07587
4.340256
142.7054
37.65335
-32.27209
17.39142
-23.71584
12.16377
-19.94308
9.062195
-16.99683
5.718567
-12.27513
-3.174469
17.62032
81.59616
-2.036713
34.13623
-38.65836
58.56201
-30.43936
22.89218
-33.64554
25.78467
-37.20642
30.34058
-43.08795
38.0351
-53.40784
52.44983
-74.85974
88.00226
-148.6692
546.668
17.84131
770.0087
582.0337
25.00195
22.23047
-27.30078
5.412109
55.25854
35.29883
-23.90271
0.4541016
25.08948
518.1907
-29.10364
15.30515
-20.02954
6.516846
-11.87982
-2.316711
-0.2966309
-21.68015
359.4362
100.9167
-49.19422
25.77369
-28.77184
15.53331
-22.41599
11.23096
-19.59064
10.11108
-22.35199
35.74344
283.5937
26.08472
-14.09277
-0.2440338
-6.21254
-6.009422
-0.1425781
-13.75244
11.49292
-36.06087
101.9474
52.79868
17.50717
223.0546
-55.17712
27.69592
-28.64282
13.28491
-16.89346
-2.390106
101.3585
69.09467
272.0877
-35.37968
282.9587
153.7423
-64.71527
31.8729
-13.43794
200.5644
-75.9801
57.0103
-67.59731
68.10796
-109.7561
391.185
117.2201
-44.05188
14.94377
-18.95428
46.0507
7.497963
26.3114
30.11112
-40.12998
145.5587
-2.639603
6.668114
-24.85713
143.5396
-9.751404
8.508011
-22.65382
17.78376
-32.70416
30.87698
-52.23843
64.94866
-130.0443
510.9027
329.4305
-107.5347
68.89217
-65.12617
51.66098
-66.814
96.78455
213.7411
-32.80848
4.43042
-7.408707
-4.98365
-2.871384
-7.468811
-1.394238
-8.401939
-0.7708998
-8.846779
-0.4267426
-9.135277
-0.1665878
-9.391293
0.1007462
-9.677986
0.4147568
-10.02922
0.812767
-10.47966
1.322613
-11.06038
1.989674
-11.82733
2.871902
-12.85261
4.077934
-14.28191
5.790913
-16.37389
8.407562
-19.73972
12.91061
-26.14389
23.01836
-46.14731
143.5667
-1.591721
432.2123
258.2572
-48.96683
-6.840004
155.2222
168.8112
-127.5656
315.1136
396.2649
99.89715
40.59578
-28.88146
37.61423
96.10479
180.1447
-38.20438
16.14287
-21.65162
10.7723
-19.86571
10.776
-21.06634
12.99431
-24.33564
17.52367
-30.56939
26.32458
-43.70724
48.01994
-87.45908
207.4264
226.4017
35.61091
86.82906
-52.52652
27.23664
-27.38898
11.275
-15.07977
0.1558533
-3.208252
-15.66351
29.80673
77.35242
25.15476
201.4788
-47.90409
15.96163
-9.904179
-21.78733
91.20668
221.4966
-57.93274
530.5602
57.52344
-11.20861
10.44415
426.3494
-53.02346
31.34658
-36.36184
24.68385
-32.83292
22.71259
-31.90395
22.68012
-32.82687
24.83674
-36.88531
32.43573
-53.00012
83.58999
284.9827
-39.78151
8.24174
-9.659781
-3.762304
-3.383614
-7.425852
-1.177513
-8.690933
-0.609314
-8.656528
-1.25161
-7.305092
-3.555061
-3.551468
-9.818794
7.82132
-34.84607
106.9688
363.6901
-79.02338
47.66547
-49.0892
36.22227
-44.55297
35.78162
-47.84449
44.51779
-69.94473
150.7142
211.744
166.7919
-61.0041
238.1585
-31.52641
40.0853
-72.78648
141.5142
155.9421
52.76022
123.1208
-47.40126
17.14256
-15.57422
-1.592224
-1.173706
-15.17206
14.64177
-39.8009
95.69629
207.2696
43.19268
87.76862
57.94269
125.6548
-50.03784
197.4154
-45.49823
25.68164
-29.58406
16.45827
-24.11119
100.5094
80.41774
39.8549
-32.3265
18.29708
-25.63236
15.14842
-24.1687
14.90688
-25.2135
17.86072
-32.24967
40.65607
138.4443
-15.36239
-4.893902
-0.2299385
-11.85543
4.643298
-16.4669
10.36589
-25.99752
36.67738
143.0333
-22.21864
1.118909
-5.780641
-6.540082
-0.6820059
-10.73098
3.335365
-15.07916
8.558971
-22.02692
18.95796
-40.69151
71.3932
105.1104
57.80571
126.2362
-12.92935
27.68428
-29.49341
15.57208
-22.0322
10.49487
-18.35071
7.710382
-16.17848
5.97271
-14.76414
4.810117
-13.80027
4.003879
-13.12414
3.441171
-12.65943
3.060106
-12.354
2.828125
-12.1918
2.731401
-12.16093
2.772673
-12.28117
2.976173
-12.58069
3.393732
-13.14406
4.140503
-14.13538
5.476896
-15.98202
8.130909
-20.05268
15.10112
-34.79121
72.72798
82.10623
-28.70843
7.69954
-12.16122
-0.1234665
-7.344734
-3.627932
-4.414772
-6.43562
-1.311
-10.42327
4.776937
-22.29455
45.03629
105.767
-35.47941
14.81927
-19.96326
8.473808
-16.9211
7.238083
-17.12539
9.305208
-23.86599
75.08558
22.70194
165.7406
-54.84338
117.6986
79.43377
-32.66911
11.39317
-15.82016
3.697754
-11.49771
1.04216
-9.862961
0.2106552
-9.929207
1.860889
-16.35557
48.53367
123.0155
34.78347
-16.39235
6.177073
95.93439
-11.46048
-0.4857073
-8.442612
-0.9601746
-8.739754
-0.2461395
-9.79306
1.185043
-11.75387
4.071373
-17.06234
132.6478
-12.24632
10.37633
-32.32394
86.42107
65.79501
-28.23275
7.7484
-11.4226
-2.5485
-1.491962
-19.06139
142.3199
29.86283
-22.80798
8.875046
-19.70041
139.8386
67.10913
63.05603
-26.23065
8.202621
-13.17621
-0.5282745
0.3788071
103.4864
-24.74799
9.36124
-16.38536
5.564777
-14.04223
3.903316
-12.76446
2.861721
-11.87976
2.08905
-11.18581
1.446384
-10.57543
0.8546944
-9.987524
0.2499847
-9.34691
-0.4478741
-8.558283
-1.3783
-7.409418
-2.871552
-5.332939
-6.040644
0.2358665
-18.87592
228.5788
39.57858
-27.48877
12.35224
-19.18553
8.311487
-16.85585
6.870888
-15.95965
6.352297
-15.739
6.403936
-16.07242
7.06588
-17.17293
8.834553
-20.10294
14.18388
-32.3624
75.45653
44.10018
-23.87153
86.23518
120.8792
135.8513
2.752905
-9.47917
-0.07997513
-9.590023
0.4971619
-10.29972
1.279081
-11.15522
2.229446
-12.23721
3.501123
-13.78087
5.435498
-16.30424
8.899956
-21.39421
17.18468
-37.66383
71.00314
201.3287
12.52636
67.55837
-35.36831
16.53988
-21.82555
10.38503
-19.14003
10.37642
-22.65943
135.6999
75.23097
-17.46492
0.2394657
-6.650017
-4.502289
-3.633842
-7.022225
-0.9766827
-10.43944
4.321989
-20.85646
38.84837
105.6639
-32.76667
12.58711
-17.83849
6.232635
-14.36154
4.09938
-12.97869
3.191854
-12.40098
2.861472
-12.27288
2.915404
-12.50254
3.326245
-13.11569
4.183398
-14.28263
5.762824
-16.44956
8.829728
-21.02436
16.31356
-35.88842
78.81584
-1.899013
90.28441
93.30525
-43.91696
21.18665
-24.79061
12.24751
-19.91122
9.552091
-18.67625
9.514423
-19.85534
12.23354
-24.98442
22.07746
-47.52181
121.6429
128.8177
-51.94345
143.2176
-14.86285
5.388206
-13.93473
4.098049
-13.92667
6.476665
-22.58037
54.42591
65.79637
-39.27694
30.5818
-60.59596
358.6644
67.59007
-37.90751
17.34296
-21.62013
9.272488
-16.84893
6.163885
-14.70054
4.621057
-13.57083
3.795756
-12.98377
3.405652
-12.77124
3.371604
-12.93398
3.770655
-13.65311
4.982895
-15.7284
8.880508
-25.036
67.58475
20.16437
-12.40549
-1.420776
-6.017578
-4.53355
-4.181332
-5.736024
-3.337241
-6.359683
-2.860437
-6.733462
-2.557941
-6.984967
-2.345888
-7.166072
-2.186514
-7.311787
-2.053071
-7.436065
-1.932166
-7.558238
-1.806856
-7.68977
-1.661947
-7.856201
-1.466014
-8.094646
-1.159726
-8.509857
-0.5614944
-9.455782
1.1842
-13.8945
74.96724
1.461912
-6.488179
-4.291847
-4.49341
-5.299862
-3.90019
-5.676204
-3.656854
-5.828433
-3.56936
-5.866117
-3.575864
-5.818342
-3.661868
-5.695907
-3.826428
-5.483673
-4.091016
-5.158172
-4.492648
-4.660208
-5.112048
-3.882011
-6.108714
-2.574659
-7.876159
-0.08011436
-11.62834
6.150134
-23.97607
43.89458
224.5841
-45.58613
19.76997
-23.13936
10.59049
-18.14046
7.481264
-16.05672
6.017197
-14.9992
5.247706
-14.44391
4.855453
-14.18116
4.703482
-14.12841
4.736771
-14.24091
4.929134
-14.51528
5.286583
-14.96012
5.830681
-15.6185
6.619755
-16.56221
7.756067
-17.94289
9.451347
-20.05894
12.1594
-23.6409
17.11336
-30.96348
29.16465
-55.24305
117.0365
104.9915
145.3453
38.49712
-27.41317
9.822226
-14.56538
1.975903
-9.03875
-2.303436
-5.463703
-5.499874
-2.423799
-8.566398
0.8496256
-12.22875
4.96603
-15.28615
120.1763
-65.51852
268.1462
261.329
-43.69849
16.08608
-15.09417
-6.055248
36.03764
75.95124
-39.01381
20.32927
-25.66996
13.97773
-22.06116
11.86648
-20.96334
11.59176
-21.48422
13.01234
-24.07585
17.34548
-31.37811
30.6368
-60.52533
142.3685
220.7552
-72.05359
38.45552
-40.71313
32.36249
-56.40787
216.6854
56.98631
-29.89393
11.46024
-17.42233
6.666757
-15.99135
7.511346
-19.26453
14.83493
-37.24895
106.1303
75.01373
-35.47915
15.58167
-21.12402
10.64324
-21.63922
124.6803
75.75729
-16.56947
0.4861536
-7.66829
-2.769188
-6.153157
-3.526699
-5.799336
-3.632475
-5.864965
-3.430595
-6.195503
-2.960396
-6.830956
-2.10778
-8.003395
-0.4163752
-10.63764
4.30813
-22.28429
227.3375
14.11992
-11.98815
-2.686718
-0.7790194
-23.38615
147.5877
192.385
144.9089
-28.04259
4.462456
-9.433399
-1.899059
-6.597675
-3.304039
-5.900017
-3.603191
-5.849518
-3.480343
-6.109531
-3.102725
-6.594641
-2.508505
-7.308874
-1.658928
-8.314067
-0.4671755
-9.739087
1.253296
-11.83924
3.85756
-15.13675
8.142445
-20.89431
16.24478
-33.10347
36.82571
-76.69684
260.2167
67.45415
96.05939
247.1985
-109.1192
72.58022
-70.17193
421.7321
69.8755
184.4185
-26.51857
19.58322
-31.4888
24.90973
-38.43975
36.24141
-62.90425
160.1411
61.79396
-16.14452
-8.588974
9.379456
-31.80937
61.12117
152.8285
-33.88474
7.528873
-9.375237
-5.230045
0.9217167
-19.0671
84.15993
16.27499
-11.77551
-2.328545
-4.364569
-7.103844
-0.5574989
-10.57811
2.965
-14.50023
7.763762
-21.06681
18.3247
-44.23413
221.1336
34.17496
-14.53476
-6.717255
9.468573
120.0941
68.97437
104.931
-42.54637
18.75218
-21.56086
8.033374
-14.39078
2.207535
-8.52712
-5.850547
12.12713
69.4391
-26.73234
10.51497
-17.08588
6.013206
-14.3428
4.117838
-12.93974
3.035747
-12.08192
2.345159
-11.52483
1.897806
-11.16986
1.621394
-10.96551
1.483571
-10.88661
1.454892
-10.89535
1.472257
-10.84442
1.131368
-9.436617
-5.332937
67.84833
239.1745
297.9723
-25.6978
23.49477
50.80061
-29.56266
43.37671
11.22001
-4.982679
-8.634085
1.867492
-13.91681
8.080776
-24.89154
69.78731
9.333062
-2.818655
-13.65364
11.35671
-32.37196
58.15707
98.92796
40.24017
122.4679
-51.50765
26.18993
-28.37622
14.68335
-21.2381
9.68977
-17.43383
6.572098
-14.67383
3.885666
-11.71621
0.05374146
-5.454697
-15.24414
189.6508
153.1441
-5.204597
-8.647392
158.238
201.3416
50.48181
-21.04553
54.00385
31.54254
-31.07407
23.74341
-43.9359
94.37735
82.0099
-29.7513
8.805397
-14.02227
3.153854
-13.04346
6.559296
-25.26813
73.00908
65.54888
-34.90525
17.20671
-23.43604
12.59964
-21.52719
12.212
-22.31131
14.23658
-26.13258
21.59849
-44.11628
175.1613
27.21631
-12.15463
-4.682594
-0.7644348
-11.55615
4.784447
-17.22009
12.02636
-29.36171
45.91715
156.6039
-26.89824
3.192638
-6.291189
-7.681122
3.083654
-20.58393
41.69014
64.72911
-24.02777
5.714625
-11.20559
-0.5589123
-7.254333
-3.404095
-5.016239
-5.285954
-3.348267
-6.836487
-1.834656
-8.386047
-0.1686401
-10.28271
2.14447
-13.35585
6.738754
-21.67784
29.79684
211.6
-26.98106
5.564041
-10.48915
-1.404915
-6.394615
-4.24836
-4.189648
-6.106934
-2.514771
-7.707487
-0.8952427
-9.43961
1.064138
-11.80053
4.13752
-16.22638
11.5583
-32.87646
126.0108
36.94938
-20.70604
4.066811
-9.921341
-1.781441
-5.941826
-4.959595
-2.964424
-8.558517
48.44736
-8.971191
7.252808
29.37366
-8.23999
-5.302002
-1.572144
-10.97489
91.50449
-8.174587
2.780298
-16.25635
13.2623
-37.97282
158.2294
44.79669
-16.3373
54.49599
354.4634
71.79874
-33.67102
42.04352
-11.41295
3.091309
-11.97107
1.87883
-10.69654
0.7294769
-9.6838
-0.1660995
-8.876728
-0.914505
-8.156029
-1.647186
-7.339394
-2.691936
-5.707481
-6.282814
19.24334
9.603138
-13.53878
2.849846
-11.94505
2.620358
-12.46817
3.730789
-13.93712
3.928102
9.879093
338.4599
403.4142
-66.4292
29.0759
-28.8712
14.89655
-21.92278
11.22641
-20.04254
9.891972
117.1659
23.12947
-43.25372
115.2041
53.44742
-23.27297
4.466827
-9.72644
-2.063709
-5.826572
-4.700037
-3.882355
-6.237556
-2.598202
-7.362365
-1.568291
-8.34316
-0.603281
-9.320159
0.4154377
-10.41076
1.608708
-11.74245
3.126043
-13.50008
5.165457
-15.74854
6.587275
86.36179
31.23684
-58.53478
206.6605
343.2284
71.15437
147.3037
-43.09079
17.32652
-19.32764
4.748198
-8.873248
-9.764652
39.63705
141.9238
117.7422
11.33753
-30.64093
48.77715
81.91303
-21.55022
2.521584
-8.21244
-3.258904
-4.748291
-5.932419
-2.097534
-9.272339
3.177765
-20.15649
43.37685
88.92461
-35.37965
16.62851
-22.99754
12.82133
-23.08603
16.49255
-33.27478
53.68951
108.9468
-25.19925
3.366913
-7.320068
-6.243774
3.399933
214.0784
-12.82719
-2.193465
-3.292142
136.5595
-8.870045
-2.999039
-5.302612
-4.876617
-3.973709
-5.93837
-3.065742
-6.750999
-2.311859
-7.469654
-1.612831
-8.162703
-0.9114609
-8.884354
-0.1592503
-9.679897
0.6976528
-10.61837
1.741299
-11.80046
3.112135
-13.43136
5.110207
-15.97354
8.514568
-20.86341
16.32757
-35.96963
63.95907
137.3848
-22.16697
190.0268
1.442122
4.105352
-11.25394
-0.06188345
-7.916373
-2.665775
-5.810064
-4.433511
-4.27622
-5.803221
-3.023704
-6.972907
-1.90856
-8.055822
-0.8419247
-9.120875
0.2377319
-10.22967
1.388893
-11.4374
2.672371
-12.81768
4.171839
-14.46505
6.007244
-16.53916
8.386803
-19.31729
11.70237
-23.38487
16.86575
-30.25577
26.68585
-46.10713
60.65173
144.7261
228.4573
76.92461
-28.03889
-3.417767
14.69963
129.5356
160.1048
82.59773
263.3652
67.9011
-49.4872
29.18253
-32.36212
18.74435
-25.11178
13.31812
-20.84183
9.832039
-17.91409
7.316132
-15.7076
5.344322
-13.91692
3.6931
-12.36908
2.216663
-10.93913
0.8082123
-9.524414
-0.6437187
-8.001303
-2.280149
-6.192032
-4.34618
-3.745918
-7.370586
0.2039261
-12.91457
8.844749
-29.04382
56.10791
132.6752
166.2773
48.16626
-37.2505
20.31501
-25.69984
13.73085
-21.42173
10.74913
-19.26636
9.17408
-18.13422
8.41161
-17.71727
8.360153
-18.10233
9.323242
-19.76314
103.7532
-38.73126
155.1731
140.3245
26.20537
-16.57655
4.918396
-14.23869
5.375412
-15.81451
7.92379
-19.74535
14.4185
-32.46658
54.17849
194.4365
-24.71069
-8.557711
195.9673
44.73846
-41.55751
60.61402
40.32551
39.96032
65.15935
79.64574
142.6194
53.61415
-20.66159
-9.358694
62.35177
100.9686
-53.07453
32.83321
-39.08396
30.43668
-46.25565
82.25836
-12.11489
54.73795
136.8847
-20.96348
-0.8215437
-3.115166
-9.756008
2.983418
-14.80074
7.804119
-19.98242
13.97889
-28.11938
26.04442
-49.5401
84.30878
144.2558
147.5801
83.42613
-45.8075
21.90963
-24.03221
10.25328
-17.0984
6.927471
-20.38705
123.9521
23.78793
-31.00298
70.2524
0.2387447
18.13469
83.03961
52.45171
68.37701
-34.83161
14.75976
-18.94654
6.218271
-13.2665
1.959728
-9.80395
-1.034912
-7.076538
-3.633224
-4.500298
-6.286388
-1.660967
-9.448153
2.012727
-13.93216
7.839811
-22.1973
21.33588
-51.7882
328.1845
22.83746
300.1831
44.19578
76.90363
-53.14825
356.3215
320.9096
-67.64038
35.70192
-35.64343
20.80103
-26.64629
14.6329
-22.08207
11.07234
-19.18942
8.647934
-17.1107
6.82803
-15.48328
5.346556
-14.11624
4.065845
-12.89247
2.874699
-11.71337
1.679207
-10.4559
0.2850876
-8.750051
-2.459402
60.08546
1.295176
-8.613695
-2.137634
-6.02087
-4.831459
-2.855911
-8.862759
2.694603
-17.25183
17.22026
-49.57335
180.4665
149.189
-70.03833
43.9736
-52.29928
81.23651
21.65221
-3.383564
-10.99155
3.181505
-13.23925
4.097834
-13.76163
4.849949
-16.31475
68.27842
-1.572706
-8.815912
95.48952
11.99564
-15.99141
4.871995
-13.4518
3.495251
-12.54956
2.837084
-12.04271
2.440105
-11.7324
2.208044
-11.58607
2.167753
-11.68204
2.456036
-12.27271
3.563808
-14.34031
7.687149
-23.75022
447.5627
45.65801
-29.47249
16.95997
-32.02305
60.41621
66.6401
-24.5141
5.420427
-10.25633
-2.570053
-3.165298
-12.38172
23.71551
71.28616
-24.82934
6.326077
-10.03259
-7.823174
62.33981
29.26636
-24.38727
10.69956
-17.97213
7.199768
-15.68978
5.561258
-14.44447
4.57831
-13.64566
3.916067
-13.09269
3.452922
-12.70336
3.128026
-12.43999
2.925848
-12.29744
2.846722
-12.29339
2.934839
-12.49793
3.298378
-13.09963
4.285912
-14.78248
7.469437
-22.50813
59.36954
14.10486
-10.07832
-2.825425
-5.056
-5.217553
-3.699758
-6.05653
-3.156474
-6.412984
-2.925522
-6.55825
-2.839416
-6.601786
-2.823844
-6.608046
-2.804873
-6.670761
-2.636433
-7.087951
-1.571211
-10.54997
99.63878
3.813268
-10.27652
0.6713943
-11.04072
3.945835
-19.44719
47.58512
28.07031
-16.71932
2.190429
-9.092234
-2.051567
-5.928818
-4.964429
-2.720493
-9.148267
3.872673
-23.04458
73.71282
49.2826
-27.67764
10.77649
-16.78546
5.363731
-13.46751
3.081451
-11.7738
1.753601
-10.68968
0.8406601
-9.898407
0.1368246
-9.260183
-0.451334
-8.707061
-0.9823189
-8.190053
-1.492528
-7.676048
-2.02319
-7.1192
-2.619511
-6.461194
-3.371135
-5.570464
-4.478332
-4.098716
-6.626212
-0.4756565
-14.72764
51.38882
20.94229
-16.88264
3.803698
-11.48218
0.9950047
-9.693846
-0.2817326
-8.708687
-1.086926
-8.023583
-1.687153
-7.482893
-2.185888
-7.01587
-2.627213
-6.593039
-3.037857
-6.192684
-3.427752
-5.811779
-3.802404
-5.447128
-4.14901
-5.129449
-4.415808
-4.971361
-4.301575
-6.072083
60.70783
-0.3266754
-8.04981
-1.489105
-8.073734
-1.109579
-8.631804
-0.4304733
-9.411888
0.4409866
-10.36869
1.482101
-11.49094
2.667538
-12.69133
3.763855
-13.3512
2.859314
-4.500883
74.29599
33.83129
286.3905
11.49536
455.6385
320.0953
-66.61011
38.25305
301.0564
55.63928
169.9803
296.3057
-88.57678
48.57833
-44.37282
26.9059
-30.86022
17.33203
-23.4447
11.12659
-17.80275
5.415981
-10.98283
-5.714468
36.8026
35.82251
-26.03843
11.14482
-17.51896
5.856956
-13.38575
2.170868
-9.782345
-1.620361
-5.523335
-6.728194
1.073284
-16.07522
16.19551
-47.02815
139.1039
173.7077
-69.5215
41.2948
163.8242
66.29938
415.8573
162.7159
-67.90091
38.88546
-40.19263
26.32883
-32.98235
21.7073
-29.89667
19.69589
-28.77715
19.49001
-29.77473
22.58869
-38.19855
62.26151
114.9809
-4.709673
-10.59856
3.723088
-14.60367
6.188724
-16.46886
7.911356
-18.39941
10.46604
-22.30708
17.51155
-39.20862
154.6497
21.53984
143.3924
7.994007
17.24766
330.9095
42.57125
-3.968568
-22.92702
60.33076
130.8991
-45.6607
21.49212
-24.87099
12.11961
-19.42446
8.501307
-16.79805
6.462952
-15.12998
5.036732
-13.8577
3.856415
-12.72488
2.734634
-11.57648
1.517071
-10.24653
0.01665115
-8.486816
-2.140144
-5.700397
-6.004918
0.2763081
-17.18547
33.6259
147.4788
-37.44169
14.58606
-17.96269
4.22806
-9.457815
-5.288279
4.562824
-34.31531
207.11
165.9086
-71.1037
44.2579
-47.86093
37.95895
-53.64632
228.3484
51.70623
-10.091
-8.664774
2.818634
-14.00178
5.541245
-15.54272
6.46563
-16.11342
6.820629
-16.33179
6.950638
-16.40219
6.978966
-16.40237
6.960846
-16.37037
6.918118
-16.31981
6.863279
-16.2604
6.796341
-16.18583
6.713358
-16.08798
6.591068
-15.92882
6.374966
-15.61584
5.887897
-14.80077
4.38348
-11.5503
-5.141899
75.75337
178.3159
-22.48145
28.53144
36.84466
9.454502
67.85858
-5.958252
-8.732574
1.393585
-11.96105
3.252129
-13.17841
4.115679
-13.8242
4.618464
-14.23058
4.957644
-14.51939
5.207561
-14.74158
5.410309
-14.92802
5.582993
-15.09143
5.741184
-15.2447
5.88974
-15.39148
6.037518
-15.53937
6.185369
-15.68929
6.339544
-15.84769
6.50003
-16.01302
6.672623
-16.19222
6.857215
-16.38404
7.058889
-16.59515
7.278423
-16.825
7.521616
-17.08101
7.789888
-17.36376
8.090124
-17.68195
8.425571
-18.03773
8.805506
-18.44267
9.236279
-18.90249
9.730198
-19.43343
10.29967
-20.04659
10.96428
-20.76727
11.74625
-21.61917
12.67976
-22.64574
13.80953
-23.89616
15.20269
-25.4561
16.95769
-27.44427
19.22982
-30.06391
22.27672
-33.6491
26.55628
-38.8395
32.97211
-46.96132
43.5726
-61.36237
64.231
-93.48576
121.2963
-226.4664
1051.876
526.8229
-47.48044
242.2121
-131.3378
104.57
64.13828
185.6583
-17.08649
25.65892
-47.13541
84.1581
66.81718
-16.70584
-3.093262
-2.258057
-9.358337
1.478088
-12.44254
5.232113
-19.38617
30.63828
41.27152
-16.71738
1.696239
-8.929886
-1.612759
-7.16595
-2.686611
-6.415718
-3.340326
-5.627113
-4.638512
-2.980368
-10.55535
337.4396
77.18698
-66.50662
149.6702
27.8608
69.04736
132.5279
102.411
-4.425312
-9.669872
0.724946
-9.978916
0.2830391
-9.479336
-0.1162796
-9.219429
-0.2230568
-9.275017
0.01065063
-9.719467
0.7263908
-10.81657
2.414875
-13.5484
7.369896
-25.172
84.66308
27.06558
-16.85956
1.7803
-7.572979
-7.787811
47.9146
120.17
56.49174
-19.77607
0.1538658
7.285236
165.6942
-55.00924
47.05595
-80.34927
203.0408
231.65
-79.92845
41.56792
-39.78912
25.79007
-36.8718
107.5475
-1.714951
-0.07781219
-10.68587
1.306351
-10.2955
0.1190643
-8.458923
-2.60025
-4.065674
-11.31007
25.24953
88.22631
-34.6988
16.97939
-23.69778
13.8363
-25.29768
26.30734
105.861
-12.16508
-3.829559
-3.677017
-6.292206
-3.350281
-5.111313
-6.694565
5.128387
121.2541
-20.06992
3.785797
-8.535553
-9.431
49.98581
129.6919
34.77179
-1.717163
-12.09314
3.78952
-13.58527
4.282959
-13.74976
4.329712
-13.75293
4.323608
-13.75824
4.347229
-13.80316
4.415161
-13.89896
4.542847
-14.05963
4.73941
-14.29837
5.0289
-14.64566
5.441528
-15.1412
6.042023
-15.87285
6.942849
-17.00325
8.396908
-18.92985
11.05939
-22.84918
17.4349
-35.33583
58.78853
48.64072
71.24756
26.8176
-18.481
3.104279
-9.423958
-1.937965
-6.166519
-4.227818
-4.463894
-5.542053
-3.420105
-6.392502
-2.713455
-6.987236
-2.207634
-7.423515
-1.826107
-7.758545
-1.532112
-8.02034
-1.296211
-8.232376
-1.106356
-8.404564
-0.9479246
-8.549042
-0.8170166
-8.669209
-0.7049313
-8.772675
-0.6109123
-8.859589
-0.5283852
-8.93618
-0.4592628
-9.000708
-0.3974037
-9.058029
-0.3457909
-9.106148
-0.2992325
-9.149452
-0.260685
-9.185104
-0.2259789
-9.217014
-0.1981621
-9.242275
-0.1734276
-9.265278
-0.1551704
-9.281239
-0.1395192
-9.295082
-0.1295891
-9.30238
-0.1228065
-9.307035
-0.1219807
-9.305059
-0.1248684
-9.299759
-0.1346626
-9.286657
-0.1489353
-9.269251
-0.1721611
-9.241986
-0.2019348
-9.20739
-0.2434454
-9.159822
-0.295929
-9.10009
-0.365675
-9.020414
-0.4547768
-8.918453
-0.5732346
-8.781754
-0.7296677
-8.600838
-0.9444504
-8.346212
-1.247169
-7.979858
-1.700922
-7.40732
-2.441422
-6.407696
-3.879055
-4.1119
-8.44595
13.47559
151.2397
160.614
76.8309
-30.65757
110.3351
-19.94535
8.173782
-16.32465
6.084986
-14.96283
5.149197
-14.30294
4.682782
-13.98585
4.489849
-13.90072
4.505974
-14.02311
4.750169
-14.41376
5.328931
-15.26115
6.590458
-17.22022
9.89537
-23.77617
29.23767
173.3236
-20.02623
0.2057095
-4.793365
-12.01005
108.3991
155.7167
41.88516
-22.43337
7.105282
-14.2988
3.796148
-12.63593
2.860325
-12.07118
2.493424
-11.78599
2.168447
-11.19271
0.5841389
-4.449308
85.33739
-36.1088
51.89591
38.68679
-12.99714
-2.678135
-4.246777
-6.500497
-2.126598
-7.835976
-1.213536
-8.494591
-0.7211437
-8.874191
-0.4205322
-9.114529
-0.228817
-9.268066
-0.1053009
-9.364258
-0.03688049
-9.407082
-0.0188179
-9.396042
-0.06666374
-9.302408
-0.2199326
-9.059916
-0.6045818
-8.432911
-1.698298
-6.246582
-7.581581
60.43094
20.53149
58.34906
3.409363
-13.81017
4.855347
-14.93331
6.574541
-17.87869
12.1045
-30.48251
64.49158
79.54816
-31.97022
13.31315
-20.21207
11.1536
-23.52524
21.268
-49.76454
157.3845
134.6525
-55.77539
28.77013
-30.8047
17.40642
-24.4241
13.43244
-21.81169
11.67649
-20.63651
10.92163
-20.20853
10.76196
-20.27525
11.01918
-20.68602
11.50832
-21.03266
10.9153
-14.6676
79.73712
-45.63986
39.47269
-62.81664
109.268
102.984
48.98088
158.8553
-52.39455
22.7146
-23.20749
8.656876
-14.74207
2.956181
-10.62846
-0.1615829
-8.176086
-2.145569
-6.533325
-3.53772
-5.327744
-4.600876
-4.371666
-5.482777
-3.532452
-6.306438
-2.692444
-7.215082
-1.635698
-8.562578
0.3254395
-12.09894
10.52946
51.13143
-12.63685
-1.147694
-6.605953
-3.726213
-5.127867
-4.703382
-4.422144
-5.241667
-3.996626
-5.591204
-3.698336
-5.852697
-3.462299
-6.077971
-3.230286
-6.333904
-2.923414
-6.74272
-2.316822
-7.749137
-0.365633
-12.84842
52.26681
8.726133
-11.71146
0.7277775
-9.73716
0.4157791
-10.32594
1.748331
-12.4906
5.065876
-17.68525
13.90129
-35.91113
87.08347
43.91837
51.61503
80.06557
-45.94896
26.15032
-31.57432
21.50708
-35.54395
126.3866
-2.655988
3.536654
-19.40503
58.36108
2.5581
-4.152945
-7.540058
-0.8258916
-9.210304
0.1767349
-9.883112
0.6681023
-10.27677
1.015371
-10.60966
1.35894
-10.99241
1.815765
-11.5643
2.564807
-12.60162
4.101105
-15.08475
8.731432
-26.63739
103.0107
32.31952
102.0199
-6.242645
-4.174713
-5.433006
-3.736519
-5.90826
-3.356901
-6.185608
-3.169472
-6.298187
-3.11929
-6.291195
-3.18162
-6.176315
-3.347286
-5.955454
-3.632129
-5.602034
-4.052113
112.7002
-4.846892
-4.108726
-5.954529
-2.617064
-8.007073
0.3371758
-12.56172
8.184906
-29.11511
67.86772
152.6158
-53.35176
29.72317
-37.21046
40.25145
121.5891
-13.55982
-4.23572
-2.548414
-8.019487
-0.849369
-8.8689
-0.4087181
-9.089893
-0.3144894
-9.109636
-0.3383904
-9.059711
-0.4045753
-8.988968
-0.468811
-8.939774
-0.4919128
-8.96402
-0.3851929
-9.212219
0.1241016
-10.26165
2.505692
-17.40278
138.4879
12.86055
-15.99629
7.505264
-24.92844
135.1874
22.94129
-17.617
3.801983
-11.01154
0.09007454
-8.208801
-2.823807
-3.011292
73.17204
-13.14454
0.8260498
-8.944698
-1.420227
-7.149048
-3.224403
-4.958952
-6.579571
3.153542
70.20305
-14.48181
0.6741257
-8.072212
-2.856926
-5.145298
-5.879948
-1.513412
-10.84946
6.379486
-26.84536
72.83263
64.01649
-24.83622
-4.267045
65.02533
126.0904
88.51698
164.3164
68.14252
-12.02883
-5.157885
-1.809648
-8.585701
-0.473032
-9.034145
-0.4776363
-8.759045
-0.9424057
-8.142971
-1.700308
-7.227101
-2.812262
-5.855474
-4.556225
-3.524708
-7.907303
1.883392
-18.74899
41.85098
66.05542
-28.0096
9.660766
-14.77114
2.051141
-6.894039
146.2039
-14.90848
91.76785
-2.175995
-15.19554
45.69547
62.59692
-32.49791
14.8749
-20.60712
8.984976
-16.8994
6.318724
-14.79928
4.541119
-13.20564
3.039651
-11.72087
1.500042
-10.05259
-0.3876953
-7.810572
-3.196967
-4.068634
-8.5886
4.663925
-26.0661
71.28748
56.59565
50.32043
75.61528
-52.24421
36.26641
-49.15101
142.0441
26.1416
113.6022
-20.60643
11.55681
-24.73486
79.53929
-7.521994
75.3297
-10.54281
2.764122
-12.83975
3.726692
-13.30128
3.887402
-13.08088
78.04989
-14.30604
4.586435
-13.90906
4.418049
-13.80206
4.3405
-13.74287
4.295269
-13.71424
4.28898
-13.73373
4.339562
-13.82877
4.498997
-14.07845
4.88147
-14.6729
5.837183
-16.29482
8.878315
-23.20843
34.78287
101.386
65.87567
0.3179626
-14.12436
20.7263
81.3127
-26.26473
9.616028
-16.35363
5.541477
-14.13183
4.141298
-13.16319
3.424911
-12.61111
2.996119
-12.29065
2.798715
-12.29336
3.250648
-14.13974
13.39507
59.00863
166.4801
-20.19674
5.01713
-12.61252
2.234039
-11.01146
1.044851
-9.96508
0.007233143
-8.835894
-1.323031
-7.144804
-3.676877
-3.402144
-11.22396
26.75529
38.08923
-22.19335
7.419292
-14.30154
3.219444
-11.37297
0.9108601
-9.795417
2.834866
146.4448
-37.59156
99.50291
72.10796
-33.74808
129.3505
-20.27588
1.561264
44.68716
31.71317
-28.47586
15.10041
-22.45106
11.68706
-20.16248
10.01092
-18.86411
8.964544
-17.99733
8.233559
-17.36996
7.684086
-16.88478
7.253583
-16.49853
6.902128
-16.177
6.608551
-15.90628
6.35524
-15.66879
6.133495
-15.45962
5.932312
-15.26574
5.746964
-15.0856
5.567247
-14.90534
5.386976
-14.72047
5.190224
-14.50766
4.956392
-14.23926
4.632153
-13.82924
4.084633
-13.0377
2.816733
-10.69932
-2.689559
14.48642
52.42063
-41.25189
72.31786
10.44424
-3.938994
-8.669325
-0.02742863
-8.787479
-3.286125
4.632965
145.9668
-35.8566
20.91152
-32.02341
36.59862
87.65221
-10.11395
-7.274213
0.8696022
-12.03506
3.955913
-14.80479
7.439071
-21.28001
31.68746
191.996
-0.4010025
-7.771853
-1.027739
-8.9095
-0.1639268
-9.502585
0.2307117
-9.756229
0.3795757
-9.819916
0.3694477
-9.747095
0.2411652
-9.563032
-0.0005340576
-9.263268
-0.360939
-8.832821
-0.8736877
-8.225807
-1.591995
-7.367712
-2.629717
-6.101002
-4.19221
-4.16236
-6.492734
-2.59152
18.69905
140.7278
99.58111
-38.26735
15.11073
-18.17433
4.247266
-9.009865
-8.159012
29.59822
78.7165
57.04498
4.761611
-12.43188
-0.6705914
-2.649779
-21.11074
135.6502
70.82599
-43.27694
24.4454
-29.48533
17.48243
-25.20414
14.55797
-23.07026
12.9274
-21.78601
11.89771
-20.94957
11.21254
-20.39181
10.77143
-20.06186
10.5579
-19.99257
10.70276
-20.51997
12.12332
32.42416
65.69453
67.99521
14.95272
-19.5898
9.245735
-18.37326
8.827261
-18.21705
8.795169
-18.26144
8.898773
-18.42354
9.12821
-18.73242
9.53561
-19.27428
10.27071
-20.29705
11.75498
-22.61007
15.81048
-31.55949
57.08517
24.36633
-7.910593
-7.126007
0.1350327
-10.91844
2.350105
-12.36736
3.365225
-13.11479
3.938126
-13.56537
4.296764
-13.85704
4.539687
-14.0609
4.709911
-14.20465
4.834678
-14.31278
4.926439
-14.39139
4.99663
-14.45336
5.048811
-14.498
5.089737
-14.53465
5.11948
-14.55963
5.143066
-14.58069
5.159185
-14.59366
5.172215
-14.60526
5.180511
-14.61147
5.187645
-14.61884
5.192764
-14.62375
5.201378
-14.63593
5.214722
-14.65468
5.245363
-14.70146
5.315969
-14.81618
5.515242
-15.18633
6.296726
-17.31163
17.10033
143.2162
16.99671
-17.21171
6.171299
-15.02911
5.324453
-14.592
5.058809
-14.41119
4.924099
-14.3084
4.853413
-14.27729
4.889572
-14.47659
5.704887
75.0959
2.543602
-12.54935
3.205299
-12.56979
2.991406
-12.19763
2.467149
-11.48685
1.492451
-10.10382
-0.5950656
-6.591269
-7.793047
102.3803
46.84642
-28.15762
13.08944
-20.06532
9.23082
-17.70996
7.561279
-16.38535
6.399055
-15.2532
5.1626
-13.71985
2.926529
-9.408073
54.35073
48.80172
21.27431
-23.21255
11.45102
-19.71208
9.574799
-18.51834
8.732745
-17.88382
8.230152
-17.46043
7.834932
-17.0136
7.065677
-13.80641
276.2628
-11.76032
5.822847
-15.90116
6.683525
-16.19107
6.791399
-16.22206
6.781475
-16.19053
6.740583
-16.14347
6.686234
-16.0846
6.627562
-16.02516
6.563998
-15.95848
6.497461
-15.8902
6.424278
-15.81277
6.345123
-15.73046
6.25453
-15.63222
6.150545
-15.5197
6.024499
-15.37838
5.867819
-15.20101
5.661182
-14.95836
5.374222
-14.6098
4.936676
-14.04471
4.180513
-12.97275
2.531044
-10.1065
-3.704313
14.82843
69.25209
22.84478
8.598938
-18.63911
8.949219
-18.07122
8.379799
-17.58517
7.967241
-17.23027
7.657852
-16.95358
7.39909
-16.70659
7.160532
-16.46885
6.913755
-16.20657
6.631615
-15.89273
6.269257
-15.46385
5.747846
-14.80398
4.871197
-13.57229
3.00108
