0.6215524
0.4714701
0.4714565
0.470695
0.4698797
0.3819389
0.3819386
0.3819289
0.3819288
0.3819155
0.3819154
0.3819146
0.3819145
0.3819089
0.3819088
0.3818931
0.3810095
0.3804026
0.3801413
0.3798368
0.3735888
0.3729705
0.3725088
0.2958774
0.2957972
0.2955652
0.2953553
0.2574992
0.2571489
0.2532736
0.2526743
0.2479974
0.2476158
0.1812831
0.1760448
0.1760346
0.1256207
0.1255352
0.1370705
0.2044177
0.2043687
0.2042893
0.2038195
0.1620046
0.1620027
0.161722
0.1546978
0.1546912
0.1932496
0.193146
0.1930779
0.1543967
0.1929796
0.1538135
0.153767
0.1537067
0.1227212
0.1227142
0.1533054
0.1531533
0.1224985
0.1530947
0.1177543
0.1470725
0.1176569
0.14707
0.1470272
0.1175922
0.1469556
0.1468729
0.1171162
0.1170868
0.1463098
0.1462518
0.1461999
0.1168752
0.1167885
0.1167639
0.1166957
0.1162816
0.116268
0.09001826
0.08997295
0.112461
0.1124372
0.08987852
0.0898267
0.1119049
0.1119017
0.111725
0.08898833
0.1111762
0.1111696
0.08886497
0.0888133
0.08821218
0.08820609
0.08806929
0.08630235
0.08626871
0.08621719
0.08539212
0.08534414
0.0677986
0.06778771
0.08470816
0.08470629
0.08470559
0.06770028
0.06530034
0.06519517
0.07929934
0.07925758
0.1510082
0.1509245
0.1506362
0.1201858
0.1201595
0.1201226
0.06140274
0.0767241
0.07672128
0.06135716
0.1167252
0.1167068
0.05967166
0.05961182
0.05952881
0.05874089
0.05873558
0.04637444
0.05794899
0.05794049
0.04632346
0.09031597
0.04569069
0.04567582
0.05709326
0.05706013
0.1106376
0.1106374
0.1106346
0.1106346
0.1106326
0.1105721
0.1105482
0.08812497
0.08811691
0.04510757
0.08807727
0.04508787
0.08801346
0.04447678
0.04447093
0.04420054
0.04417448
0.08598054
0.08592416
0.03448889
0.04309886
0.04308362
0.03444363
0.06685493
0.03366981
0.03363378
0.08179558
0.08176289
0.1002041
0.1002036
0.07987931
0.07986364
0.07981239
0.09803937
0.09803048
0.07816539
0.07814878
0.03965223
0.07665589
0.07659768
0.06115157
0.06114179
0.03108858
0.0388511
0.03884258
0.03106526
0.07533341
0.06025892
0.07529131
0.06022703
0.07528095
0.06020677
0.06007827
0.06004784
0.05994681
0.05992393
0.0477781
0.04777699
0.03048437
0.07389151
0.07387889
0.05893489
0.05887951
0.04687865
0.04683433
0.02993982
0.05792042
0.05791045
0.04622003
0.04619667
0.0461572
0.02352466
0.02350704
0.04561629
0.04559661
0.04556392
0.04540452
0.04532738
0.02319703
0.02899001
0.02898527
0.02318499
0.03620147
0.0361829
0.02311449
0.02310046
0.0446005
0.04454583
0.03558924
0.03557679
0.08604796
0.0686585
0.02233035
0.02232307
0.03484544
0.06774546
0.06762851
0.05405942
0.0345847
0.05403699
0.03456191
0.0175864
0.01758557
0.02197859
0.02197278
0.034298
0.03428569
0.05336669
0.08334748
0.05327349
0.05325809
0.06651448
0.06649485
0.03401969
0.05314978
0.05313915
0.01731735
0.02692819
0.04205635
0.02690935
0.04204199
0.06568377
0.06567058
0.06557681
0.05242182
0.05240486
0.04189
0.04184997
0.04176269
0.04175396
0.02663521
0.02659324
0.02653247
0.05178965
0.05176561
0.0517042
0.05169119
0.02645288
0.02644185
0.05159108
0.05157227
0.03293226
0.02625268
0.02625103
0.04084858
0.04083417
0.04069631
0.02083601
0.04069254
0.04057902
0.04055945
0.02064381
0.02062579
0.04012764
0.04012616
0.03202471
0.02036469
0.02028686
0.02028109
0.03167767
0.03167028
0.02521314
0.03129677
0.01602009
0.02002186
0.0390745
0.03907182
0.02488769
0.03108399
0.02472253
0.03086731
0.0308574
0.02455852
0.01943209
0.03031734
0.03029032
0.0241196
0.01919888
0.01919401
0.02396728
0.02396146
0.01912224
0.01901969
0.02362139
0.01206114
0.01205303
0.0150641
0.01501186
0.01868523
0.05696045
0.0711905
0.07116941
0.05693342
0.07115648
0.07113913
0.07108772
0.04548659
0.05685032
0.05684635
0.01191702
0.01487777
0.01486348
0.01484368
0.04501536
0.0562616
0.05624404
0.01471405
0.01470488
0.02292149
0.02291586
0.03567112
0.0356696
0.05571826
0.05571578
0.04449804
0.03556953
0.04445596
0.03555539
0.04443396
0.01814332
0.01814274
0.04411878
0.04410938
0.04405667
0.03523583
0.03523513
0.02809801
0.03492518
0.03490369
0.03489286
0.03482983
0.01777718
0.01137251
0.01776867
0.01776348
0.02766576
0.05402412
0.05400796
0.04314994
0.04314423
0.0344877
0.01763453
0.01763388
0.027528
0.01408036
0.01407969
0.02749347
0.04274753
0.03419383
0.0273066
0.01396945
0.02181255
0.02180686
0.01742445
0.0174209
0.0339051
0.02712105
0.05293657
0.04228368
0.04228352
0.0338177
0.02705145
0.0270467
0.05242864
0.05240219
0.04190437
0.0419007
0.02144478
0.04187916
0.0418639
0.02143366
0.02678245
0.04184513
0.02676728
0.01370175
0.01369775
0.02139504
0.02138937
0.01366645
0.01366326
0.02133744
0.03324751
0.04151051
0.04150211
0.02123236
0.03316541
0.03316388
0.02120868
0.0108325
0.03294028
0.03293874
0.04115883
0.04115882
0.04115799
0.04114929
0.01077702
0.03286026
0.03285796
0.02624187
0.02623954
0.02094618
0.02094379
0.01672255
0.01069788
0.01671468
0.01669141
0.01067943
0.01668613
0.01067822
0.02606086
0.02084675
0.02082992
0.02600562
0.02600502
0.01661222
0.0165998
0.04044843
0.04044737
0.03231299
0.01642776
0.04009393
0.04008815
0.03204849
0.03203128
0.01639841
0.03202631
0.01639386
0.01048558
0.02559356
0.03986436
0.01632321
0.01303312
0.02544577
0.03177259
0.0317602
0.03969553
0.02538857
0.02538802
0.0395598
0.02523062
0.02522875
0.02014392
0.01289144
0.02517392
0.0251631
0.03142744
0.02010658
0.0160559
0.02006775
0.01604938
0.02005496
0.02004606
0.01281502
0.01281229
0.01997682
0.01994042
0.01988998
0.01988338
0.01579455
0.01575438
0.01006367
0.01964977
0.01964068
0.01254073
0.01253848
0.01253064
0.0156294
0.01561709
0.01949448
0.01947726
0.01246228
0.01244825
0.01548557
0.01548482
0.01234596
0.01234001
0.01542224
0.01541973
0.0153668
0.01536584
0.009831444
0.0122711
0.01226948
0.01530469
0.009752887
0.01904169
0.009723974
0.01519331
0.01518675
0.01213163
0.04624095
0.009658699
0.00960267
0.02914639
0.02317173
0.02316561
0.0118291
0.01182452
0.02309457
0.02309183
0.01181187
0.03594337
0.02872259
0.01834796
0.01172977
0.01172823
0.02853613
0.02850639
0.02850006
0.03544362
0.03543048
0.02832411
0.02832133
0.02265138
0.02261986
0.02259611
0.0115549
0.02814521
0.01799876
0.01799407
0.009197546
0.01788864
0.02794634
0.02794327
0.009136651
0.01782624
0.01782081
0.02777448
0.01421819
0.02775617
0.02220071
0.009089138
0.01773714
0.01416918
0.0220936
0.02205584
0.01127837
0.02744534
0.01751046
0.01117486
0.02180423
0.0139472
0.01394623
0.02179051
0.01734829
0.01734678
0.02710172
0.02710123
0.0173196
0.01731042
0.01379439
0.03366028
0.03365589
0.02153459
0.01720618
0.01720282
0.01375399
0.01372817
0.01713577
0.02674841
0.01710822
0.02128617
0.02127886
0.02645033
0.03305585
0.02114039
0.02641972
0.01352342
0.02641248
0.02102399
0.02627438
0.01073412
0.01341306
0.01073022
0.01341072
0.01070998
0.01673378
0.01672564
0.01070415
0.01069873
0.01069583
0.01670813
0.02088072
0.01669389
0.008538342
0.0106693
0.01066873
0.02599186
0.02598584
0.01660853
0.00849951
0.0132753
0.01327207
0.04037019
0.04035836
0.010577
0.03226704
0.010573
0.03226323
0.00842557
0.01642578
0.01642536
0.01050445
0.008391385
0.01310564
0.01633108
0.01633092
0.02551602
0.01305385
0.01043041
0.01042178
0.008301494
0.01292929
0.008265793
0.01289247
0.008212536
0.008178012
0.008155663
0.01019262
0.03110114
0.03109395
0.03108961
0.03108938
0.02486035
0.02485738
0.02485089
0.02484919
0.008126552
0.03092772
0.02472982
0.02472426
0.02472174
0.0247207
0.01010368
0.01010292
0.01969474
0.01968949
0.02460254
0.02460005
0.01966801
0.01959428
0.01956796
0.01956661
0.01563906
0.0156379
0.01556045
0.01555852
0.007962976
0.009950765
0.02401583
0.02401582
0.02401575
0.0240157
0.0240156
0.02401559
0.02401293
0.02400787
0.01919736
0.01919392
0.01534569
0.007845926
0.02389924
0.0238979
0.01911023
0.01910457
0.01910097
0.01219141
0.01218108
0.01522394
0.01901845
0.01216393
0.01520482
0.01520465
0.01215264
0.0121332
0.01515142
0.01513244
0.01512076
0.01209473
0.01203807
0.01203541
0.01188249
0.01856438
0.01856182
0.01187555
0.02312256
0.0184847
0.01848191
0.009444163
0.009440741
0.009401863
0.009399608
0.01466796
0.0146507
0.01465024
0.007480622
0.02281429
0.0228082
0.007447759
0.007424657
0.01447577
0.014472
0.01445915
0.007399107
0.01440938
0.01440615
0.01437003
0.02242178
0.01792523
0.01786598
0.01785415
0.009130865
0.009119021
0.01422697
0.01777451
0.01777134
0.0142151
0.01421365
0.01134008
0.01770419
0.01132767
0.01132256
0.014113
0.01410961
0.009024654
0.009024229
0.01409761
0.009017603
0.009015393
0.009006143
0.01403103
0.01122311
0.0112176
0.007163657
0.02185842
0.00714829
0.01743089
0.01742537
0.01393572
0.008915159
0.007092079
0.008861963
0.017292
0.01382497
0.0138077
0.01380686
0.008803895
0.01100335
0.01100329
0.01099214
0.0109903
0.01098165
0.01098135
0.007009034
0.00875996
0.008758911
0.008735634
0.01084599
0.01084527
0.01082417
0.008644364
0.008643809
0.0069027
0.008627096
0.01681925
0.01681875
0.008565345
0.006851225
0.006827322
0.01063479
0.01063325
0.02072774
0.02072516
0.01057664
0.01056653
0.008441036
0.008439595
0.01640594
0.01042679
0.0104171
0.01041217
0.01037926
0.01037898
0.008299009
0.008298127
0.006622671
0.02501309
0.0250092
0.01999965
0.01999719
0.01993639
0.006521084
0.01590231
0.01564213
0.01955188
0.01955074
0.01563809
0.01563341
0.01948879
0.01948525
0.01246945
0.01558619
0.01558302
0.01558172
0.01246426
0.01943219
0.01942919
0.01243402
0.01553801
0.01553625
0.01553534
0.01242613
0.0155306
0.01242348
0.0123944
0.01239301
0.01238396
0.007921196
0.009901101
0.00791832
0.0123486
0.009869837
0.00984523
0.009844379
0.007851507
0.009814005
0.009788962
0.00976061
0.01219613
0.009755256
0.01219089
0.00623403
0.007787598
0.007787243
0.01520931
0.0152074
0.01216147
0.01216109
0.007781005
0.007779111
0.01212981
0.00970294
0.01212667
0.01212429
0.009695121
0.009692819
0.006202353
0.01512027
0.01511995
0.01511852
0.006191619
0.01208995
0.009667933
0.009666879
0.00964648
0.006172951
0.0120486
0.009638837
0.00963792
0.01204609
0.00770659
0.007705532
0.0120148
0.006146586
0.007648116
0.007642291
0.007619923
0.007619672
0.006092282
0.006079724
0.006070307
0.006062095
0.007573935
0.007573114
0.006052765
0.006042736
0.01177382
0.01177253
0.006025907
0.01463407
0.009313873
0.009313396
0.01455171
0.01454729
0.007420787
0.00926202
0.009257465
0.00925522
0.009253015
0.007379812
0.007377362
0.01142262
0.01141989
0.009111091
0.01136132
0.00908519
0.007266694
0.009062627
0.009061929
0.01132717
0.01132625
0.005764468
0.00720489
0.01117963
0.01117882
0.005722391
0.007135358
0.008912739
0.005686127
0.01095511
0.01095295
0.005602016
0.008745111
0.01090465
0.0109035
0.01356293
0.006940858
0.01082146
0.00865558
0.008638878
0.008635999
0.008635329
0.008633355
0.006889882
0.006887735
0.006862194
0.006861625
0.006857845
0.005470791
0.008517259
0.008512347
0.008493711
0.005422682
0.006776984
0.00677652
0.01057028
0.006748242
0.006746601
0.01632825
0.01632629
0.0130579
0.01305662
0.00834331
0.008341501
0.005316182
0.006613928
0.006613825
0.005277839
0.01286096
0.01028518
0.0102831
0.01283286
0.01026413
0.01026272
0.008195697
0.008190983
0.008177948
0.008177722
0.006535882
0.01275293
0.00522321
0.01275144
0.01019894
0.01019771
0.006521816
0.006521198
0.006499039
0.00648609
0.006485718
0.006482752
0.005170437
0.005159553
0.01005216
0.01005054
0.008039013
0.01003115
0.008023362
0.008022692
0.008022299
0.008021309
0.00640698
0.006403508
0.006400821
0.006393794
0.006393617
0.006390265
0.005110174
0.006387338
0.009972157
0.009971364
0.007975019
0.005099639
0.005080777
0.007858747
0.007857138
0.007844074
0.006264367
0.009787501
0.007827526
0.007826027
0.007813027
0.007801618
0.006236409
0.004977462
0.00496959
0.00769579
0.006154818
0.006154703
0.006143794
0.006143358
0.006131374
0.006131064
0.004904389
0.00488586
0.007564601
0.004797912
0.007483482
0.005971039
0.004771061
0.004763066
0.004753984
0.007388849
0.00589181
0.004686484
0.004678105
0.005840587
0.005837923
0.007288266
0.004638452
0.004608617
0.004601397
0.005733493
0.004585602
0.00457844
0.01103245
0.01103124
0.01103064
0.008823688
0.008810393
0.005638531
0.005630061
0.005629451
0.006980751
0.006979394
0.006970464
0.006970422
0.006969768
0.004455239
0.005568724
0.005567794
0.00695953
0.006958537
0.00556641
0.005560014
0.005557711
0.00444483
0.004437909
0.008648586
0.008647841
0.004427119
0.006917239
0.006917163
0.004425464
0.006845186
0.005474863
0.005474216
0.006834883
0.005467101
0.005466593
0.00546614
0.006832467
0.004367918
0.005458863
0.00545816
0.004366183
0.006786074
0.005427534
0.004320648
0.005400713
0.006732642
0.004307406
0.005377476
0.004296495
0.005370485
0.004294835
0.004289534
0.004222479
0.005235206
0.004187243
0.006499699
0.006498725
0.005191979
0.004130265
0.005108677
0.007638757
0.006109831
0.006052872
0.00484138
0.003869388
0.004836014
0.003868177
0.003863612
0.003846687
0.003828827
