2.503527
-0.9474344
2.511946
-0.9556942
2.520142
-0.9642277
2.528912
-0.9728451
2.537483
-0.9817238
2.546616
-0.9907532
2.555664
-1.000153
2.565332
-1.009727
2.574785
-1.019611
2.58502
-1.029746
2.595133
-1.040174
2.606103
-1.051132
2.61691
-1.062397
2.628608
-1.074065
2.640342
-1.086319
2.653015
-1.099014
2.665833
-1.1124
2.679703
-1.126404
2.693943
-1.141254
2.709442
-1.156906
2.725365
-1.173664
2.742872
-1.191511
2.761203
-1.210839
2.781461
-1.231638
2.802936
-1.254443
2.827026
-1.279508
2.853209
-1.307259
2.882992
-1.33866
2.916024
-1.37424
2.954459
-1.415294
2.998674
-1.46369
3.051707
-1.521605
3.115539
-1.593029
3.195969
-1.683752
3.299553
-1.804115
3.441092
-1.972336
3.645298
-2.226827
3.971437
-2.659453
4.574578
-3.561115
6.069676
-6.527714
15.02715
84.28705
-10.40111
90.66672
2.10308
0.153461
1.435895
0.01082325
1.663225
-0.2035472
1.850007
-0.3637066
1.987564
-0.4826546
2.09139
-0.5739565
2.172325
-0.6464539
2.237764
-0.705771
2.291836
-0.7554903
2.33791
-0.7980003
2.377407
-0.8351479
2.412395
-0.8680038
2.443329
-0.897522
2.471542
-0.9242706
2.497044
-0.9488544
2.520804
-0.9715576
2.542503
-0.9927673
2.563255
-1.012717
2.582445
-1.031546
2.600971
-1.049465
2.618355
-1.066644
2.635307
-1.083104
2.651278
-1.098975
2.667076
-1.114352
2.682107
-1.129316
2.697001
-1.143849
2.711201
-1.15807
2.725471
-1.172004
2.739104
-1.185748
2.752858
-1.199182
2.766087
-1.212518
2.779478
-1.225621
2.792296
-1.238528
2.805476
-1.251518
2.81808
-1.264272
2.831021
-1.276947
2.843513
-1.289627
2.856309
-1.302202
2.868661
-1.31474
2.881364
-1.327276
2.893752
-1.339821
2.906433
-1.352332
2.918786
-1.364832
2.931494
-1.377368
2.943877
-1.38999
2.956672
-1.402576
2.969118
-1.415258
2.981986
-1.427941
2.994494
-1.440633
3.007563
-1.453639
3.020198
-1.466501
3.033376
-1.479495
3.04622
-1.492648
3.0596
-1.505802
3.072615
-1.519119
3.086189
-1.532542
3.099494
-1.546155
3.113305
-1.55988
3.126858
-1.573563
3.140944
-1.587496
3.1548
-1.601657
3.169174
-1.615931
3.183319
-1.630393
3.198069
-1.64501
3.212527
-1.659711
3.227722
-1.674888
3.24263
-1.690079
3.258183
-1.705526
3.27355
-1.721258
3.289571
-1.737143
3.305373
-1.753318
3.321906
-1.769801
3.33833
-1.786529
3.355413
-1.803528
3.372385
-1.820886
3.390072
-1.838538
3.407731
-1.856596
3.426148
-1.874962
3.444499
-1.893766
3.463692
-1.912931
3.482847
-1.932454
3.502938
-1.952653
3.523031
-1.97319
3.544076
-1.994288
3.565236
-2.01596
3.58737
-2.038158
3.609654
-2.060981
3.63301
-2.084512
3.656712
-2.108753
3.681528
-2.133709
3.706715
-2.15951
3.733165
-2.186214
3.760134
-2.213901
3.788498
-2.242582
3.817523
-2.272389
3.848152
-2.303412
3.879547
-2.335562
3.912864
-2.369615
3.947227
-2.40495
3.983705
-2.442101
4.021579
-2.481211
4.06192
-2.522438
4.104061
-2.566002
4.14914
-2.612278
4.196702
-2.661562
4.247828
-2.714176
4.302116
-2.770649
4.360906
-2.831493
4.424012
-2.897443
4.492935
-2.969161
4.567727
-3.047754
4.650343
-3.13432
4.741227
-3.230272
4.843106
-3.338131
4.957165
-3.459748
5.087184
-3.598688
5.236186
-3.759475
5.410125
-3.947998
5.61545
-4.1731
5.863423
-4.447401
6.168822
-4.790413
6.557096
-5.233065
7.066792
-5.827824
7.771109
-6.674857
8.810647
-7.98305
10.50878
-10.2802
13.79886
-15.40484
22.96416
-37.14294
191.1335
53.99727
-20.74731
13.49566
-7.794194
6.946315
-3.809551
4.257349
-1.868826
2.787848
-0.7154999
1.857864
0.05066299
1.214333
0.5996876
0.7404232
1.013157
0.3756943
1.337977
0.08485031
1.599868
-0.1531448
1.817477
-0.3525419
2.000919
-0.5225411
2.159293
-0.6700449
2.296865
-0.7994804
2.419075
-0.91465
2.527897
-1.018349
2.626474
-1.111837
2.715743
-1.197487
2.798265
-1.276571
2.874022
-1.349814
2.945075
-1.418256
3.010962
-1.482383
3.073563
-1.543063
3.132306
-1.600448
3.188588
-1.655255
3.241811
-1.707464
3.293317
-1.757752
3.342314
-1.806111
3.390186
-1.852963
3.435926
-1.898269
3.480929
-1.94242
3.524182
-1.985287
3.567032
-2.027489
3.608293
-2.068592
3.649391
-2.109111
3.689243
-2.14888
3.729052
-2.188221
3.767738
-2.226887
3.806566
-2.265337
3.844491
-2.303301
3.882703
-2.341133
3.920094
-2.378593
3.95777
-2.415998
3.994819
-2.453267
4.03232
-2.49053
4.06922
-2.527648
4.106708
-2.564928
4.143655
-2.602048
4.181348
-2.639652
4.2185
-2.677107
4.256423
-2.714907
4.294007
-2.752861
4.332433
-2.791185
4.370502
-2.829623
4.409511
-2.868615
4.448349
-2.907889
4.488176
-2.947833
4.52783
-2.987707
4.568488
-3.028451
4.609174
-3.069692
4.651018
-3.111589
4.692848
-3.153969
4.73596
-3.197203
4.779151
-3.240871
4.823854
-3.285837
4.868558
-3.331235
4.91487
-3.377797
4.961523
-3.425176
5.009741
-3.4737
5.058437
-3.523183
5.108862
-3.574044
5.159994
-3.626036
5.213105
-3.679522
5.266901
-3.734303
5.322796
-3.790812
5.379787
-3.848892
5.439148
-3.908961
5.499775
-3.970832
5.56305
-4.034972
5.627953
-4.10126
5.69593
-4.170339
5.765826
-4.241785
5.839234
-4.316524
5.915136
-4.394342
5.995057
-4.475886
6.07809
-4.561108
6.16585
-4.650964
6.257696
-4.745439
6.355191
-4.845465
6.457815
-4.951324
6.567281
-5.064116
6.683434
-5.184457
6.808337
-5.313681
6.941966
-5.452679
7.08688
-5.603307
7.243574
-5.767036
7.415431
-5.94699
7.603567
-6.144937
7.81263
-6.365442
8.045465
-6.612651
8.308616
-6.892982
8.608006
-7.214336
8.954299
-7.588338
9.359692
-8.030299
9.844078
-8.563428
10.43456
-9.221842
11.17436
-10.06016
12.13356
-11.17042
13.43532
-12.72
15.31443
-15.05125
18.28926
-18.98807
23.76268
-27.15085
37.34162
-54.70615
131.8949
262.7845
-57.8124
31.88545
-19.36355
15.01107
-9.739093
8.743923
-5.309355
5.427928
-2.717562
3.332924
-0.9763365
1.848317
0.3201818
0.6907043
1.377187
-0.3011379
2.338036
-1.265495
3.350647
-2.396893
4.724786
-4.272481
7.798971
-11.51665
160.5028
10.95973
-2.92392
2.342453
0.3307343
0.5244598
1.538736
-0.3637218
2.235085
-0.9344568
2.718862
-1.355662
3.09241
-1.691447
3.397964
-1.973137
3.659923
-2.217779
3.889664
-2.435456
4.096972
-2.632914
4.28549
-2.814388
4.460953
-2.983621
4.624338
-3.142577
4.77947
-3.293395
4.926096
-3.437118
5.067442
-3.575578
5.202808
-3.708608
5.334581
-3.838475
5.461914
-3.964417
5.587037
-4.087959
5.708871
-4.209035
5.82949
-4.328505
5.947504
-4.446043
6.065056
-4.56288
6.180819
-4.678454
6.296663
-4.793809
6.411083
-4.908187
6.526149
-5.023032
6.640334
-5.13752
6.755527
-5.252618
6.870081
-5.36763
6.986049
-5.483758
7.101748
-5.599806
7.219364
-5.717936
7.336923
-5.836079
7.456445
-5.956063
7.576399
-6.076962
7.698708
-6.199826
7.821538
-6.323642
7.94699
-6.449881
8.073477
-6.5775
8.202792
-6.70769
8.333237
-6.839317
8.466911
-6.974038
8.602074
-7.110717
8.740703
-7.250551
8.881126
-7.392462
9.025322
-7.538044
9.17153
-7.685678
9.32206
-7.838111
9.474909
-7.992678
9.632235
-8.151703
9.792358
-8.314018
9.957417
-8.480984
10.12559
-8.651393
10.2991
-8.827147
10.47632
-9.006924
10.65934
-9.192383
10.84639
-9.38176
11.03971
-9.57793
11.23781
-9.779133
11.44283
-9.98715
11.65304
-10.20066
11.8709
-10.42192
12.09456
-10.64888
12.3268
-10.88541
12.56572
-11.12817
12.81372
-11.3805
13.06952
-11.64094
13.33553
-11.91166
13.61009
-12.1913
13.89603
-12.48268
14.19192
-12.78439
14.50076
-13.09907
14.82031
-13.42513
15.15439
-13.76626
15.50141
-14.1207
15.86461
-14.49179
16.24262
-14.87814
16.63889
-15.28354
17.05216
-15.70638
17.48693
-16.15184
17.94142
-16.61709
18.41991
-17.10792
18.92195
-17.62306
19.45194
-18.16747
20.00955
-18.74015
20.59987
-19.34751
21.22328
-19.98906
21.88549
-20.67132
22.58697
-21.3943
23.33474
-22.16667
24.1308
-22.98926
24.98288
-23.8712
25.89412
-24.81477
26.87413
-25.83178
27.92789
-26.92538
29.06788
-28.11324
30.30165
-29.39802
31.64468
-30.80139
33.10942
-32.33382
34.717
-34.02083
36.48592
-35.87984
38.44614
-37.94775
40.62727
-40.25431
43.07411
-42.85259
45.83434
-45.79264
48.97857
-49.16073
52.59059
-53.04813
56.79089
-57.59953
61.7346
-62.99346
67.65093
-69.51212
74.86578
-77.55016
83.89714
-87.78465
95.61821
-101.4387
112.0149
-122.7883
177.6161
-131.6546
154.7425
-175.8022
205.9044
-243.0929
301.0876
-389.9615
560.6749
-990.7988
4440.45
1770.415
-732.363
460.8881
-332.9803
261.3918
-211.5161
177.0143
-57.86861
145.0699
-124.9261
112.9244
-100.3978
92.77637
-83.34508
78.06723
-70.47531
66.66241
-60.24825
57.39274
-51.77613
49.57593
-44.48864
42.71991
-37.98753
36.49636
-31.96138
30.60231
-26.14165
24.78695
-20.25138
18.74199
-13.96539
12.09973
-6.817013
4.26284
1.948382
-5.778257
13.77391
-20.15173
31.91683
-44.19536
65.92361
-96.99052
161.4355
-335.0645
3758.627
488.1218
-244.7643
171.3635
-133.0977
112.7682
-96.59781
87.67282
-78.18336
73.5179
-66.91644
64.30698
-59.22348
57.76273
-53.57559
52.83009
-49.22031
48.94805
-45.7326
45.79448
-42.86356
43.16662
-40.44721
40.93714
-38.38011
39.01246
-36.58264
37.3312
-35.00512
35.84424
-33.60265
34.52021
-32.34858
33.32671
-31.21646
32.25385
-30.19172
31.27335
-29.25511
30.37925
-28.39885
29.5571
-27.60949
28.80049
-26.88263
28.09944
-26.2076
27.45077
-25.58239
26.84648
-24.99879
26.28441
-24.45615
25.75772
-23.94693
25.26687
-23.47187
24.80563
-23.02469
24.37403
-22.60695
23.96716
-22.21224
23.58581
-21.84248
23.2245
-21.49252
22.88795
-21.165
22.56773
-20.85416
22.2677
-20.563
21.98359
-20.28653
21.71681
-20.02799
21.464
-19.78211
21.22696
-19.55229
21.0025
-19.3343
20.79279
-19.13108
20.59336
-18.93781
20.40798
-18.75842
20.23286
-18.58836
20.07008
-18.43167
19.91681
-18.2832
19.77504
-18.14683
19.64151
-18.01855
19.52073
-17.90238
19.40724
-17.79332
19.30473
-17.69587
19.21044
-17.60547
19.12637
-17.52666
19.05021
-17.45436
18.98421
-17.39343
18.92618
-17.33904
18.87815
-17.29675
18.83792
-17.26037
18.80828
-17.23578
18.78667
-17.2179
18.77554
-17.21252
18.77275
-17.21371
18.78068
-17.22747
18.79712
-17.24842
18.82594
-17.28302
18.86343
-17.32531
18.91345
-17.38178
18.97388
-17.44713
19.0476
-17.52809
19.13275
-17.61877
19.23232
-17.72623
19.3451
-17.84532
19.47428
-17.98364
19.61794
-18.13493
19.78074
-18.30791
19.96111
-18.49695
20.16324
-18.71157
20.38659
-18.94543
20.63544
-19.20886
20.90984
-19.49698
21.21701
-19.82162
21.55584
-20.17752
21.93457
-20.57865
22.35539
-21.02187
22.82782
-21.52399
23.35677
-22.08343
23.95487
-22.72197
24.63232
-23.44347
25.40863
-24.27836
26.30161
-25.23886
27.34436
-26.37164
28.57329
-27.71186
30.04942
-29.34277
31.85286
-31.35158
34.11556
-33.91721
37.04239
-37.29414
40.99767
-41.98708
46.64635
-48.92788
55.3992
-60.28948
70.69272
-81.90759
103.3513
-136.0729
207.3299
-397.6195
1635.408
3016.381
2061.126
-246.0987
91.44568
-47.11189
32.51689
-23.97442
22.42395
-19.63485
20.96112
-19.74241
22.00771
-21.40312
24.10458
-23.84039
26.8453
-26.87669
30.18507
-30.54472
34.23722
-35.04789
39.26673
-40.71709
45.73636
-48.18587
54.46587
-58.54758
67.0271
-74.12436
86.86404
-100.2999
123.1152
-153.8332
209.6209
-306.6948
4021.388
1277.533
-406.4704
239.3515
-167.1625
130.0182
-104.0567
88.81611
-75.016
67.23579
-58.31794
53.92345
-47.46449
44.90641
-39.83945
38.37037
-34.18407
33.43195
-29.82097
29.54892
-26.3517
26.43066
-23.52572
23.85593
-21.17834
21.70843
-19.19809
19.8758
-17.50386
18.30576
-16.03834
16.93409
-14.75819
15.73724
-13.62966
14.67237
-12.62844
13.72921
-11.73367
12.87828
-10.92907
12.1171
-10.20238
11.42218
-9.541809
10.79429
-8.939906
10.21581
-8.387968
9.689897
-7.881023
9.201174
-7.413582
8.753544
-6.981009
8.334872
-6.579453
7.949774
-6.206046
7.587173
-5.857063
7.251534
-5.530725
6.933607
-5.224502
6.638734
-4.936302
6.357502
-4.664645
6.094769
-4.407689
5.842871
-4.163733
5.606785
-3.931938
5.378619
-3.709996
5.162938
-3.497609
4.952821
-3.292017
4.752385
-3.09307
4.554462
-2.898245
4.362253
-2.705763
4.168425
-2.512478
3.974885
-2.314981
3.771632
-2.106526
3.555902
-1.877638
3.309596
-1.609941
3.01111
-1.263702
2.593328
-0.7345812
1.871027
0.3685039
-0.1531664
5.984903
62.8809
-8.132439
6.684161
-4.017311
4.986363
-3.049474
4.341094
-2.578176
3.975689
-2.279789
3.723292
-2.062217
3.532143
-1.89015
3.374723
-1.74624
3.242453
-1.622119
3.124752
-1.511571
3.020886
-1.411951
2.924452
-1.320675
2.838158
-1.236293
2.756042
-1.157739
2.680764
-1.084264
2.608562
-1.014847
2.542039
-0.9496311
2.47754
-0.887339
2.417722
-0.8284612
2.359359
-0.771965
2.305237
-0.7183867
2.252059
-0.6669233
2.202448
-0.6178648
2.153591
-0.5706358
2.10817
-0.5255952
2.063213
-0.4819531
2.021237
-0.4402919
1.979592
-0.3999882
1.9409
-0.361413
1.902321
-0.324049
1.866264
-0.2882576
1.83033
-0.2534304
1.796926
-0.2202435
1.763498
-0.1877832
1.732286
-0.1569064
1.701077
-0.1264319
1.672176
-0.09744811
1.643036
-0.06920588
1.615852
-0.04211819
1.58851
-0.01567554
1.563218
0.00959301
1.537657
0.03437984
1.513901
0.05815846
1.489844
0.08136982
1.467803
0.103593
1.44532
0.1253223
1.424462
0.1462205
1.4033
0.1666532
1.383793
0.1861049
1.363944
0.2053386
1.345644
0.2236193
1.326924
0.2417795
1.30986
0.259077
1.292342
0.276015
1.27614
0.2922338
1.259587
0.3081935
1.244496
0.3233431
1.228997
0.3383908
1.214761
0.3527775
1.2001
0.3673592
1.186665
0.3801993
1.172962
0.3934875
1.160364
0.4061604
1.147369
0.4186713
1.135597
0.4304635
1.12339
0.4422705
1.112349
0.4533038
1.100861
0.4645608
1.090521
0.4750068
1.07972
0.4853623
1.069931
0.4952545
1.059739
0.5050526
1.050598
0.514171
1.041046
0.5234427
1.032449
0.5321439
1.023304
0.5408207
1.01547
0.5489407
1.00705
0.5569925
0.9994278
0.5646155
0.9914913
0.5722499
0.9844567
0.5793065
0.9770167
0.5864743
0.9705049
0.5933778
0.9633656
0.5998555
0.957269
0.6060969
0.9507706
0.6123481
0.9449839
0.6181831
0.9388376
0.6240531
0.933513
0.6294136
0.9277766
0.6348912
0.9228234
0.639981
0.9174102
0.6450304
0.9128819
0.6497306
0.9079195
0.654442
0.9036099
0.6588209
0.8989412
0.6632354
0.8949963
0.6671667
0.8906902
0.6712639
0.8870521
0.6748602
0.8830452
0.6787626
0.8797941
0.6821834
0.8761328
0.6856574
0.8730242
0.6887807
0.8696144
0.6919891
0.866859
0.6947817
0.8637133
0.6977384
0.8612013
0.7003372
0.8582816
0.7030425
0.8561201
0.7053471
0.8535309
0.7077389
0.8514748
0.7098389
0.8490949
0.7120209
0.8472824
0.7138252
0.8451514
0.7158074
0.8435607
0.7173815
0.8416665
0.7192192
0.8403559
0.7206197
0.8387192
0.7221198
0.8375144
0.7233391
0.8360444
0.7246909
0.8350865
0.7256379
0.8337844
0.7267683
0.8329887
0.7277069
0.831977
0.7285643
0.8314071
0.7291706
0.8305793
0.7299013
0.8301125
0.7303624
0.8293833
0.7309598
0.8291428
0.7311927
0.8285991
0.7316185
0.8285269
0.7316167
0.8281883
0.7320409
0.8283336
0.7319294
0.8281572
0.731988
0.8283754
0.7318034
0.828333
0.7317268
0.8286977
0.7313313
0.8288272
0.7311188
0.8293335
0.7306343
0.8295059
0.7302896
0.8303386
0.7296374
0.8308264
0.7290841
0.8315781
0.7282689
0.8321453
0.7276549
0.8330627
0.7266569
0.8337724
0.7258784
0.8348691
0.7248083
0.8356715
0.7239609
0.8369312
0.7227265
0.8379236
0.721676
0.8392133
0.7203664
0.840304
0.719202
0.8417723
0.7177436
0.843022
0.7164532
0.8446036
0.7149021
0.8459316
0.7134709
0.8476248
0.7118016
0.8491637
0.7102152
0.8508964
0.7084601
0.852488
0.7068362
0.8543651
0.7048615
0.8560758
0.7030904
0.8580556
0.7009892
0.8599374
0.6992499
0.8620983
0.6971047
0.8640654
0.6950858
0.8662536
0.6928704
0.8682945
0.6907935
0.8706374
0.6884227
0.872787
0.6862221
0.8752689
0.6838436
0.877471
0.6814594
0.8800735
0.678915
0.8824916
0.6764648
0.8850834
0.6738441
0.8875787
0.6713505
0.8902782
0.6685297
0.8928373
0.6659271
0.8957077
0.6629795
0.8983967
0.6603559
0.9013817
0.6574193
0.9042102
0.6545423
0.9072061
0.6515142
0.9100849
0.6485946
0.9132301
0.6454164
0.9162098
0.6424297
0.919435
0.6392889
0.9225603
0.6360808
0.9258924
0.6326504
0.9291665
0.6293906
0.932551
0.6259959
0.9358571
0.622669
0.9393342
0.6190737
0.9427447
0.615647
0.9463405
0.6119797
0.9498727
0.6085193
0.9536161
0.6047543
0.9572844
0.6011121
0.9610515
0.5972782
0.9647558
0.5935512
0.968661
0.5895748
0.9724672
0.5857511
0.9765069
0.5817343
0.9803039
0.5777935
0.9845794
0.573639
0.9886408
0.5695761
0.9927744
0.5653215
0.9969416
0.5612151
1.001191
0.55683
1.005427
0.5525845
1.009847
0.5481247
1.014208
0.5438361
1.018739
0.5392208
1.023259
0.5347472
1.027819
0.5300781
1.032384
0.5255259
1.037086
0.5207378
1.041781
0.5160607
1.046593
0.5111969
1.051376
0.5064026
1.056354
0.5013789
1.061327
0.4964443
1.06634
0.4913538
1.071355
0.4863527
1.076474
0.4810827
1.081615
0.4759313
1.086912
0.4705446
1.092204
0.4653554
1.097616
0.4598782
1.103089
0.4544724
1.108538
0.4489075
1.114064
0.4433993
1.119701
0.437656
1.125333
0.4320236
1.13113
0.4261827
1.136887
0.4203887
1.142836
0.4144387
1.148809
0.4084706
1.154784
0.4023871
1.160854
0.396328
1.166992
0.3900528
1.173185
0.3838863
1.179485
0.3774128
1.185869
0.3711786
1.192344
0.3646102
1.198916
0.3580861
1.205461
0.3514152
1.212125
0.3447554
1.218851
0.3379242
1.225664
0.331111
1.232618
0.3241837
1.239575
0.3171751
1.24668
0.3098929
1.253973
0.3028197
1.261097
0.2954984
1.268456
0.2882051
1.275796
0.2806284
1.283281
0.2731193
1.290892
0.2653719
1.298629
0.2577609
1.306424
0.2498375
1.314411
0.2419351
1.322289
0.2338694
1.330431
0.2257758
1.338544
0.217482
1.346863
0.2091919
1.355258
0.2007195
1.363683
0.192212
1.372387
0.1834933
1.381221
0.1746815
1.389926
0.1657549
1.398998
0.1567918
1.407953
0.1476082
1.417175
0.1383964
1.426472
0.1289517
1.435955
0.1195344
1.445519
0.1098294
1.455347
0.1000726
1.465057
0.09013438
1.475089
0.08015227
1.485145
0.06992531
1.49546
0.05960846
1.505823
0.04914784
1.516412
0.03854513
1.52712
0.02769709
1.538077
0.01674962
1.548973
0.005629778
1.56023
-0.0055933
1.571489
-0.01707792
1.583049
-0.02864766
1.594669
-0.0404973
1.606636
-0.05237389
1.618683
-0.06457949
1.631052
-0.07692719
1.643357
-0.08944607
1.656075
-0.1021819
1.668816
-0.1151218
1.681934
-0.1282201
1.695106
-0.1415854
1.708616
-0.1551542
1.722285
-0.1689978
1.736364
-0.1830444
1.750393
-0.1972923
1.764912
-0.2117958
1.779354
-0.2266617
1.794323
-0.2416439
1.809404
-0.2569704
1.824939
-0.2724771
1.840565
-0.2883291
1.856728
-0.3044658
1.872826
-0.3208847
1.88951
-0.3375835
1.906288
-0.3546071
1.923548
-0.3719792
1.941037
-0.3896062
1.958856
-0.4073105
1.976982
-0.4261138
1.995796
-0.4448698
2.014497
-0.4639297
2.033929
-0.4833986
2.053442
-0.5033218
2.073627
-0.5236175
2.094046
-0.5443455
2.115102
-0.5654446
2.136369
-0.5870322
2.158405
-0.6091607
2.180487
-0.6316135
2.203443
-0.6546375
2.22649
-0.6782256
2.250417
-0.7022622
2.274631
-0.7267973
2.299527
-0.7520027
2.324999
-0.7776968
2.351271
-0.8041217
2.377719
-0.8311054
2.405228
-0.8586949
2.43288
-0.8869662
2.461692
-0.915966
2.490978
-0.9454505
2.521052
-0.9760942
2.551744
-1.007298
2.583621
-1.039411
2.615784
-1.072148
2.649253
-1.105873
2.683188
-1.140437
2.718408
-1.176018
2.754261
-1.21244
2.791413
-1.249971
2.829257
-1.288482
2.868644
-1.328249
2.908492
-1.368811
2.950039
-1.410775
2.992249
-1.453843
3.036136
-1.498249
3.080946
-1.543869
3.1275
-1.59083
3.175001
-1.639205
3.224452
-1.6892
3.274699
-1.740367
3.327005
-1.793302
3.380399
-1.847641
3.43584
-1.903791
3.492527
-1.961376
3.55125
-2.020893
3.611356
-2.081863
3.673607
-2.144874
3.736809
-2.209101
3.802379
-2.275265
3.868825
-2.342699
3.937307
-2.411728
4.006558
-2.48161
4.077323
-2.552458
4.148026
-2.623379
4.219373
-2.694206
4.288864
-2.762957
4.356882
-2.829024
4.420032
-2.889236
4.476806
-2.94099
4.521807
-2.977955
4.54925
-2.992525
4.546675
-2.968839
4.496118
-2.88169
4.359045
-2.67737
4.060265
-2.239007
3.4065
-1.232166
1.759913
1.768422
-5.062121
33.74119
39.29915
-17.33322
14.59129
-11.24006
11.87034
-9.779101
11.0281
-9.293289
10.77082
-9.193311
10.7865
-9.299982
10.9681
-9.545078
11.26908
-9.898119
11.67216
-10.34917
12.17023
-10.89591
12.76825
-11.54608
13.47195
-12.30904
14.30025
-13.20654
15.27262
-14.263
16.42294
-15.5172
17.79297
-17.0194
19.44696
-18.8464
21.47246
-21.10525
24.00788
-23.96645
27.25767
-27.69204
31.57376
-32.745
37.56573
-39.96671
46.43963
-51.12832
60.90269
-70.62442
88.64275
-113.32
163.2987
-281.0403
1052.852
610.5104
-236.0245
147.8898
-106.0119
84.66702
-68.32925
59.57312
-50.40245
46.11911
-39.92701
37.7297
-33.06005
32.0057
-28.21336
27.84966
-24.61266
24.70054
-21.83307
22.22829
-19.62361
20.24246
-17.82777
18.61047
-16.33933
17.24856
-15.08779
16.09402
-14.02082
15.10589
-13.10231
14.25011
-12.30407
13.50459
-11.60536
12.84749
-10.98849
12.26848
-10.44348
11.75378
-9.957338
11.29536
-9.524122
10.88481
-9.135504
10.51795
-8.78836
10.18882
-8.476631
9.894869
-8.199053
9.630873
-7.949953
9.397661
-7.731423
9.192172
-7.538532
9.013403
-7.37368
8.860909
-7.233772
8.735556
-7.122858
8.638178
-7.039258
8.571297
-6.989733
8.536657
-6.972862
8.541847
-7.001546
8.593454
-7.078314
8.701429
-7.221576
8.882302
-7.445599
9.159937
-7.785906
9.571881
-8.282541
10.17631
-9.019676
11.07126
-10.11692
12.43534
-11.82872
14.60572
-14.62579
18.29608
-19.62193
25.27362
-29.78868
40.97152
-56.05685
90.73546
-174.3135
618.733
1036.091
-523.0087
865.8683
788.7423
-189.1208
94.47754
-57.08292
40.99394
-29.34444
24.56898
-18.75737
17.31506
-13.55239
13.44873
-10.60073
11.13672
-8.749498
9.634835
-7.513718
8.600224
-6.635806
7.850389
-5.992094
7.290213
-5.499125
6.85577
-5.115108
6.512176
-4.804607
6.232149
-4.552733
6.001989
-4.340068
5.808211
-4.163007
5.643366
-4.00838
5.499983
-3.876176
5.375904
-3.758602
5.265728
-3.655977
5.168562
-3.562764
5.080323
-3.480357
5.00158
-3.40378
4.929296
-3.335855
4.863446
-3.271386
4.801589
-3.213019
4.74514
-3.157546
4.691673
-3.106539
4.641941
-3.057143
4.593927
-3.011358
4.548756
-2.965951
4.50482
-2.923408
4.462295
-2.880371
4.419592
-2.838748
4.377755
-2.796074
4.334988
-2.753476
4.291628
-2.708549
4.245752
-2.662212
4.197679
-2.611371
4.145082
-2.556962
4.087205
-2.494828
4.020947
-2.424379
3.944664
-2.34077
3.853214
-2.240205
3.741051
-2.113605
3.597779
-1.950519
3.40881
-1.728462
3.145607
-1.411288
2.755174
-0.9197791
2.119967
-0.0703696
0.9300212
1.702603
-1.95921
7.144209
-15.51491
93.59179
88.91709
101.2747
0.5618336
-3.66392
6.169476
-4.827289
6.403263
-4.79354
6.287106
-4.658937
6.156156
-4.538505
6.048735
-4.445224
5.968615
-4.376285
5.909885
-4.327542
5.869976
-4.294655
5.844064
-4.275605
5.830891
-4.267393
5.827175
-4.26881
5.833092
-4.278509
5.84641
-4.295693
5.867364
-4.319557
5.894194
-4.350052
5.927942
-4.38627
5.966964
-4.428546
6.012227
-4.476226
6.062397
-4.529494
6.118746
-4.588431
6.180226
-4.652901
6.247842
-4.723174
6.320754
-4.799319
6.400248
-4.881506
6.485383
-4.970082
6.577523
-5.0655
6.675882
-5.167703
6.781887
-5.277235
6.895195
-5.39451
7.016943
-5.52038
7.146827
-5.655073
7.286562
-5.799469
7.43582
-5.954196
7.596229
-6.120193
7.767813
-6.298058
7.95257
-6.489614
8.150862
-6.695295
8.364708
-6.917212
8.594851
-7.156443
8.843996
-7.415409
9.113214
-7.695537
9.405678
-8.000742
9.723164
-8.332266
10.06981
-8.694721
10.4489
-9.09129
10.86513
-9.52824
11.32351
-10.01007
11.83122
-10.54535
12.39558
-11.1414
13.02694
-11.81088
13.73698
-12.56569
14.54202
-13.42581
15.46174
-14.41154
16.52307
-15.55682
17.76085
-16.8997
19.22475
-18.50153
20.98381
-20.44229
23.14032
-22.85312
25.85068
-25.92632
29.37
-30.00002
34.14371
-35.67784
41.02698
-44.21371
51.91475
-58.63201
72.01624
-88.80296
122.9132
-195.7582
547.2909
611.6158
-184.009
149.9397
-72.36856
53.6767
-39.08948
31.26491
-22.38271
17.83086
-10.84433
7.28782
-0.5990855
-3.319079
11.14192
-17.29818
29.23602
-43.2785
72.46494
-136.9086
542.8988
366.685
-147.9836
98.04391
-73.22375
61.42574
-51.14059
46.51953
-40.33705
38.29406
-33.83884
33.01634
-29.46198
29.32422
-26.30039
26.58464
-23.90618
24.47663
-22.03515
22.80599
-20.53921
21.46289
-19.32714
20.36622
-18.33648
19.47202
-17.52806
18.74182
-16.87327
18.15879
-16.35598
17.70505
-15.96557
17.37813
-15.70232
17.17851
-15.57099
17.12193
-15.59208
17.22879
-15.79922
17.55267
-16.25985
18.17933
-17.09647
19.28778
-18.56649
21.26023
-21.27616
25.12074
-27.09148
34.71355
-45.7356
88.13171
686.5902
-53.41731
24.8215
-12.61658
8.766399
-3.949137
3.343962
-0.2481103
0.6674792
1.769985
-0.9031421
3.023132
-1.923513
3.86771
-2.633502
4.472389
-3.154957
4.927172
-3.5556
5.284615
-3.877221
5.5772
-4.147336
5.82984
-4.386051
6.0584
-4.608875
6.279208
-4.83058
6.505594
-5.066627
6.755803
-5.336886
7.053362
-5.670997
7.43714
-6.121181
7.978723
-6.793398
8.842728
-7.952972
10.49511
-10.51962
15.08119
-21.41759
101.5559
23.73765
-6.625523
3.832249
-0.2227423
0.5907689
1.750592
-0.7409039
2.710258
-1.466379
3.279062
-1.924247
3.654964
-2.238958
3.922938
-2.469607
4.12313
-2.645539
4.279362
-2.785247
4.404628
-2.898373
4.508169
-2.993034
4.594584
-3.073043
4.669496
-3.14284
4.734334
-3.203689
4.792038
-3.258425
4.84357
-3.307574
4.890874
-3.352954
4.934239
-3.394577
4.97498
-3.434062
5.012909
-3.471069
5.049526
-3.506978
5.084264
-3.541139
5.118368
-3.574766
5.151207
-3.607326
5.183885
-3.639921
5.215969
-3.671717
5.248138
-3.703858
5.279793
-3.735692
5.312221
-3.768165
5.34449
-3.800521
5.37725
-3.833753
5.410303
-3.866989
5.44422
-3.901277
5.478552
-3.935743
5.513842
-3.971424
5.549533
-4.007583
5.586528
-4.045077
5.624114
-4.083135
5.66304
-4.122556
5.702628
-4.162782
5.743719
-4.204594
5.785856
-4.247112
5.829431
-4.291338
5.873889
-4.33661
5.920292
-4.383734
5.967824
-4.431957
6.017031
-4.482126
6.067706
-4.533497
6.120255
-4.587025
6.174421
-4.64186
6.23056
-4.698988
6.288313
-4.757764
6.34841
-4.818995
6.410385
-4.881985
6.474777
-4.947545
6.541158
-5.015162
6.610311
-5.085721
6.681952
-5.15828
6.756157
-5.234045
6.832978
-5.312317
6.913155
-5.394112
6.996277
-5.47872
7.082703
-5.567146
7.172611
-5.65873
7.266424
-5.754719
7.36422
-5.854229
7.466237
-5.958637
7.572736
-6.067568
7.684518
-6.182169
7.801652
-6.302193
7.925001
-6.428963
8.055087
-6.562806
8.193356
-6.70577
8.341109
-6.858564
8.500296
-7.025144
8.674992
-7.209702
8.872112
-7.422681
9.105472
-7.684154
9.408291
-8.051846
9.885397
-8.736084
11.03477
-11.2602
21.23648
53.35911
47.06252
-11.90928
11.13763
-9.012449
10.41525
-8.840258
10.44872
-8.969938
10.63132
-9.185025
10.86867
-9.43958
11.13787
-9.721735
11.43151
-10.02637
11.74793
-10.35437
12.08737
-10.70601
12.45193
-11.0839
12.84319
-11.48945
13.2641
-11.92664
13.71801
-12.39821
14.2089
-12.90967
14.74155
-13.46419
15.32052
-14.06936
15.95316
-14.7314
16.64706
-15.45961
17.41158
-16.26323
18.25782
-17.15565
19.19993
-18.15166
20.25513
-19.27183
21.44555
-20.53815
22.79708
-21.98425
24.34721
-23.65
26.14243
-25.59091
28.24628
-27.87911
30.74521
-30.6198
33.76387
-33.96066
37.48299
-38.12704
42.18138
-43.46454
48.30317
-50.5602
56.62638
-60.4625
68.61406
-75.28813
87.44586
-100.0617
121.6516
-150.7695
206.1552
-329.5077
1148.524
318.8999
200.6677
1221.433
-318.6039
199.3216
-145.9245
117.8387
-96.84914
84.60821
-72.70564
66.20779
-58.18664
54.4457
-48.4565
46.25674
-41.46632
40.22037
-36.19889
35.58053
-32.08112
31.90257
-28.77608
28.91528
-26.06209
26.43998
-23.79504
24.35522
-21.87129
22.57537
-20.22
21.03831
-18.78585
19.69823
-17.53047
18.51828
-16.42005
17.47276
-15.43394
16.54047
-14.55099
15.70406
-13.75741
14.94974
-13.03968
14.26665
-12.38917
13.64602
-11.79666
13.0807
-11.25668
12.56364
-10.76181
12.09075
-10.30996
11.65836
-9.896048
11.26304
-9.518679
10.90264
-9.174992
10.57612
-8.865516
10.28338
-8.59001
10.02628
-8.351952
9.807732
-8.155283
9.636196
-8.012637
9.526966
-7.943951
9.510313
-7.995223
9.654895
-8.276418
10.15065
-9.143217
11.75854
-12.65752
24.3729
28.80095
-1.527806
-0.4892516
3.421374
-2.556832
4.517218
-3.202704
4.918255
-3.456288
5.075953
-3.548387
5.121952
-3.561008
5.109278
-3.528995
5.062706
-3.471041
4.995341
-3.396038
4.914711
-3.311281
4.826157
-3.219395
4.732031
-3.123557
4.634567
-3.024714
4.5348
-2.924513
4.434055
-2.823196
4.332726
-2.721918
4.231005
-2.619923
4.129288
-2.518742
4.028259
-2.417568
3.927422
-2.317207
3.827126
-2.216934
3.72728
-2.117371
3.628082
-2.018478
3.529488
-1.920223
3.430954
-1.821579
3.332626
-1.723976
3.23514
-1.626188
3.137653
-1.528898
3.040262
-1.431385
2.942816
-1.334129
2.845392
-1.236463
2.747868
-1.138935
2.649797
-1.040375
2.551147
-0.941905
2.452307
-0.8422742
2.352585
-0.7422915
2.251905
-0.6409922
2.150195
-0.5389392
2.047359
-0.435252
1.943231
-0.3304896
1.83727
-0.2234225
1.729504
-0.1151228
1.620068
-0.00428772
1.508286
0.1085739
1.393974
0.2245331
1.277084
0.342701
1.156807
0.4645119
1.033594
0.5895061
0.9063511
0.7189407
0.7749805
0.8521271
0.6394043
0.9903917
0.4988089
1.133566
0.3526077
1.282822
0.2004738
1.438126
0.04153252
1.600662
-0.1244717
1.770637
-0.2990665
1.949879
-0.4827652
2.138046
-0.6762915
2.337326
-0.8810873
2.548234
-1.09876
2.772774
-1.330462
3.012071
-1.578226
3.268619
-1.843641
3.544004
-2.130109
3.841897
-2.439916
4.16422
-2.776257
4.515797
-3.143499
4.900407
-3.547243
5.324362
-3.992808
5.793811
-4.48869
6.317831
-5.043244
6.906813
-5.670499
7.575613
-6.385051
8.340874
-7.207822
9.22815
-8.167019
10.26961
-9.302866
11.51252
-10.66926
13.02369
-12.35092
14.9061
-14.4737
17.32297
-17.25395
20.55723
-21.07029
25.14013
-26.69659
32.24144
-36.00238
45.10662
-55.2886
78.31791
-132.4342
897.0157
126.6108
-34.44345
-0.8804712
37.45695
-104.8176
827.6747
221.5785
-107.8182
75.83038
-57.71452
49.25275
-40.90227
37.52605
-32.1935
30.76937
-26.78163
26.32737
-23.06264
23.1626
-20.33524
20.78633
-18.24395
18.93052
-16.58502
17.43827
-15.23546
16.21047
-14.11442
15.18282
-13.16783
14.30773
-12.35705
13.5546
-11.65453
12.89742
-11.03943
12.32051
-10.49651
11.80858
-10.01302
11.35145
-9.580011
10.94016
-9.189546
10.56909
-8.835796
10.23122
-8.513398
9.923468
-8.218593
9.640591
-7.947706
9.380976
-7.69803
9.140746
-7.466904
8.918309
-7.252523
8.711167
-7.05292
8.518738
-6.866697
8.338391
-6.692425
8.169977
-6.529028
8.01129
-6.375439
7.862544
-6.230791
7.721937
-6.094237
7.589345
-5.965224
7.46355
-5.842963
7.344772
-5.727097
7.23149
-5.61681
7.124287
-5.512025
7.021695
-5.412055
6.924271
-5.316642
6.830872
-5.22541
6.741725
-5.138076
6.655957
-5.054303
6.574142
-4.973892
6.49509
-4.89653
6.419446
-4.822065
6.346046
-4.750165
6.275571
-4.680663
6.207067
-4.613345
6.140897
-4.548062
6.076333
-4.484462
6.013767
-4.422557
5.952262
-4.361842
5.892446
-4.302363
5.833178
-4.243664
5.775019
-4.185596
5.716936
-4.1277
5.659185
-4.069761
5.600751
-4.011154
5.54187
-3.951416
5.481262
-3.889748
5.418509
-3.825421
5.351987
-3.756757
5.28082
-3.682244
5.202271
-3.598975
5.113478
-3.50329
5.008953
-3.388136
4.880651
-3.242673
4.712495
-3.044731
4.474185
-2.748465
4.0915
-2.22976
3.339791
-1.022473
1.026564
5.661838
66.60319
-11.13599
9.278934
-6.475691
7.389481
-5.431
6.720161
-4.962852
6.372375
-4.692513
6.155647
-4.51458
6.006298
-4.386808
5.895597
-4.290073
5.810017
-4.21345
5.741042
-4.151226
5.684525
-4.099401
5.636791
-4.055623
5.596546
-4.018114
5.561584
-3.985778
5.5316
-3.95765
5.505232
-3.933182
5.482543
-3.911893
5.462489
-3.893371
5.445402
-3.877333
5.430389
-3.863557
5.417882
-3.851942
5.407076
-3.842219
5.398457
-3.834358
5.391324
-3.828331
5.386267
-3.823952
5.382631
-3.821226
5.380841
-3.820169
5.380363
-3.820611
5.381835
-3.822722
5.384597
-3.826347
5.389176
-3.83162
5.395015
-3.838419
5.402793
-3.846921
5.411951
-3.856983
5.423041
-3.868814
5.435545
-3.88231
5.450132
-3.897651
5.466256
-3.914775
5.484474
-3.933853
5.504305
-3.954899
5.526579
-3.97809
5.550742
-4.003357
5.577281
-4.03104
5.605921
-4.061018
5.637361
-4.093633
5.671144
-4.128821
5.707938
-4.167015
5.74736
-4.208145
5.79034
-4.252671
5.836394
-4.300552
5.886297
-4.35228
5.939897
-4.408017
5.997995
-4.468245
6.06036
-4.533098
6.127892
-4.603192
6.200475
-4.678894
6.279378
-4.760839
6.364553
-4.849431
6.456978
-4.945737
6.557002
-5.050086
6.666154
-5.163911
6.78481
-5.287765
6.914571
-5.4236
7.056235
-5.572174
7.212344
-5.735865
7.384043
-5.916217
7.574025
-6.116337
7.784782
-6.338751
8.0201
-6.587746
8.283725
-6.867311
8.581221
-7.184227
8.918457
-7.544809
9.305081
-7.959557
9.751011
-8.44005
10.27085
-9.004054
10.88403
-9.67333
11.61799
-10.48129
12.51111
-11.47336
13.6207
-12.7222
15.03424
-14.33739
16.89793
-16.50985
19.46219
-19.58179
23.21112
-24.2592
29.20866
-32.23117
40.33451
-48.87091
68.05212
-105.0398
257.8094
550.7469
-129.3965
73.7389
-49.48139
38.86321
-29.70783
26.07811
-20.74941
19.44796
-15.64073
15.38994
-12.34017
12.65311
-10.03337
10.68164
-8.330259
9.196444
-7.021603
8.035618
-5.9859
7.105271
-5.145616
6.342055
-4.449985
5.705926
-3.865331
5.166608
-3.366892
4.704706
-2.937363
4.303804
-2.563006
3.953901
-2.233977
3.644562
-1.943133
3.370219
-1.683976
3.124572
-1.451213
2.904021
-1.241604
2.704351
-1.051422
2.523272
-0.8786163
2.357779
-0.7204134
2.206796
-0.5752477
2.067501
-0.4418414
1.939355
-0.3187314
1.820611
-0.2043669
1.710787
-0.0983862
1.608276
0.0005552173
1.512846
0.09266722
1.423491
0.1790817
1.340152
0.2601592
1.261528
0.3361803
1.187811
0.4076815
1.11815
0.4753856
1.052531
0.5391506
0.9903064
0.5997416
0.9314846
0.6569746
0.8754766
0.7115832
0.8225675
0.7634519
0.7718318
0.8128154
0.7237179
0.8597901
0.6775625
0.9049312
0.6336398
0.9479353
0.5913826
0.989305
0.5509967
1.028794
0.5120879
1.066957
0.4749745
1.103581
0.4389164
1.138838
0.4043484
1.17273
0.3708465
1.205671
0.3387216
1.237335
0.3073571
1.268145
0.2771297
1.297845
0.2476632
1.326874
0.2193216
1.355008
0.1915241
1.38233
0.1645652
1.408861
0.1382111
1.434972
0.1125944
1.460282
0.08742088
1.485204
0.06287438
1.509431
0.03871185
1.533366
0.01524705
1.55682
-0.008071542
1.579841
-0.03089601
1.602425
-0.05343705
1.624854
-0.07561475
1.646796
-0.09756583
1.668725
-0.1192852
1.690254
-0.1408378
1.711762
-0.1620638
1.733021
-0.1833263
1.754201
-0.2044294
1.775141
-0.2254781
1.79624
-0.2464192
1.817137
-0.2674422
1.838241
-0.288461
1.859202
-0.3095717
1.88035
-0.3305702
1.901575
-0.3519502
1.922951
-0.3733749
1.944408
-0.3950241
1.966192
-0.4168816
1.988102
-0.4390075
2.01045
-0.4614521
2.032985
-0.4842668
2.056047
-0.5073358
2.079429
-0.5309976
2.103289
-0.5551178
2.127545
-0.5797392
2.152569
-0.6049347
2.178024
-0.6307955
2.204463
-0.6574924
2.231292
-0.6848761
2.259101
-0.7129636
2.287894
-0.7422279
2.317452
-0.7724373
2.348165
-0.8037143
2.380062
-0.8362141
2.413137
-0.8700114
2.447706
-0.9052944
2.483701
-0.942147
2.521407
-0.980612
2.560927
-1.02111
2.602347
-1.06363
2.645918
-1.108393
2.691983
-1.155696
2.740603
-1.205732
2.79214
-1.258862
2.846861
-1.315359
2.905173
-1.37544
2.96747
-1.439936
3.034102
-1.509052
3.105775
-1.583358
3.18293
-1.663564
3.266326
-1.750444
3.356919
-1.844973
3.45557
-1.948099
3.56354
-2.061123
3.682257
-2.185768
3.813189
-2.32384
3.958766
-2.477495
4.121344
-2.649771
4.304266
-2.844267
4.511417
-3.065593
4.748228
-3.319528
5.021333
-3.613982
5.340005
-3.959677
5.716191
-4.371067
6.167661
-4.868404
6.718451
-5.482027
7.406183
-6.257722
8.287884
-7.269328
9.459797
-8.6425
11.09116
-10.61279
13.51847
-13.67608
17.50601
-19.08568
25.26998
-31.19718
46.95427
-82.64265
442.0892
134.0172
-56.94027
37.5578
-26.17415
22.03331
-16.75043
15.69038
-12.18561
12.24578
-9.493464
10.08497
-7.721123
8.60454
-6.466523
7.528546
-5.534058
6.712507
-4.814037
6.073418
-4.243243
5.560319
-3.779789
5.140318
-3.397691
4.791055
-3.077316
4.496744
-2.80641
4.246232
-2.574277
4.031107
-2.374596
3.845174
-2.201095
3.683477
-2.050333
3.542338
-1.918153
3.418859
-1.802674
3.310546
-1.701065
3.215492
-1.612171
3.132176
-1.53423
3.059412
-1.466538
2.996243
-1.40747
2.941537
-1.356996
2.894842
-1.313858
2.855483
-1.278128
2.823096
-1.248919
2.797158
-1.226404
2.777628
-1.209742
2.764056
-1.199362
2.756622
-1.194645
2.75489
-1.196018
2.759155
-1.20308
2.769302
-1.216349
2.785568
-1.235543
2.807894
-1.261165
2.836758
-1.293402
2.872435
-1.332794
2.915389
-1.379259
2.965808
-1.433865
3.024585
-1.496846
3.092245
-1.569349
3.169709
-1.651955
3.257734
-1.746019
3.357932
-1.85245
3.471236
-1.973237
3.599796
-2.109808
3.745152
-2.264819
3.910272
-2.440608
4.097811
-2.640872
4.311739
-2.869473
4.556375
-3.13165
4.837847
-3.434319
5.16358
-3.785864
5.543423
-4.196812
5.98948
-4.682539
6.51969
-5.262697
7.157055
-5.965784
7.935696
-6.831894
8.904219
-7.921771
10.13869
-9.330008
11.75958
-11.21509
13.97763
-13.86093
17.18856
-17.84088
22.25427
-24.5167
31.48867
-38.23995
54.47391
-87.67419
364.4263
66.05109
67.36025
365.1132
-92.49207
59.0021
-42.64783
35.836
-28.83145
26.5496
-22.12641
21.46836
-18.1386
18.25534
-15.49539
16.04382
-13.61949
14.434
-12.22466
13.21521
-11.15191
12.26541
-10.30636
11.50905
-9.626986
10.89672
-9.073447
10.39484
-8.617314
9.979871
-8.23902
9.634583
-7.923856
9.346333
-7.660287
9.105906
-7.440962
8.905758
-7.258486
8.740007
-7.108463
8.604475
-6.986552
8.495537
-6.889834
8.410561
-6.815838
8.347113
-6.762875
8.303753
-6.728843
8.27897
-6.713088
8.271891
-6.714326
8.281648
-6.732504
8.307837
-6.766623
8.350071
-6.816922
8.408575
-6.883296
8.483074
-6.966437
8.574392
-7.065896
8.682682
-7.183372
8.809093
-7.318738
8.954131
-7.474041
9.119612
-7.649854
9.306621
-7.848516
9.517491
-8.071751
9.753918
-8.322859
10.01954
-8.603616
10.31694
-8.918912
10.65085
-9.272295
11.02555
-9.670282
11.44796
-10.11851
11.92473
-10.6263
12.46624
-11.20356
13.08294
-11.86474
13.79188
-12.62525
14.6106
-13.50943
15.56664
-14.54528
16.69331
-15.77554
18.04018
-17.2549
19.67351
-19.06722
21.69487
-21.33337
24.25378
-24.24785
27.59899
-28.12496
32.14841
-33.53969
38.69951
-41.62762
48.94865
-55.06057
67.36485
-82.01251
111.1595
-169.0359
437.231
229.81
327.9681
330.7856
-149.7686
101.8506
-75.95094
62.7893
-51.29564
45.67508
-38.67571
35.96818
-30.96679
29.69154
-25.75677
25.29787
-22.00011
22.04712
-19.16012
19.54722
-16.94093
17.56255
-15.15681
15.95133
-13.69371
14.61587
-12.47036
13.49262
-11.43498
12.53379
-10.54561
11.70719
-9.77512
10.98632
-9.099704
10.35368
-8.505254
9.792702
-7.975647
9.293055
-7.502889
8.844461
-7.077021
8.440477
-6.692754
8.073849
-6.343165
7.740622
-6.02492
7.435673
-5.732774
7.156639
-5.465203
6.899155
-5.217866
6.661849
-4.989645
6.441699
-4.777438
6.237662
-4.580719
6.047268
-4.396882
5.869957
-4.225541
5.703786
-4.064462
5.548373
-3.914179
5.402095
-3.772054
5.264688
-3.638613
5.134668
-3.512255
5.012183
-3.393189
4.895988
-3.28
4.786039
-3.173001
4.6814
-3.070816
4.582162
-2.974042
4.487288
-2.881297
4.39694
-2.793046
4.310349
-2.70823
4.227616
-2.627262
4.148005
-2.549242
4.071711
-2.474439
3.998052
-2.401939
3.927154
-2.332546
3.858533
-2.2648
3.792037
-2.199413
3.727474
-2.135589
3.664672
-2.073632
3.603276
-2.012841
3.5433
-1.953572
3.484367
-1.894957
3.426404
-1.837502
3.369045
-1.78032
3.312229
-1.723667
3.255514
-1.666948
3.19885
-1.610125
3.141733
-1.55283
3.084065
-1.494727
3.025346
-1.435164
2.965189
-1.374363
2.903181
-1.311068
2.838605
-1.245096
2.771014
-1.175497
2.699356
-1.101533
2.622759
-1.021974
2.539883
-0.9354476
2.449164
-0.8400008
2.348505
-0.7334014
2.235089
-0.6122422
2.105079
-0.4720406
1.95325
-0.30646
1.771687
-0.1062247
1.549114
0.1427318
1.267276
0.4648918
0.8957849
0.8992246
0.3794776
1.523774
-0.3924078
2.50406
-1.682622
4.282163
-4.296841
8.527349
-12.5035
32.42823
217.0705
-27.65215
17.09223
-11.134
10.41974
-7.467598
8.090092
-5.852865
6.901431
-4.939829
6.178272
-4.352734
5.690704
-3.940609
5.338076
-3.63559
5.070507
-3.39814
4.859068
-3.208596
4.68694
-3.050962
4.542366
-2.918089
4.418576
-2.801736
4.309134
-2.69859
4.210809
-2.603723
4.119253
-2.515135
4.032419
-2.429137
3.946851
-2.343738
3.86065
-2.255405
3.769892
-2.161878
3.67222
-2.058495
3.562298
-1.941282
3.435959
-1.803221
3.284416
-1.63641
3.099075
-1.42807
2.863525
-1.160568
2.557215
-0.8054609
2.142597
-0.3186378
1.564326
0.3772423
0.7170582
1.421785
-0.5919199
3.096672
-2.784746
6.048923
-6.908991
12.10536
-16.44506
28.82928
-52.13703
156.7106
372.2477
-110.348
78.473
-68.14938
72.41922
-89.13893
176.3535
344.8524
-62.65158
29.42801
-14.74143
9.563778
-3.957623
2.83347
0.6418808
-0.5333273
3.249234
-2.652282
5.050056
-4.250134
6.526889
-5.667901
7.938815
-7.124921
9.494133
-8.839493
11.44703
-11.14172
14.26554
-14.75002
19.15973
-21.95332
31.26397
-48.57631
202.1999
57.19015
-11.51702
-6.056053
41.92794
208.9686
-39.91987
24.49625
-15.99813
13.62253
-9.452819
9.115297
-6.083546
6.442782
-3.860738
4.518097
-2.129298
2.896378
-0.5431676
1.270834
1.21509
-0.7588444
3.750727
-4.261452
9.337013
-15.68667
56.31613
60.14859
-20.60857
14.40088
-9.435022
9.053379
-6.221634
6.874148
-4.626812
5.64483
-3.643108
4.834385
-2.959614
4.247906
-2.449635
3.798637
-2.049225
3.439026
-1.724503
3.143448
-1.453274
2.89382
-1.223142
2.680428
-1.024036
2.494381
-0.8502197
2.331241
-0.6961267
2.185785
-0.5591381
2.056057
-0.4355562
1.938602
-0.3242502
1.832575
-0.2225132
1.735294
-0.1299088
1.646626
-0.04445648
1.564544
0.03393137
1.489213
0.1069419
1.418817
0.1743768
1.353819
0.2375851
1.29268
0.2962018
1.23599
0.3515888
1.182236
0.4032632
1.13223
0.4521613
1.084666
0.4980149
1.040166
0.5417234
0.99755
0.5827725
0.9576377
0.6220891
0.9192907
0.6591024
0.8832479
0.6946712
0.8484205
0.7283233
0.8156109
0.7607555
0.783824
0.7914531
0.7538089
0.8212256
0.7245927
0.8494682
0.6970121
0.876948
0.6700131
0.9029775
0.6445109
0.9284446
0.6194078
0.9527144
0.5956661
0.9763796
0.5723269
0.9990022
0.5501473
1.021166
0.5282338
1.042377
0.5074205
1.06331
0.4867945
1.083195
0.4672344
1.102886
0.4477308
1.121769
0.4291844
1.140467
0.4106479
1.158357
0.3930731
1.176067
0.3754425
1.193164
0.358633
1.210163
0.3417397
1.226415
0.3257459
1.242691
0.3095212
1.258404
0.2940857
1.273945
0.2785465
1.289051
0.2636886
1.304169
0.248642
1.31874
0.2342551
1.33336
0.2196997
1.347444
0.2057961
1.36163
0.1916299
1.37535
0.1780585
1.389146
0.1642997
1.40248
0.1511353
1.415941
0.1376303
1.429004
0.1247108
1.442218
0.1115248
1.454942
0.09891951
1.467848
0.08594811
1.480447
0.07353854
1.493041
0.06087005
1.50544
0.04865503
1.517878
0.03616333
1.530015
0.02416956
1.542314
0.01183176
1.554245
4.017353E-05
1.566337
-0.01210356
1.57813
-0.02377868
1.590026
-0.03569293
1.601645
-0.0471915
1.613334
-0.05894053
1.624736
-0.07021332
1.636309
-0.08173656
1.647435
-0.09272563
1.658668
-0.1040274
1.669584
-0.1147119
1.680401
-0.1255431
1.690932
-0.1358185
1.701323
-0.1461974
1.711238
-0.1558493
1.721009
-0.1654651
1.730073
-0.1741714
1.738816
-0.1826912
1.746687
-0.1900994
1.753929
-0.19691
1.759874
-0.2021892
1.764703
-0.2063235
1.767698
-0.2081954
1.76868
-0.2079744
1.766633
-0.2040062
1.761082
-0.1962569
1.750322
-0.1822281
1.732708
-0.1603196
1.705388
-0.1265445
1.664103
-0.07598972
1.601672
0.001150131
1.506238
0.1205168
1.354932
0.3147964
1.101297
0.6542993
0.6314273
1.334234
-0.4183455
3.131886
-4.142744
15.86672
41.63343
-10.66475
8.3542
-5.31882
6.139924
-4.169424
5.501458
-3.832225
5.373459
-3.872881
5.572027
-4.242605
6.153
-5.116152
7.480791
-7.246943
11.31094
-16.03917
60.41465
29.40115
-9.390696
6.419661
-2.816879
3.217667
-0.9107399
1.951149
-0.008470535
1.27548
0.5171719
0.8546276
0.8615403
0.567235
1.105858
0.3567705
1.288927
0.1955877
1.43275
0.06634051
1.549101
-0.0394516
1.646547
-0.1295738
1.729805
-0.2070541
1.802761
-0.2758255
1.867434
-0.3371449
1.926183
-0.3934059
1.979861
-0.4449844
2.029985
-0.4935746
2.076759
-0.5389309
2.121342
-0.5826678
2.163851
-0.6242409
2.205054
-0.6649275
2.244807
-0.7041297
2.283937
-0.7429695
2.322171
-0.7808697
2.360278
-0.8189394
2.39773
-0.8561747
2.435366
-0.8940003
2.472909
-0.9314399
2.510667
-0.9695168
2.548691
-1.007568
2.587259
-1.046501
2.626205
-1.085657
2.666045
-1.125966
2.706318
-1.16654
2.747768
-1.208615
2.790016
-1.251307
2.833622
-1.295607
2.878213
-1.340771
2.924427
-1.387856
2.972016
-1.43621
3.021652
-1.486854
3.072725
-1.538774
3.12618
-1.593577
3.181809
-1.650272
3.240062
-1.710041
3.30105
-1.772445
3.365316
-1.838506
3.432897
-1.907905
3.504717
-1.981898
3.580444
-2.059846
3.661421
-2.143722
3.747793
-2.233068
3.840786
-2.329637
3.940828
-2.433544
4.049461
-2.547144
4.167728
-2.670864
4.298001
-2.807717
4.441346
-2.958734
4.601524
-3.12867
4.781544
-3.320209
4.986397
-3.53983
5.222182
-3.794038
5.497937
-4.094255
5.825806
-4.45456
6.225019
-4.898894
6.722538
-5.461689
7.366087
-6.205197
8.235395
-7.237819
9.485552
-8.784659
11.45282
-11.37901
15.04403
-16.70017
23.80334
-34.11085
79.3358
222.379
-42.03224
23.48878
-14.16482
11.59851
-7.471891
7.277504
-4.438457
5.02212
-2.689719
3.622106
-1.539805
2.657557
-0.7163527
1.944031
-0.09004116
1.387485
0.4093761
0.9355422
0.8221369
0.5557787
1.173815
0.2280016
1.481375
-0.0622406
1.756346
-0.324059
2.007172
-0.5652578
2.239845
-0.7906539
2.459245
-1.005126
2.668926
-1.210849
2.872138
-1.41186
3.071172
-1.609559
3.268276
-1.806688
3.465627
-2.004653
3.664971
-2.205712
3.867881
-2.411053
4.076387
-2.623292
4.2921
-2.84304
4.517192
-3.073609
4.753376
-3.316195
5.003433
-3.574149
5.269473
-3.849298
5.555078
-4.145977
5.863369
-4.467283
6.199325
-4.819182
6.56742
-5.205434
6.975048
-5.635784
7.429827
-6.117918
7.942701
-6.665088
8.527649
-7.29265
9.203796
-8.023499
9.9965
-8.887737
10.9442
-9.932505
12.10125
-11.22412
13.55721
-12.87948
15.45976
-15.09712
18.08936
-18.28085
22.05004
-23.39738
29.02535
-33.72275
46.66353
-74.89922
588.3839
56.7996
-11.89391
-2.998151
16.46097
-27.69452
48.15873
-86.4875
272.2398
320.8766
-105.8915
66.22491
-46.92188
38.51513
-30.52617
27.5741
-22.65835
21.61745
-17.97441
17.82795
-14.84045
15.18698
-12.58046
13.22877
-10.86552
11.71218
-9.512636
10.49695
-8.414312
9.497885
-7.500466
8.658345
-6.725991
7.940548
-6.057619
7.316461
-5.473393
6.76713
-4.955391
6.27749
-4.491157
5.836221
-4.070752
5.434849
-3.686355
5.065772
-3.331237
4.723581
-3.000882
4.403862
-2.690267
4.101695
-2.396302
3.814614
-2.115431
3.539416
-1.845181
3.273391
-1.58277
3.014133
-1.326098
2.759316
-1.07268
2.506924
-0.8206348
2.254539
-0.5675912
2.000382
-0.3114719
1.741562
-0.04963017
1.476085
0.2204354
1.200707
0.501596
0.9129767
0.797307
0.6083817
1.111693
0.2830403
1.449383
-0.06844163
1.816515
-0.4531157
2.220625
-0.8792346
2.67128
-1.357614
3.181293
-1.903495
3.767664
-2.536315
4.4544
-3.285323
5.275361
-4.191051
6.281983
-5.317595
7.551831
-6.763174
9.21653
-8.70249
11.50666
-11.45295
14.87751
-15.68613
20.35974
-23.08187
30.91163
-39.42001
59.84405
-106.6806
645.4025
211.2085
-85.9743
56.3131
-40.46246
33.81937
-26.93207
24.75352
-20.42275
19.84657
-16.58692
16.7641
-14.05525
14.64595
-12.25546
13.09795
-10.91007
11.91706
-9.863342
10.98299
-9.02634
10.22726
-8.340069
9.601751
-7.767756
9.075588
-7.281927
8.626127
-6.865124
8.238039
-6.502611
7.899094
-6.185325
7.60086
-5.904305
7.336172
-5.654629
7.099883
-5.430566
6.88754
-5.229254
6.696078
-5.046681
6.522254
-4.881214
6.364223
-4.729944
6.219844
-4.592339
6.088156
-4.465549
5.966505
-4.349616
5.855208
-4.242499
5.752587
-4.144226
5.658154
-4.053306
5.570967
-3.969831
5.490675
-3.892432
5.416518
-3.821663
5.348469
-3.756032
5.28573
-3.696255
5.228344
-3.64112
5.175774
-3.591199
5.128148
-3.545535
5.084856
-3.504808
5.046188
-3.467963
5.011709
-3.436111
4.982017
-3.408
4.955979
-3.384686
4.93469
-3.365221
4.917589
-3.350739
4.905258
-3.340298
4.897333
-3.335178
4.894559
-3.334443
4.896597
-3.339855
4.904673
-3.350344
4.918383
-3.367678
4.938906
-3.391281
4.966368
-3.423164
5.002335
-3.463009
5.047026
-3.513275
5.102619
-3.574009
5.169861
-3.649185
5.252357
-3.738903
5.351114
-3.848305
5.47134
-3.979935
5.616669
-4.141235
5.794956
-4.338192
6.014332
-4.584007
6.289677
-4.892513
6.639153
-5.292511
7.097263
-5.820198
7.713409
-6.548851
8.584267
-7.604706
9.892639
-9.268036
12.0705
-12.23682
16.36371
-19.00232
28.60999
391.8217
434.043
62.06688
-26.49012
17.75473
-11.23057
9.872879
-6.39151
6.591633
-4.020443
4.800762
-2.619614
3.673889
-1.695
2.903643
-1.043068
2.343321
-0.5576534
1.92099
-0.1857796
1.589983
0.1096592
1.32577
0.3477211
1.109304
0.544714
0.930234
0.7086048
0.778964
0.8480859
0.6507528
0.966686
0.5397757
1.070007
0.4444289
1.15917
0.3604832
1.23781
0.2870102
1.306717
0.2216263
1.3685
0.1640625
1.423065
0.1117249
1.472534
0.06523132
1.516521
0.02283859
1.556957
-0.01496506
1.592976
-0.04978561
1.626274
-0.08128929
1.656273
-0.1103859
1.684275
-0.1368656
1.709604
-0.1614971
1.733387
-0.1840744
1.754986
-0.2053127
1.775591
-0.2246895
1.794275
-0.2430286
1.812008
-0.2600441
1.828346
-0.2761555
1.844097
-0.2911892
1.858586
-0.3055077
1.872674
-0.3189602
1.885658
-0.3319788
1.898469
-0.3440819
1.910239
-0.3558617
1.921913
-0.3671017
1.932764
-0.3780355
1.943638
-0.3884811
1.953846
-0.3987446
1.964072
-0.4086466
1.973709
-0.4184637
1.983598
-0.4278822
1.992904
-0.4373436
2.002325
-0.4466085
2.011374
-0.4558296
2.020704
-0.4649696
2.02971
-0.4740906
2.039029
-0.4832344
2.048035
-0.4925308
2.057459
-0.5016918
2.066615
-0.5110779
2.076134
-0.5205336
2.08554
-0.5302095
2.095394
-0.539957
2.105181
-0.5500336
2.115482
-0.5602913
2.12569
-0.5708895
2.136604
-0.5815811
2.147472
-0.5927715
2.158787
-0.6042595
2.170308
-0.6161385
2.182499
-0.6284113
2.194888
-0.6411209
2.207994
-0.6543522
2.221359
-0.6681614
2.235563
-0.6824017
2.25001
-0.6973343
2.265365
-0.7129164
2.281169
-0.7292242
2.297943
-0.7462502
2.315298
-0.7641411
2.333704
-0.7828588
2.352766
-0.8025961
2.373141
-0.8232679
2.394309
-0.8450747
2.416716
-0.8680925
2.440212
-0.8923426
2.465264
-0.9179907
2.491528
-0.945138
2.519619
-0.9738789
2.549117
-1.004485
2.580742
-1.0369
2.614128
-1.071445
2.649864
-1.108331
2.687866
-1.147693
2.728707
-1.189841
2.772241
-1.235035
2.819168
-1.283599
2.869442
-1.335956
2.923929
-1.39238
2.98263
-1.453496
3.04629
-1.519927
3.115438
-1.592146
3.19097
-1.671103
3.273508
-1.757581
3.364304
-1.852836
3.464321
-1.958132
3.575261
-2.07502
3.698665
-2.205557
3.836971
-2.352254
3.992738
-2.518063
4.169598
-2.707011
4.371915
-2.924157
4.605537
-3.176189
4.878128
-3.472046
5.200345
-3.824096
5.586699
-4.249804
6.0581
-4.774906
6.646184
-5.437889
7.399456
-6.301374
8.39901
-7.471466
9.787439
-9.146126
11.84659
-11.7392
15.21309
-16.28933
21.71023
-26.34641
39.47331
-67.17897
288.2873
127.8991
-50.98065
33.1626
-22.72125
19.18605
-14.32106
13.5657
-10.29197
10.53303
-7.926055
8.636476
-6.371642
7.338487
-5.271708
6.395115
-4.453707
5.678491
-3.820789
5.116035
-3.317737
4.662955
-2.907537
4.290416
-2.56773
3.978703
-2.280842
3.714373
-2.036436
3.487282
-1.824944
3.290295
-1.641094
3.117783
-1.478992
2.965668
-1.335884
2.830368
-1.208008
2.709656
-1.093689
2.600876
-0.9901733
2.502781
-0.8969574
2.413719
-0.8118515
2.332615
-0.7345581
2.258472
-0.6633358
2.190414
-0.5982742
2.127792
-0.53792
2.069998
-0.4825735
2.016512
-0.4308529
1.966967
-0.3832474
1.920854
-0.3385897
1.877879
-0.2973061
1.837786
-0.2583628
1.800306
-0.2222662
1.765202
-0.1880808
1.73224
-0.156363
1.701255
-0.1260791
1.672159
-0.09798145
1.644701
-0.07120562
1.618783
-0.0462079
1.594348
-0.02225447
1.571198
0.0001020432
1.549296
0.02160025
1.528518
0.04169178
1.508788
0.06105065
1.49012
0.07914209
1.472323
0.09666753
1.455339
0.1130254
1.439201
0.1289608
1.423757
0.1438892
1.409103
0.1584311
1.394984
0.1719604
1.38148
0.1854229
1.368587
0.1979232
1.356206
0.2102159
1.344232
0.2217391
1.33277
0.2331719
1.321681
0.2438995
1.310961
0.2546479
1.300584
0.2647613
1.290485
0.2748356
1.280687
0.2844219
1.271078
0.2940516
1.261587
0.3032464
1.252339
0.3126576
1.243103
0.3216805
1.233966
0.3310056
1.224752
0.3399656
1.215489
0.3495758
1.206084
0.3589746
1.196462
0.3688807
1.186401
0.3789287
1.175998
0.3898287
1.164805
0.401161
1.153008
0.4137043
1.140068
0.4271874
1.125733
0.4424375
1.109674
0.4594424
1.091323
0.47944
1.069727
0.5026929
1.044104
0.5311959
1.012587
0.5662639
0.972923
0.6116459
0.9209855
0.6713479
0.8502796
0.7560385
0.748551
0.8809305
0.5916874
1.083139
0.3233352
1.452652
-0.2117039
2.280943
-1.619406
5.047131
-8.671186
39.47826
361.308
29.29201
-4.690276
2.510994
0.2539194
0.7916925
1.02553
0.3928852
1.250947
0.2576413
1.335398
0.2033477
1.371144
0.1796479
1.386819
0.1693287
1.39364
0.165204
1.396202
0.1635723
1.39698
0.1633415
1.396744
0.1637602
1.396335
0.1640148
1.396027
0.1643467
1.395926
0.1641681
1.396222
0.1638765
1.396808
0.1627905
1.397875
0.1617798
1.399373
0.1599768
1.401271
0.157995
1.403541
0.1553428
1.406254
0.1525489
1.409389
0.1490799
1.412936
0.1454744
1.416833
0.1413407
1.421196
0.136813
1.425966
0.1317717
1.431105
0.1265339
1.436623
0.1206062
1.442627
0.1145695
1.448947
0.1078588
1.455809
0.1009868
1.462981
0.09337245
1.470656
0.08566733
1.478821
0.07719436
1.487413
0.06849164
1.496427
0.05903117
1.506
0.04936126
1.516116
0.0389042
1.526783
0.02813339
1.537828
0.01662648
1.549577
0.004708201
1.561999
-0.008148193
1.575025
-0.02140683
1.588658
-0.03561658
1.603119
-0.05027598
1.618246
-0.06594799
1.634264
-0.08220176
1.65106
-0.09966539
1.668804
-0.1176788
1.687536
-0.1370467
1.707309
-0.1572018
1.728123
-0.1788095
1.750191
-0.2013468
1.773528
-0.2254966
1.798277
-0.2507983
1.824466
-0.2779352
1.852337
-0.3065818
1.882029
-0.3372873
1.913622
-0.3698319
1.947263
-0.404846
1.983349
-0.4420193
2.022064
-0.482145
2.063499
-0.5250512
2.10807
-0.5715138
2.156269
-0.6214594
2.208417
-0.675889
2.265032
-0.7347208
2.326517
-0.7992263
2.393869
-0.8695469
2.46768
-0.9471365
2.549056
-1.032564
2.639108
-1.127651
2.739411
-1.233577
2.851775
-1.352844
2.978441
-1.487522
3.122129
-1.641522
3.287034
-1.818432
3.477729
-2.024638
3.701108
-2.26727
3.966006
-2.557842
4.285663
-2.911115
4.678786
-3.351001
5.174105
-3.912763
5.817261
-4.656954
6.687789
-5.689103
7.932489
-7.22076
9.864782
-9.738518
13.29314
-14.70911
21.24556
-29.99024
70.17583
86.6356
13.28756
132.0069
-33.80406
22.37568
-15.19097
13.52126
-9.840948
9.89465
-7.205706
7.886894
-5.622135
6.604686
-4.562035
5.713107
-3.801339
5.056273
-3.228484
4.552035
-2.781048
4.152388
-2.422025
3.828066
-2.127331
3.559181
-1.881153
3.332984
-1.672371
3.139653
-1.493017
2.97279
-1.337217
2.82702
-1.200698
2.698725
-1.07986
2.584802
-0.972344
2.483171
-0.876008
2.391649
-0.789059
2.309081
-0.710335
2.233847
-0.6386182
2.165444
-0.5730305
2.102524
-0.5128304
2.044809
-0.4573012
1.991346
-0.4059694
1.942023
-0.3583712
1.896042
-0.3140649
1.853437
-0.2727786
1.813365
-0.2341295
1.77608
-0.1979474
1.740927
-0.1639425
1.707967
-0.1319451
1.676804
-0.1017178
1.64753
-0.07321599
1.619684
-0.04616466
1.593501
-0.02056131
1.568451
0.003756076
1.544852
0.02687219
1.522189
0.04890069
1.500773
0.06990606
1.480126
0.08999565
1.460618
0.1091717
1.441759
0.127553
1.423884
0.1451087
1.406585
0.1620246
1.390151
0.1781995
1.374178
0.1937732
1.358962
0.2087478
1.344134
0.2232523
1.330055
0.2371018
1.316283
0.2505956
1.303175
0.2635537
1.290315
0.276099
1.278116
0.2882206
1.266079
0.2999799
1.254613
0.3113351
1.243289
0.3223891
1.232542
0.3330326
1.221918
0.3434687
1.211809
0.3535156
1.201752
0.3633533
1.192195
0.3728602
1.182709
0.3821456
1.173615
0.3911535
1.164607
0.400007
1.155992
0.4085609
1.147436
0.4169369
1.139271
0.4250994
1.131075
0.4330894
1.12333
0.4408698
1.115525
0.4485028
1.108088
0.4559148
1.100592
0.4632568
1.093491
0.4703334
1.086336
0.4773713
1.079546
0.484171
1.072678
0.49089
1.066139
0.4974932
1.059543
0.5039382
1.053191
0.5102304
1.046839
0.5164992
1.040752
0.5225469
1.034619
0.5285877
1.028752
0.5344678
1.022795
0.5402967
1.017169
0.5459834
1.011409
0.5516225
1.005927
0.5571277
1.000332
0.562611
0.9950165
0.5679533
0.9896332
0.5732934
0.9845086
0.5784473
0.9791877
0.5836023
0.9742143
0.5886595
0.9690773
0.593668
0.9642006
0.5985384
0.9591878
0.6034772
0.9544312
0.6082635
0.9495287
0.6130411
0.9449026
0.6177213
0.9401345
0.6224122
0.9356368
0.6269848
0.9309556
0.6315663
0.9265081
0.6360233
0.9219275
0.6405228
0.9175951
0.6448969
0.9130942
0.6492746
0.908854
0.6536174
0.9044619
0.6579124
0.9003067
0.6621525
0.8959665
0.6663824
0.8918393
0.6705235
0.8875777
0.6747285
0.8835352
0.67878
0.8793537
0.682933
0.875365
0.6869432
0.8712151
0.6910261
0.867323
0.6950012
0.8632411
0.6990031
0.8593515
0.702916
0.8553036
0.7068911
0.8514875
0.7107577
0.8474793
0.7146826
0.8437347
0.7185116
0.8397927
0.7223902
0.8360515
0.7262006
0.832129
0.7300262
0.8283844
0.7337799
0.8245316
0.737608
0.8208408
0.7413025
0.8169727
0.7451191
0.8133173
0.7488513
0.8094792
0.7526307
0.8058667
0.7563109
0.802074
0.7600682
0.798403
0.7637129
0.7946122
0.767488
0.7910151
0.7711718
0.7872441
0.774878
0.7836249
0.778497
0.7798979
0.7821941
0.7762747
0.785877
0.772541
0.7895617
0.7689052
0.7931945
0.7651618
0.7969187
0.7615699
0.8005418
0.757816
0.8042983
0.7542146
0.8079125
0.7504417
0.8116468
0.7468699
0.815291
0.7430729
0.8190385
0.7394682
0.8226753
0.7356585
0.8264321
0.7320439
0.8300997
0.7282382
0.833878
0.7246183
0.8375645
0.7207919
0.8413281
0.7171406
0.8450838
0.7132784
0.8488476
0.7095872
0.8525627
0.7057184
0.8564445
0.7019731
0.8602265
0.6980687
0.864085
0.6943268
0.8678911
0.6903663
0.8717966
0.6865976
0.8756444
0.6826141
0.8796161
0.6787684
0.8834794
0.6747169
0.8874907
0.6708403
0.8914468
0.666754
0.8954911
0.6628332
0.8994825
0.6586957
0.9035869
0.6547267
0.9076853
0.6505115
0.9118173
0.6464481
0.9158993
0.6421905
0.9201586
0.6380312
0.924345
0.6337376
0.9286473
0.629519
0.9329119
0.6250968
0.9373317
0.6208401
0.9416676
0.6163263
0.946177
0.6119571
0.9505706
0.6073446
0.9551649
0.6028686
0.9597158
0.5981665
0.9644165
0.5936232
0.9690237
0.588809
0.9738293
0.5841255
0.9785728
0.5791893
0.9835243
0.5743904
0.9883919
0.5693283
0.9934654
0.5643444
0.9984436
0.5591955
1.003667
0.5540628
1.008852
0.5487032
1.014207
0.5434575
1.019526
0.5379248
1.025089
0.5324984
1.030565
0.5267978
1.036299
0.5211945
1.042027
0.5152314
1.048042
0.5093303
1.053803
0.5033991
1.059929
0.497391
1.066108
0.4909983
1.072469
0.4846827
1.078803
0.4780985
1.085492
0.4715044
1.092121
0.4646639
1.099075
0.4577907
1.106025
0.4506098
1.113275
0.4434385
1.12056
0.4359097
1.128161
0.4283856
1.135797
0.4204615
1.143775
0.4125361
1.151824
0.4042291
1.160242
0.3958867
1.168715
0.3871024
1.177596
0.3782811
1.186606
0.3689958
1.195994
0.3596216
1.205463
0.3497814
1.215497
0.3397673
1.225796
0.3292699
1.236238
0.3186463
1.247142
0.3074493
1.258554
0.2960442
1.270164
0.2840297
1.282411
0.271719
1.294903
0.2587901
1.308103
0.2455245
1.321666
0.2315254
1.335932
0.2171102
1.35064
0.2019442
1.36617
0.1862375
1.382272
0.1696262
1.399243
0.152376
1.416827
0.1341625
1.435587
0.1151069
1.455076
0.09497595
1.47573
0.07384539
1.497481
0.05134469
1.520629
0.02774435
1.544937
0.002519071
1.571018
-0.02417672
1.598467
-0.05277389
1.628067
-0.08316666
1.659495
-0.115911
1.69351
-0.1509296
1.729772
-0.1888264
1.769273
-0.229745
1.811895
-0.2743608
1.858443
-0.3228833
1.909065
-0.37612
1.965122
-0.4347771
2.026665
-0.4997708
2.095275
-0.5721804
2.171934
-0.653674
2.258616
-0.7457075
2.356796
-0.8510346
2.470069
-0.9726
2.601031
-1.114837
2.755927
-1.283533
2.940701
-1.48746
3.166944
-1.739138
3.448975
-2.058544
3.813819
-2.478467
4.303366
-3.05773
5.000265
-3.912418
6.075626
-5.312683
7.98125
-8.069056
12.36945
-16.33444
35.40959
279.8846
-22.9001
10.77293
-2.352221
-6.090442
92.69469
162.7441
59.0049
-21.32294
33.19683
48.94498
-11.60517
8.092255
-4.556554
5.055414
-2.820017
3.903638
-1.982605
3.256604
-1.461111
2.822354
-1.090116
2.499112
-0.8039365
2.242208
-0.570231
2.027155
-0.3706236
1.839897
-0.1931343
1.670315
-0.02944565
1.511159
0.1269121
1.355772
0.2824554
1.198345
0.4438496
1.031128
0.6186562
0.8458061
0.8180885
0.6285057
1.05809
0.3591518
1.365915
0.001033783
1.790668
-0.5144882
2.433395
-1.340317
3.533691
-2.875488
5.809319
-6.544258
12.54033
-22.206
85.79805
104.1791
-50.72819
68.20768
114.8802
-15.94128
7.255804
-2.278461
2.284513
0.1004496
0.97925
0.8783121
0.4900312
1.197685
0.2764702
1.342301
0.1781864
1.408611
0.1343098
1.436355
0.1185026
1.443478
0.1176987
1.439503
0.1254339
1.428992
0.1378503
1.415144
0.1529179
1.399239
0.1693249
1.382497
0.1863785
1.365214
0.2035332
1.348256
0.2204318
1.331237
0.2372375
1.3149
0.2534332
1.29882
0.2691941
1.283394
0.2844815
1.268333
0.2992001
1.253933
0.3134012
1.239858
0.3271294
1.226477
0.3402939
1.213493
0.3531113
1.200991
0.365387
1.188867
0.3772249
1.17728
0.3886681
1.165994
0.3997507
1.155172
0.4104297
1.144552
0.4207969
1.134477
0.4307175
1.124532
0.4404798
1.115108
0.4498177
1.105797
0.4589214
1.096947
0.4677277
1.088176
0.4763179
1.079806
0.484601
1.071514
0.4927154
1.063624
0.5005636
1.055826
0.5082588
1.048367
0.5156441
1.04089
0.5229111
1.033875
0.5299683
1.026794
0.5368652
1.02005
0.5435638
1.013306
0.5501976
1.006929
0.5565147
1.000477
0.5628748
0.9943895
0.5689335
0.9882469
0.5749493
0.9824114
0.5808163
0.9765272
0.5865512
0.9709363
0.5921371
0.9652901
0.5976663
0.9599259
0.6030188
0.9545269
0.6083384
0.9493546
0.6135194
0.9441314
0.6186105
0.939187
0.6235996
0.9341702
0.6285392
0.9293849
0.6332847
0.9245214
0.6380858
0.9198961
0.6426309
0.9152012
0.6473324
0.9107428
0.6517684
0.9062088
0.6562135
0.9019132
0.6605734
0.8974991
0.6648674
0.8933098
0.6690615
0.889051
0.6732459
0.8850005
0.6773281
0.8808756
0.6814187
0.8769264
0.6853452
0.8728929
0.6892856
0.8690753
0.6931522
0.8651541
0.6970048
0.8614197
0.7007051
0.85762
0.7045126
0.8539653
0.7081147
0.8502387
0.711831
0.8466847
0.7153519
0.8430569
0.7189205
0.8396213
0.7224264
0.8360529
0.7259078
0.8326871
0.7292919
0.8291991
0.7327148
0.8259168
0.7360494
0.822525
0.7394056
0.8193069
0.7426109
0.815948
0.7459154
0.8127975
0.7490916
0.8095431
0.7523286
0.8064381
0.7553947
0.8032255
0.7585806
0.8001793
0.7615805
0.7970339
0.7647619
0.7940464
0.7677383
0.790947
0.7707939
0.7880509
0.7737544
0.7849798
0.7767525
0.7820914
0.779633
0.7790923
0.7825893
0.776269
0.7854606
0.7733111
0.7883564
0.7705522
0.7911644
0.7675972
0.7940434
0.7648854
0.7968366
0.762018
0.7996601
0.7593021
0.8023323
0.756475
0.8051701
0.7537596
0.807864
0.751003
0.8106469
0.7483447
0.8132858
0.7455616
0.8160164
0.7429729
0.8186491
0.740227
0.8213562
0.7376394
0.8239381
0.7349253
0.8266253
0.7323854
0.8291924
0.7297175
0.8318291
0.7271926
0.8343835
0.7245171
0.8370142
0.7220249
0.8395557
0.7194071
0.8421435
0.716907
0.8445852
0.7143188
0.8472271
0.7118125
0.849685
0.7092118
0.8522995
0.7067764
0.854749
0.7041984
0.857307
0.7017732
0.859772
0.6991925
0.8622975
0.6967778
0.8647184
0.6942189
0.8672507
0.6918116
0.8697021
0.6892805
0.8722279
0.6868725
0.8746166
0.6843441
0.8771219
0.6819763
0.8795509
0.6794548
0.8820362
0.6770501
0.8844061
0.6745682
0.8869634
0.6721263
0.8893261
0.6696029
0.8918824
0.6672058
0.8942566
0.6647034
0.8967648
0.6623316
0.8991899
0.6597881
0.9016862
0.6573839
0.9040895
0.65487
0.906599
0.652473
0.90905
0.6498995
0.9115891
0.6474476
0.9139633
0.6450129
0.9165158
0.6426382
0.9189558
0.6400299
0.9214935
0.637558
0.923893
0.6350193
0.9265108
0.6325169
0.9289808
0.6299229
0.9316273
0.6274223
0.9340992
0.6248131
0.9367237
0.6223106
0.9392815
0.6196442
0.9419174
0.6170654
0.944519
0.6143723
0.9471893
0.6117859
0.9498215
0.6090431
0.9525871
0.6063871
0.955225
0.6036148
0.9579868
0.6009313
0.9607416
0.5980878
0.9636078
0.595314
0.9662628
0.5924797
0.9693146
0.5895691
0.9721832
0.5865555
0.9752121
0.5835953
0.9781723
0.5805111
0.9812584
0.5774918
0.9843559
0.5742531
0.9875813
0.5710945
0.9907827
0.5677547
0.9941587
0.5644464
0.9975433
0.5609417
1.001091
0.5574417
1.004612
0.553771
1.008333
0.5500793
1.012127
0.5461559
1.016093
0.5421686
1.019982
0.5381021
1.02441
0.5337076
1.028738
0.52915
1.033433
0.5244789
1.038204
0.5194831
1.043324
0.5143499
1.048645
0.508769
1.054338
0.5029821
1.060313
0.4966993
1.066798
0.4900818
1.073683
0.4828434
1.081215
0.4750862
1.089298
0.4665833
1.09824
0.4572649
1.108047
0.4468689
1.118974
0.4353429
1.130991
0.4224695
1.145208
0.4073626
1.161191
0.3900228
1.179918
0.3698145
1.201936
0.3455845
1.228591
0.3161837
1.261369
0.2794223
1.302793
0.2323275
1.356762
0.169827
1.429913
0.08318663
1.534097
-0.04395485
1.692317
-0.2454748
1.955987
-0.6023841
2.460026
-1.355417
3.674846
-3.548549
8.436105
-18.57681
287.5063
372.2602
22.64846
-5.407708
3.588508
-0.7926121
1.779972
0.08547211
1.29744
0.3726796
1.116397
0.4917337
1.035975
0.5470033
0.997375
0.5743191
0.9780884
0.5875241
0.9691283
0.5935369
0.9654723
0.5952448
0.9651041
0.5947235
0.9664648
0.5926049
0.969018
0.5898309
0.9721279
0.58638
0.9757299
0.5827875
0.9796216
0.5786948
0.9833188
0.5750508
0.9871229
0.5711058
0.9911407
0.5672847
0.9948983
0.5633668
0.9988043
0.5596573
1.002522
0.5558509
1.006324
0.5522248
1.00984
0.5485417
1.013502
0.5450693
1.016966
0.5414845
1.02052
0.5381497
1.023815
0.5346918
1.027259
0.5314465
1.030492
0.5281117
1.033814
0.5249144
1.037036
0.5216085
1.040168
0.5185808
1.043175
0.5154462
1.046399
0.5124164
1.049362
0.5093265
1.05245
0.5063986
1.055364
0.5033457
1.058431
0.500448
1.061238
0.4974972
1.064226
0.4946585
1.067028
0.491744
1.069949
0.4889636
1.072726
0.4860692
1.075603
0.4833567
1.078337
0.4805255
1.081166
0.4777956
1.083882
0.4750214
1.086611
0.4723501
1.089193
0.4696181
1.092004
0.4669952
1.094559
0.4643364
1.097258
0.4617925
1.099791
0.4591405
1.102427
0.4566395
1.104856
0.4540837
1.107423
0.4516754
1.10983
0.4492042
1.11232
0.4467869
1.114575
0.4444795
1.116938
0.4422731
1.119118
0.4400578
1.121325
0.4379404
1.123315
0.4359365
1.125351
0.4340076
1.12709
0.4322281
1.128918
0.4305725
1.130405
0.4290695
1.131869
0.4278488
1.132977
0.4267294
1.133996
0.4259484
1.134528
0.4254613
1.134923
0.4253764
1.134776
0.4256618
1.134305
0.4265125
1.133053
0.4280045
1.131276
0.4303069
1.128533
0.4334109
1.124901
0.4377813
1.119771
0.4436524
1.113206
0.4511256
1.104438
0.46103
1.093307
0.4739013
1.078453
0.4907036
1.059289
0.5129166
1.033663
0.542417
0.9994721
0.5825334
0.9520974
0.638454
0.8854213
0.7192268
0.7865434
0.841794
0.6317482
1.042163
0.3651967
1.409039
-0.1642103
2.224871
-1.544399
4.933529
-8.562108
44.81633
157.6075
19.53241
-2.00122
1.07973
1.237394
0.02113533
1.677625
-0.1869369
1.783723
-0.2438145
1.815699
-0.2628417
1.828051
-0.2719574
1.835967
-0.2801218
1.8448
-0.2899346
1.85624
-0.3031111
1.871163
-0.3198977
1.889999
-0.3407879
1.912939
-0.3658972
1.940421
-0.395853
1.972866
-0.4308653
2.010715
-0.4720221
2.054871
-0.5193157
2.106136
-0.5747452
2.165792
-0.6391382
2.23562
-0.7149467
2.317732
-0.8041058
2.415142
-0.9108601
2.532158
-1.039478
2.674452
-1.198076
2.850834
-1.395382
3.074188
-1.649536
3.364758
-1.984612
3.755432
-2.444733
4.300659
-3.094604
5.072823
-3.970825
5.819473
-2.634705
272.8499
-40.33847
250.316
41.90685
-17.06865
11.91915
-7.214911
6.965437
-4.23321
4.97583
-2.811548
3.90917
-1.983131
3.247787
-1.442451
2.797239
-1.061929
2.472267
-0.7803469
2.225401
-0.5632153
2.03303
-0.3911409
1.877998
-0.2511768
1.751297
-0.1355133
1.644952
-0.03794956
1.555337
0.04507446
1.47804
0.1168365
1.411583
0.1791921
1.352492
0.2341247
1.301363
0.2825408
1.255368
0.3259773
1.214615
0.3646617
1.177626
0.399714
1.144566
0.4312782
1.11422
0.4601331
1.086998
0.48628
1.061624
0.5104203
1.038716
0.5324435
1.017382
0.5528593
0.9979968
0.5715728
0.979753
0.5890453
0.9631615
0.6051304
0.9474759
0.6201563
0.9332371
0.6340425
0.9194117
0.6471014
0.9071417
0.659091
0.8953586
0.6705413
0.8844872
0.6810188
0.8741379
0.691
0.8646994
0.7001748
0.8556356
0.7089205
0.8474278
0.7169065
0.8394151
0.7245741
0.8321953
0.7315779
0.8252597
0.7382565
0.8189869
0.744359
0.812912
0.7501945
0.807477
0.7554855
0.8022346
0.7605343
0.7976112
0.7650108
0.7929077
0.76933
0.7890549
0.7731113
0.7852612
0.7767773
0.7819633
0.7798996
0.778801
0.7828846
0.7761478
0.7854118
0.7735977
0.7877693
0.7716064
0.7896385
0.7696609
0.7913895
0.7682114
0.7927094
0.7668915
0.7941284
0.7660217
0.7945099
0.7654495
0.7950783
0.7652435
0.7951813
0.7651215
0.7950974
0.7655773
0.7945042
0.765995
0.7937908
0.7670956
0.7925568
0.7683697
0.7912216
0.77001
0.7893
0.7719383
0.7871971
0.7743626
0.7845993
0.7770376
0.7817621
0.7802372
0.7783322
0.7836728
0.7746773
0.7877035
0.7704458
0.792047
0.7658703
0.797009
0.7606657
0.8023028
0.7551265
0.8082564
0.7488904
0.8146431
0.7422037
0.8217635
0.7347679
0.829258
0.72686
0.8376999
0.7182159
0.8465424
0.7087822
0.8565674
0.698452
0.8671665
0.6874943
0.8787365
0.6754456
0.8911266
0.6625443
0.9046593
0.6483889
0.9192533
0.6332684
0.9351082
0.6167145
0.9522629
0.5989246
0.9709263
0.57938
0.9911633
0.5583467
1.013212
0.5353432
1.037174
0.5103531
1.063359
0.4828892
1.091866
0.4530663
1.123235
0.4201565
1.157662
0.384223
1.195448
0.3443723
1.237226
0.3005333
1.283488
0.2516856
1.334952
0.197432
1.392357
0.136528
1.456809
0.0682683
1.529393
-0.009096146
1.611832
-0.09696817
1.705776
-0.197906
1.814201
-0.3143296
1.939815
-0.4503427
2.087385
-0.6107507
2.262344
-0.8026495
2.473372
-1.035539
2.731771
-1.323998
3.055676
-1.689541
3.471449
-2.16735
4.025458
-2.816422
4.79646
-3.747751
5.943168
-5.192768
7.820152
-7.732511
11.44996
-13.35664
21.40824
-36.47675
183.8223
255.9743
-30.73459
20.41833
-13.67252
12.30367
-8.857399
9.10434
-6.575279
7.392159
-5.24305
6.327803
-4.374081
5.603994
-3.762226
5.081221
-3.311102
4.68751
-2.964511
4.381201
-2.6924
4.137325
-2.472702
3.93925
-2.293742
3.776349
-2.144794
3.640556
-2.020937
3.526641
-1.915947
3.430299
-1.827661
3.348783
-1.752154
3.279415
-1.688634
3.220773
-1.634377
3.17119
-1.589298
3.129799
-1.551283
3.095564
-1.520862
3.068086
-1.496171
3.046625
-1.477951
3.031174
-1.464959
3.021123
-1.458007
3.016748
-1.456072
3.017767
-1.460224
3.024622
-1.469659
3.037227
-1.48575
3.056372
-1.508041
3.082397
-1.538133
3.116391
-1.576116
3.159185
-1.624238
3.212657
-1.68345
3.278668
-1.757073
3.360271
-1.847589
3.46139
-1.960935
3.588089
-2.103106
3.748842
-2.285838
3.95749
-2.52555
4.235756
-2.851926
4.622602
-3.317055
5.192307
-4.03001
6.108498
-5.250133
7.814478
-7.805627
12.07762
-16.46177
41.48159
82.87788
-18.17607
11.01026
-5.980058
5.677247
-2.954611
3.720993
-1.583816
2.706024
-0.8017178
2.08504
-0.2965913
1.665631
0.05705786
1.363614
0.3182077
1.135212
0.5196314
0.956521
0.6794062
0.8124428
0.809906
0.693903
0.9183149
0.5940723
1.010402
0.5090733
1.089376
0.4351835
1.158524
0.3706055
1.21936
0.3129272
1.273743
0.2615414
1.322598
0.2148352
1.367261
0.1723592
1.408026
0.1329644
1.445892
0.09670472
1.480985
0.0624125
1.514128
0.03045845
1.545228
-4.911423E-05
1.575083
-0.02902222
1.603415
-0.0570364
1.630916
-0.083848
1.657336
-0.1101627
1.683322
-0.1356049
1.708538
-0.1608658
1.733591
-0.1855354
1.758171
-0.2102585
1.782875
-0.2345581
1.807259
-0.2593307
1.831932
-0.2838936
1.85671
-0.3089695
1.881874
-0.3340988
1.907264
-0.3600607
1.933384
-0.3862295
1.95993
-0.4133358
1.987475
-0.4410524
2.01565
-0.4699564
2.045032
-0.4996696
2.075344
-0.5308514
2.107219
-0.5631807
2.140338
-0.5973775
2.175333
-0.633076
2.212065
-0.6710737
2.251079
-0.7110147
2.292363
-0.7538371
2.336552
-0.799325
2.38378
-0.8484082
2.434507
-0.9008951
2.489198
-0.9581485
2.548698
-1.019971
2.613396
-1.08783
2.684488
-1.162169
2.762618
-1.244649
2.84946
-1.3361
2.946271
-1.438881
3.055368
-1.55477
3.178995
-1.687197
3.320822
-1.839382
3.484996
-2.017107
3.677692
-2.226705
3.906998
-2.478789
4.184999
-2.787035
4.529486
-3.17391
4.966829
-3.672971
5.542239
-4.3438
6.333598
-5.291955
7.491413
-6.737798
9.348349
-9.212403
12.81562
-14.43095
21.60667
-32.68686
89.78268
262.0406
-37.0254
22.34871
-14.2198
12.21657
-8.417994
8.441794
-5.761261
6.467988
-4.235806
5.253677
-3.246118
4.431034
-2.551182
3.836514
-2.037003
3.386664
-1.639839
3.034051
-1.324724
2.750282
-1.067842
2.516902
-0.8549047
2.32146
-0.6747482
2.155264
-0.5209715
2.012228
-0.3875663
1.887821
-0.2711451
1.778365
-0.1682069
1.68164
-0.07697487
1.595152
0.004988909
1.517595
0.07857609
1.447409
0.1455204
1.383872
0.2062008
1.325591
0.2619467
1.272413
0.3127942
1.22332
0.3601394
1.178081
0.4035511
1.136005
0.4441366
1.097062
0.4816418
1.060636
0.5170064
1.026659
0.5498033
0.9947042
0.5808454
0.9647999
0.6098185
0.9364653
0.637361
0.9099102
0.6630945
0.8846569
0.6877394
0.8608599
0.7108564
0.8381386
0.7330809
0.8166618
0.7539597
0.7961273
0.7740784
0.7766418
0.7930603
0.7579117
0.8114624
0.7401218
0.8287868
0.7229118
0.8456554
0.7066193
0.8615561
0.6908646
0.8771505
0.6757584
0.8918428
0.6611457
0.9062414
0.6472096
0.9199119
0.6335983
0.9332905
0.6206784
0.9459462
0.6079984
0.9584608
0.5958891
0.9702916
0.5840418
0.9820373
0.5727215
0.9931471
0.5615892
1.004143
0.550949
1.014553
0.5404462
1.024993
0.5304241
1.03482
0.520457
1.04464
0.5109841
1.053915
0.5016762
1.063282
0.4926386
1.072087
0.4837074
1.080949
0.475168
1.08936
0.4666495
1.097804
0.4585202
1.105756
0.4504257
1.113842
0.44266
1.121431
0.4348692
1.129349
0.427408
1.136455
0.4201597
1.143828
0.4130304
1.150788
0.4059155
1.157907
0.3990873
1.164581
0.3922214
1.171408
0.3856869
1.177803
0.3791653
1.184433
0.3728169
1.190578
0.3665049
1.196896
0.3604764
1.202867
0.3543307
1.208961
0.3485501
1.214663
0.3426368
1.220539
0.3370332
1.22604
0.3313567
1.231764
0.3260337
1.237006
0.3205248
1.242436
0.3153634
1.24753
0.3100996
1.252754
0.3051615
1.257592
0.3001178
1.262614
0.2953823
1.267312
0.290554
1.272025
0.2861596
1.276367
0.2816316
1.280868
0.2774256
1.284954
0.2731615
1.289142
0.2693461
1.292853
0.2654794
1.29667
0.2619886
1.300007
0.2585706
1.303323
0.2556218
1.30607
0.2528139
1.308771
0.2505132
1.31078
0.2484863
1.312636
0.2471845
1.313607
0.2462395
1.314181
0.2462777
1.313653
0.2471946
1.312389
0.2491883
1.309525
0.2526234
1.305286
0.2581074
1.29864
0.2658163
1.289384
0.27711
1.276007
0.2926596
1.257635
0.3146755
1.231412
0.3456777
1.194284
0.3907903
1.139444
0.4578841
1.056174
0.5631776
0.9207497
0.7410717
0.6791167
1.083755
0.1636791
1.933355
-1.481711
6.543252
119.028
-6.504878
5.110332
-2.55294
3.628295
-1.793735
3.188111
-1.525675
3.025063
-1.429808
2.966522
-1.369819
2.82297
-0.8969252
1.01261
9.828499
189.0093
108.5082
-14.38237
7.402084
-3.012578
3.228568
-0.9022478
1.975102
-0.08073944
1.399303
0.3431757
1.075675
0.5973122
0.8710585
0.7652979
0.7310649
0.8835502
0.6297112
0.9714004
0.5531893
1.03868
0.4933402
1.092238
0.4453741
1.135498
0.4059502
1.171609
0.3729848
1.201829
0.3448695
1.227964
0.320707
1.250421
0.2995297
1.270425
0.2809111
1.287912
0.2641839
1.303844
0.2492371
1.31797
0.2355899
1.33113
0.2231655
1.342901
0.2116567
1.354029
0.2011392
1.364087
0.1912225
1.373785
0.1820451
1.382588
0.1733438
1.391129
0.1652445
1.398948
0.1574279
1.406636
0.1501381
1.41366
0.14305
1.420665
0.1363821
1.427117
0.1298728
1.433573
0.1237252
1.439517
0.1177137
1.445547
0.1120198
1.451067
0.1063516
1.456731
0.1009746
1.461934
0.09562492
1.467262
0.09056139
1.472169
0.08551931
1.4773
0.08064604
1.481979
0.07580948
1.486854
0.07119179
1.491376
0.06653786
1.496057
0.06210613
1.50036
0.05762291
1.504873
0.05331421
1.509071
0.04899597
1.513466
0.04478836
1.517519
0.04060936
1.52179
0.03657532
1.525714
0.03247309
1.529874
0.02851677
1.533714
0.02448153
1.537792
0.0206449
1.541495
0.01674509
1.54553
0.01293707
1.549221
0.009100437
1.553125
0.005398393
1.556749
0.001612186
1.560597
-0.002044201
1.564119
-0.005769134
1.567902
-0.009377718
1.571435
-0.01298726
1.575222
-0.01660872
1.578628
-0.02020526
1.582312
-0.02366871
1.585729
-0.02728969
1.589383
-0.03072673
1.592732
-0.03431565
1.59637
-0.03772676
1.599677
-0.04119009
1.603307
-0.04463643
1.606596
-0.04811227
1.610156
-0.05147547
1.613442
-0.05495977
1.617
-0.05826908
1.62022
-0.06171745
1.623729
-0.06503308
1.626962
-0.06844318
1.6305
-0.07172012
1.633667
-0.0751617
1.63715
-0.07841986
1.640338
-0.08178329
1.643826
-0.0850538
1.646956
-0.08845496
1.650416
-0.09169596
1.653574
-0.09498197
1.657009
-0.09828544
1.660183
-0.1016244
1.663603
-0.1048437
1.666761
-0.1082067
1.670196
-0.1114169
1.673291
-0.1147494
1.676707
-0.117962
1.679819
-0.1212738
1.683267
-0.1244957
1.686373
-0.1277919
1.689774
-0.1309924
1.692885
-0.1343228
1.696296
-0.1375241
1.699397
-0.1408482
1.702803
-0.1440467
1.705872
-0.1472871
1.709324
-0.1505513
1.712417
-0.1538668
1.715833
-0.1570528
1.718943
-0.160372
1.722326
-0.1635656
1.725426
-0.1668787
1.728842
-0.1700859
1.731962
-0.1733961
1.735383
-0.1766119
1.738487
-0.1799126
1.741886
-0.1831198
1.745024
-0.1864471
1.74844
-0.1896515
1.751541
-0.1930084
1.754967
-0.1962128
1.758045
-0.1994991
1.761551
-0.202816
1.76465
-0.20611
1.768093
-0.2093229
1.771245
-0.2126637
1.774682
-0.2159214
1.777812
-0.2192602
1.781258
-0.2225428
1.784438
-0.2258892
1.787905
-0.2291708
1.791079
-0.232523
1.794551
-0.2357702
1.797666
-0.2391329
1.801189
-0.2424326
1.804336
-0.2458253
1.807839
-0.2491336
1.810989
-0.2524772
1.814561
-0.2558508
1.817744
-0.2592392
1.821275
-0.262547
1.824491
-0.2659907
1.828016
-0.2693
1.83123
-0.272738
1.834773
-0.2760849
1.838021
-0.2795706
1.841624
-0.2829409
1.844848
-0.2863479
1.848418
-0.2897024
1.851687
-0.2932053
1.855296
-0.2965808
1.858536
-0.3001056
1.862161
-0.3034997
1.865418
-0.3069558
1.869103
-0.3104525
1.87241
-0.3139491
1.876045
-0.3173838
1.879394
-0.3209429
1.88304
-0.3243828
1.886371
-0.3279471
1.890042
-0.3314223
1.89343
-0.3350019
1.897142
-0.3384933
1.900517
-0.3420825
1.904212
-0.3455863
1.907645
-0.3492117
1.911383
-0.3527441
1.914771
-0.3564105
1.91852
-0.3599501
1.921924
-0.3635464
1.925768
-0.3672047
1.929224
-0.3708553
1.933028
-0.3744545
1.936526
-0.3781681
1.940367
-0.3817654
1.943839
-0.3855076
1.947686
-0.3891506
1.951236
-0.3929138
1.955147
-0.3965759
1.958668
-0.4003448
1.962555
-0.4039993
1.966156
-0.4078217
1.970078
-0.4115295
1.973679
-0.4154053
1.977589
-0.4191284
1.981192
-0.422905
1.985243
-0.4267464
1.988886
-0.4306097
1.992884
-0.4344273
1.996571
-0.4383316
2.00062
-0.4421635
2.004274
-0.4460897
2.008349
-0.4499702
2.012018
-0.4539509
2.016391
-0.4581356
2.020023
-0.4616728
2.024127
-0.4655895
2.02793
-0.4696846
2.032083
-0.4736395
2.035878
-0.4776983
2.040061
-0.4816706
2.043926
-0.4856901
2.048182
-0.4897871
2.052054
-0.4938831
2.056307
-0.4979396
2.060265
-0.50212
2.064561
-0.5061846
2.068501
-0.5103815
2.072812
-0.5145161
2.076828
-0.5187192
2.081203
-0.5229418
2.085241
-0.527148
2.089634
-0.5313392
2.093729
-0.5356708
2.098162
-0.5398591
2.102238
-0.5442566
2.106713
-0.5485368
2.111068
-0.5531292
2.115465
-0.5571957
2.119634
-0.5616032
2.124207
-0.5659778
2.128469
-0.5704552
2.133064
-0.574873
2.137325
-0.5793735
2.142
-0.5838418
2.146357
-0.5884109
2.151051
-0.5929246
2.15544
-0.5974987
2.160201
-0.6020565
2.164625
-0.6067266
2.169434
-0.6113297
2.173882
-0.6160613
2.178744
-0.620706
2.183247
-0.6254122
2.188208
-0.6302305
2.192804
-0.6349955
2.197767
-0.6397576
2.202429
-0.6446636
2.207468
-0.6494655
2.212135
-0.6543999
2.217223
-0.6593136
2.222007
-0.6643058
2.227192
-0.6692348
2.231995
-0.6743119
2.237217
-0.6793112
2.242105
-0.6844575
2.247411
-0.6895566
2.252337
-0.6947652
2.257707
-0.6999172
2.26271
-0.70513
2.268215
-0.7104611
2.2733
-0.715786
2.278823
-0.7211111
2.284041
-0.7265543
2.289654
-0.7319483
2.294886
-0.7374614
2.300585
-0.7429818
2.30595
-0.7485874
2.311818
-0.7541823
2.317217
-0.7598566
2.323079
-0.7655271
2.328675
-0.7713419
2.334644
-0.777124
2.340285
-0.7830257
2.346364
-0.7889516
2.352132
-0.7948947
2.358387
-0.8009925
2.364259
-0.8071308
2.37059
-0.8132801
2.376635
-0.8195705
2.383121
-0.8258538
2.389252
-0.8322568
2.395855
-0.8387041
2.402196
-0.8453019
2.409004
-0.8518777
2.415419
-0.8585975
2.422377
-0.8653586
2.429008
-0.8722854
2.43616
-0.8792444
2.442962
-0.8863642
2.450298
-0.8935301
2.45734
-0.9008172
2.464965
-0.9082639
2.472236
-0.9158311
2.480044
-0.9234786
2.487609
-0.9313602
2.495694
-0.9392924
