0.008292445 2.849566
0.00937649 2.016095
0.009616309 1.965816
0.01044475 1.809894
0.01055119 1.433309
0.01129731 1.338648
0.01152531 1.312166
0.01230528 0.9831955
0.01363144 1.386787
0.01430358 1.057296
0.01503318 1.005983
0.01563531 0.773793
0.0158682 0.9530454
0.01645125 0.7354147
0.01709125 0.7078766
0.01761943 0.5493251
0.0177559 1.064655
0.01841057 0.8214366
0.01885765 0.801962
0.01928367 0.7842448
0.01947609 0.6211974
0.01989741 0.6080436
0.02029923 0.5960076
0.02079283 0.7273238
0.02087493 0.4636564
0.0210926 0.8962336
0.02153957 0.7021085
0.02164645 0.6986421
0.02170834 0.69665
0.02207909 0.5479617
0.02211138 0.5471616
0.0221387 0.5464863
0.0223232 0.5419695
0.02260726 0.5351598
0.02299911 0.4208335
0.02302269 0.4204025
0.02320489 0.4171015
0.02355823 0.4108457
0.02368839 0.5107352
0.02370516 0.6379674
0.02377846 0.6360008
0.02408949 0.5022312
0.02414721 0.5010307
0.0242791 0.498309
0.0243715 0.3177086
0.02440957 0.3172132
0.02456075 0.3940757
0.02464765 0.3926863
0.02499325 0.3872564
0.02505826 0.4828146
0.02513669 0.3850465
0.02536452 0.3052703
0.02542367 0.3807003
0.02613201 0.462976
0.02629386 0.5751578
0.02646008 0.3657886
0.0267407 0.4524374
0.02732605 0.4427459
0.02734585 0.3539402
0.02769033 0.2796296
0.02778162 0.3483884
0.02843235 0.4255185
0.02849354 0.4246048
0.02875321 0.5259627
0.02876151 0.6572637
0.02890416 0.3348581
0.02910861 0.4156329
0.02916179 0.4148749
0.02939205 0.3292997
0.02942954 0.3288803
0.02943885 0.4109704
0.02944119 0.3287501
0.02944582 0.4108731
0.02945998 0.3285406
0.02957206 0.3272953
0.029777 0.5078791
0.02980812 0.507349
0.02983683 0.2595128
0.02984301 0.3243237
0.03032891 0.3989096
0.03033056 0.6232625
0.03035776 0.3985305
0.03048087 0.3175367
0.03049328 0.253926
0.03067335 0.3155442
0.03075182 0.314739
0.030983 0.3123905
0.03098579 0.2498899
0.03098859 0.3123342
0.03099974 0.3122219
0.03110471 0.3111682
0.03120019 0.3877699
0.03127411 0.3868533
0.03129593 0.2474135
0.03139599 0.246625
0.03153078 0.2455708
0.03156995 0.245266
0.03185236 0.2430914
0.03209945 0.1929762
0.03217572 0.3008106
0.03243402 0.1909856
0.0325622 0.2377921
0.032844 0.1886016
0.03288668 0.235446
0.03307547 0.2926277
0.03315497 0.1868326
0.03329542 0.1860445
0.03330028 0.2325217
0.03333298 0.290367
0.03392047 0.2282703
0.03468141 0.3488467
0.0347461 0.2228462
0.03484536 0.2222114
0.03502088 0.2763722
0.03517102 0.4299881
0.03522359 0.2747816
0.0354366 0.3414124
0.03548244 0.2182216
0.03555185 0.1742365
0.03562518 0.2173473
0.03563936 0.1738086
0.03576547 0.2706184
0.03601272 0.2687604
0.0363224 0.2131753
0.03632949 0.2664171
0.03634486 0.2130435
0.0363758 0.2660779
0.03663908 0.2113327
0.0366951 0.2110101
0.03679799 0.3287814
0.0368988 0.2098452
0.03691271 0.1678129
0.03705185 0.261223
0.03713521 0.1668074
0.03720129 0.1332089
0.03722604 0.2080005
0.03737137 0.2071916
0.03764258 0.2056989
0.03768431 0.2568389
0.03790536 0.3191763
0.03792961 0.1633138
0.03793205 0.2041291
0.03795287 0.2040172
0.03823247 0.2531565
0.03844568 0.1611216
0.03846714 0.2012896
0.03851655 0.3141116
0.03871587 0.1999964
0.0388138 0.1595935
0.03882286 0.2493066
0.03916845 0.1581484
0.03922985 0.2467202
0.03928105 0.1576951
0.03954598 0.1957983
0.03965085 0.1952805
0.03998705 0.1239287
0.04000615 0.2419327
0.04003926 0.3021658
0.04006404 0.1932665
0.04027043 0.192276
0.04033382 0.2399672
0.04048953 0.1529884
0.04049179 0.2390311
0.04053377 0.2387835
0.04053758 0.1528071
0.04071185 0.1901912
0.04071972 0.1901544
0.04078078 0.1215166
0.04082383 0.1896695
0.04082526 0.1896629
0.04082584 0.1896602
0.04120086 0.1503471
0.04121037 0.1202499
0.04125581 0.1501468
0.04133079 0.187343
0.04145523 0.1494245
0.0414981 0.1492702
0.04166561 0.232297
0.04186897 0.184935
0.0419513 0.184572
0.04198814 0.1475281
0.04199506 0.118003
0.04213949 0.1837477
0.04214158 0.1469909
0.04240452 0.1460794
0.04242763 0.1824999
0.04243631 0.116776
0.04263823 0.116223
0.04264584 0.1162023
0.0427323 0.1449589
0.0428869 0.1155491
0.04289207 0.1805237
0.04310033 0.1437212
0.04316564 0.1435037
0.04321402 0.1433431
0.04365173 0.2771595
0.04397153 0.09015912
0.04421416 0.1401006
0.0442244 0.1120545
0.04424602 0.1119998
0.04426174 0.2186718
0.0444269 0.1115438
0.04448669 0.2175661
0.04466405 0.2167021
0.04470724 0.1385554
0.04475191 0.1730214
0.04478176 0.172906
0.04492899 0.1723394
0.04508971 0.1717251
0.04522751 0.1369615
0.04569379 0.1694549
0.04572423 0.1083789
0.04578302 0.1691246
0.04582445 0.1689717
0.04594042 0.1685452
0.04595025 0.1348073
0.04595451 0.1684935
0.0459549 0.1684921
0.04598675 0.1077602
0.04608163 0.1344229
0.04621189 0.134044
0.04622921 0.1071951
0.04641424 0.1067677
0.04646333 0.1066549
0.04649901 0.1332164
0.04666975 0.132729
0.04667808 0.1061642
0.04677262 0.1059497
0.04685994 0.1652379
0.04720704 0.1312183
0.04726527 0.1310567
0.04741091 0.1045233
0.04744326 0.104452
0.047444 0.130563
0.04768541 0.08313727
0.04780003 0.1036724
0.04783606 0.1294929
0.04789218 0.1034729
0.04807486 0.1030797
0.04808105 0.1288331
0.04837396 0.0819539
0.04872442 0.1271319
0.04876612 0.1016186
0.04903931 0.1010525
0.04914916 0.1008266
0.04924616 0.1965391
0.04938475 0.1003456
0.04944888 0.2446667
0.04963752 0.1949895
0.04968747 0.1947935
0.04972127 0.07973318
0.04987498 0.1552489
0.05010901 0.09889526
0.05011963 0.09887429
0.05096442 0.09723535
0.05113534 0.07752828
0.05126684 0.151034
0.05131658 0.07725445
0.05142308 0.1882189
0.05165343 0.1499036
0.05181104 0.1494476
0.05188334 0.07641055
0.0520395 0.1190332
0.05208045 0.07612135
0.05222579 0.185326
0.05238654 0.1478058
0.05242715 0.1476914
0.052643 0.1470858
0.05264797 0.1176575
0.05286761 0.1171687
0.05287187 0.0937274
0.05292589 0.1170397
0.05304279 0.1459772
0.05316925 0.09320319
0.05326973 0.1162842
0.05331511 0.1452315
0.05334517 0.07431665
0.05338692 0.116029
0.05342836 0.115939
0.05345714 0.1158765
0.05349887 0.1157862
0.05353919 0.115699
0.05354748 0.09254486
0.05357803 0.07399365
0.05364094 0.0923836
0.05374169 0.115263
0.05380745 0.07367818
0.05391038 0.07353751
0.05394694 0.1148245
0.05413588 0.09153899
0.05441514 0.1138365
0.05448384 0.09095437
0.05451394 0.1136302
0.054526 0.1420063
0.05458862 0.0907798
0.05469904 0.07247721
0.054729 0.09054693
0.05493895 0.09020092
0.05495934 0.1408866
0.05497881 0.1126694
0.05517369 0.1122714
0.05519708 0.1122239
0.05553858 0.07138163
0.05589848 0.07092205
0.05604078 0.1105343
0.05617089 0.08822263
0.05621303 0.08815648
0.05625534 0.08809018
0.05627101 0.08806565
0.05647495 0.1096845
0.05666931 0.06995735
0.056736 0.06987511
0.05709237 0.0867987
0.05709438 0.0694365
0.05748821 0.06896082
0.05750139 0.08618128
0.05754617 0.08611421
0.05772665 0.06867599
0.05808594 0.06825119
0.05823803 0.132955
0.05899326 0.06720149
0.05903591 0.1049265
0.05923298 0.08366189
0.05946566 0.06666763
0.05952515 0.06660101
0.05952954 0.0665961
0.05991942 0.06616277
0.05999327 0.06608132
0.06004599 0.08252914
0.06065011 0.06536566
0.0607728 0.06523369
0.06081324 0.06519032
0.06174591 0.1003213
0.06177293 0.06417754
0.06193613 0.08001054
0.06248879 0.07930292
0.06285398 0.1231909
0.06304187 0.09825896
0.06307391 0.07856724
0.06308347 0.09819417
0.06309526 0.07854066
0.06317015 0.09805942
0.06329689 0.06263237
0.06335849 0.07821435
0.06354026 0.06239247
0.06392757 0.09689762
0.06393742 0.1211034
0.06400254 0.0774273
0.06426318 0.06169061
0.06444802 0.09611512
0.06449244 0.09604891
0.06464301 0.07666015
0.06467731 0.07661951
0.06478436 0.0764929
0.06481373 0.06116659
0.0649706 0.0610189
0.06521261 0.0949882
0.06535287 0.07582747
0.06569638 0.1178609
0.06577577 0.09417493
0.06595589 0.0751342
0.06669562 0.0928761
0.06685885 0.05929558
0.06707493 0.0738807
0.06743941 0.09185179
0.0674939 0.05873768
0.06820727 0.05812334
0.06868914 0.0721445
0.06881785 0.09001195
0.06896979 0.05748074
0.06924402 0.07156637
0.06950971 0.05703425
0.06966699 0.0569055
0.06971337 0.05686764
0.06988215 0.05673029
0.06992359 0.07087083
0.07032055 0.05637661
0.07036007 0.07043119
0.07085569 0.06993853
0.07102262 0.05581933
0.07125997 0.05563341
0.07154477 0.06926493
0.0716778 0.05530911
0.07203079 0.06879757
0.07228073 0.05484774
0.07235681 0.05479006
0.07265835 0.0545627
0.07295597 0.05434009
0.07388882 0.05365406
0.07430857 0.0833609
0.07446688 0.06654695
0.07457373 0.06645159
0.07473377 0.05304743
0.07527854 0.06582943
0.07593343 0.06526168
0.07607237 0.06514248
0.07617459 0.05204406
0.07620908 0.05202051
0.07668928 0.06461846
0.07679667 0.0645281
0.07798921 0.0635414
0.07828288 0.07912879
0.07944446 0.04990196
0.07987384 0.06204213
0.08166555 0.06068095
0.08549921 0.04636808
0.08577736 0.05777216
0.08591501 0.04614368
0.08600975 0.04609285
0.08738557 0.04536716
0.08742119 0.04534866
0.08794206 0.04508008
0.09267977 0.05346953
0.0931831 0.05318071
0.09417529 0.04209633
0.09544513 0.04153626
0.09655957 0.04105688
0.09661061 0.04103519
0.0972558 0.04076297
