0.0380175
0.04009566
0.04012308
0.0401893
0.04022955
0.04949688
0.0494969
0.0494971
0.04949714
0.04949721
0.04949727
0.04950047
0.04961788
0.04974231
0.05060116
0.05111218
0.05113919
0.0511886
0.05873416
0.05970781
0.05985894
0.06098095
0.0610304
0.06673819
0.06872723
0.09247687
0.09259305
0.09334968
0.09339203
0.09775835
0.09777755
0.09782099
0.09791037
0.09832104
0.09858523
0.09859888
0.09860869
0.09864707
0.09872743
0.1027431
0.1028008
0.1028293
0.1028788
0.1033036
0.1033638
0.1034142
0.1036148
0.1036485
0.1040446
0.1041531
0.1075195
0.1075767
0.1075782
0.1075922
0.1081149
0.1081544
0.1087659
0.1088224
0.1089349
0.1090575
0.1097224
0.1098874
0.1121495
0.1122701
0.113345
0.1134829
0.1142082
0.1142636
0.1142852
0.1185771
0.1186624
0.1220532
0.122077
0.1251846
0.1252496
0.1252874
0.1254152
0.125831
0.1261017
0.1261515
0.1263474
0.1295619
0.1300706
0.1300939
0.1318167
0.1318169
0.1335747
0.1336214
0.1355735
0.1356202
0.1356517
0.1357322
0.1366943
0.1366943
0.1366968
0.1367591
0.1372859
0.1392738
0.1393764
0.1401457
0.1436815
0.1437186
0.1447716
0.1471812
0.1479111
0.1479674
0.1509229
0.1509921
0.1514597
0.1515826
0.1542556
0.1547804
0.1547907
0.1578286
0.1582751
0.1582859
0.1605992
0.160621
0.1611012
0.1614565
0.1620631
0.1621355
0.1637307
0.1637332
0.1642277
0.1651723
0.1655143
0.1655343
0.1671024
0.1671754
0.1675276
0.1697439
0.1705325
0.1705806
0.1709406
0.1711106
0.1715116
0.1715214
0.1740536
0.1741126
0.1757516
0.1757936
0.1762127
0.1785865
0.1790406
0.1791098
0.1806061
0.1806829
0.1813627
0.1813804
0.1814463
0.1816815
0.181751
0.1818615
0.1818931
0.1820841
0.1841943
0.1844937
0.1846336
0.1868878
0.1871968
0.1876061
0.1876924
0.1880954
0.1887633
0.1887758
0.1902646
0.190814
0.1929603
0.1929817
0.1955467
0.197923
0.1979457
0.1979731
0.1981614
0.1991157
0.199201
0.1992804
0.2017845
0.2040683
0.2042159
0.2043202
0.206547
0.2073187
0.2073442
0.2079652
0.2084376
0.208496
0.2121677
0.212215
0.2124017
0.2124317
0.212504
0.2125944
0.2127836
0.212813
0.2128966
0.2162458
0.2164146
0.2175103
0.2175641
0.2183493
0.21938
0.2194178
0.2204565
0.2205047
0.2217031
0.2217053
0.2223101
0.2223438
0.2230096
0.2239459
0.2239917
0.2239984
0.2240277
0.2243059
0.224364
0.2245023
0.2245957
0.225024
0.2264208
0.2264438
0.2264924
0.2270344
0.2285471
0.2289017
0.2307611
0.230807
0.2309736
0.2310845
0.2311125
0.2312869
0.2313801
0.2313942
0.2314704
0.231799
0.23289
0.2330119
0.2331649
0.233395
0.2334673
0.2334948
0.2335813
0.2350632
0.235134
0.2351622
0.2351767
0.2352272
0.2356354
0.2359314
0.2375814
0.2381974
0.238645
0.2387011
0.2392817
0.2393241
0.2396255
0.2413999
0.2416051
0.2416756
0.2417579
0.2418669
0.2432906
0.2434355
0.2435765
0.2436996
0.2439851
0.2439988
0.2455153
0.2460073
0.2460626
0.2461435
0.2463769
0.2464625
0.246915
0.2469404
0.2470985
0.2485195
0.2509994
0.2510267
0.2521962
0.2529004
0.2529426
0.2529936
0.2541995
0.2542008
0.2569338
0.2584567
0.2584784
0.2587876
0.2590336
0.2648033
0.2649065
0.2654424
0.2678312
0.2694844
0.271342
0.2734677
0.2742303
0.2760785
0.2767214
0.2770683
0.2771014
0.2772071
0.2773756
0.2779918
0.2787822
0.2788642
0.2803722
0.280852
0.2812058
0.282122
0.282202
0.2838096
0.2838382
0.2861256
0.2875438
0.2878472
0.2880097
0.2881078
0.2887808
0.2891357
0.2893656
0.2927379
0.2935443
0.294636
0.295466
0.2961388
0.2961605
0.2966006
0.2966576
0.2966674
0.2967187
0.2968279
0.296853
0.2972601
0.2986342
0.2996888
0.299757
0.2997704
0.2999591
0.3001984
0.301132
0.3022505
0.3033816
0.3035965
0.3044921
0.3074998
0.3075477
0.3089406
0.3110987
0.3112037
0.3112476
0.3113195
0.3114634
0.3114983
0.31158
0.3116988
0.3129487
0.3132079
0.3145214
0.3146274
0.3147252
0.3165601
0.3168695
0.3168815
0.3180308
0.3184703
0.3184758
0.3224137
0.3224156
0.3224422
0.322446
0.3224716
0.3229271
0.3230268
0.3241377
0.3241479
0.3251823
0.32521
0.3257037
0.3257543
0.3259202
0.3259508
0.3270704
0.3277793
0.3293245
0.3294327
0.330189
0.3301991
0.3336352
0.3336676
0.3373344
0.3373576
0.3413157
0.3417308
0.3439119
0.3440491
0.3448521
0.3453356
0.3467169
0.3469461
0.3469487
0.3471065
0.3471691
0.3482135
0.3482245
0.3482419
0.3486164
0.3486899
0.3514324
0.3515114
0.3549442
0.355371
0.3568256
0.3569881
0.357141
0.3578833
0.3585543
0.3586159
0.358898
0.3599132
0.3599977
0.360294
0.3607138
0.360843
0.361306
0.3614229
0.363787
0.363893
0.3651641
0.3655218
0.3682947
0.3693352
0.3693373
0.3706942
0.3719158
0.3737762
0.3738183
0.374295
0.3748279
0.3762321
0.3805753
0.3821605
0.3822864
0.3838183
0.3858831
0.3869493
0.3869778
0.3870194
0.3871585
0.3871926
0.3960254
0.3962301
0.3973072
0.3973261
0.3974309
0.3975114
0.3975835
0.3984644
0.3984759
0.398516
0.3986667
0.3988696
0.3998213
0.4001578
0.4001608
0.4004032
0.4004685
0.4039413
0.4039569
0.4041448
0.4041796
0.4043
0.4049895
0.405046
0.4063457
0.4074815
0.4096753
0.4096961
0.4097852
0.4098891
0.4099818
0.4100627
0.4109716
0.4110259
0.4110463
0.4112999
0.4115361
0.4115582
0.4124534
0.4162232
0.417973
0.4184968
0.4185554
0.420894
0.4208964
0.4209594
0.4232879
0.4233224
0.4234795
0.423519
0.424699
0.4256839
0.4257453
0.4259649
0.4261736
0.4269916
0.427021
0.4273867
0.4275064
0.4297603
0.435119
0.4361408
0.4362158
0.4363428
0.4433915
0.4448052
0.4536286
0.4537324
0.4602072
0.4622645
0.4623283
0.4699828
0.470006
0.4700176
0.470995
0.4725226
0.4742111
0.4742771
0.4753852
0.4775532
0.4804522
0.4807324
0.4828017
0.4828491
0.4837215
0.4850492
0.4851115
0.4852516
0.4853325
0.4857265
0.4858899
0.4862981
0.4863038
0.4880012
0.4880107
0.4889785
0.4892284
0.4892363
0.4907204
0.4930196
0.4930465
0.4931478
0.49501
0.4950496
0.4953214
0.4960371
0.49622
0.4965082
0.4975338
0.5064737
0.5066388
0.5074134
0.5076272
0.5082888
0.5085536
0.5105528
0.5181856
0.5182092
0.5190466
0.5191694
0.5289667
0.5309582
0.5309779
0.5317262
0.5336069
0.5432307
0.5505439
0.553164
0.5614737
0.5615342
0.5616182
0.5633239
0.5688041
0.5688521
0.569495
0.5696412
0.570657
0.57072
0.572989
0.5730683
0.5733272
0.5791521
0.5792146
0.5792966
0.5809917
0.5842009
0.5880461
0.5889753
0.590689
0.5907647
0.5914952
0.6091182
0.6487368
0.6541908
0.6543151
0.6549678
0.6557208
0.6558187
0.6559259
0.6567011
