0.6215524
0.6667592
0.6663035
0.6652057
0.6645401
0.5401179
0.5401176
0.5401155
0.5401151
0.5401143
0.5401136
0.5400786
0.5388007
0.5374529
0.5283308
0.4184388
0.4182177
0.4178142
0.3641377
0.3581997
0.3572953
0.3507213
0.3504372
0.2563728
0.248953
0.2890901
0.2887274
0.2291097
0.2290058
0.2187774
0.2187344
0.2732967
0.2730472
0.2175253
0.1735539
0.1735299
0.2168908
0.2168064
0.2166299
0.1665305
0.1664369
0.2079885
0.2078884
0.1656269
0.2069131
0.1654497
0.1651294
0.1650758
0.1644472
0.164276
0.1273061
0.1590479
0.1590457
0.1272201
0.1582563
0.1581984
0.1258473
0.1572274
0.1570649
0.1255107
0.1247502
0.1245628
0.1220503
0.1219192
0.120763
0.1206162
0.09588024
0.1197921
0.09581566
0.09234755
0.09228119
0.1121469
0.112125
0.2135578
0.213447
0.2133826
0.2131651
0.1699686
0.0868371
0.1085035
0.08666823
0.1650741
0.08418742
0.08417235
0.08307222
0.0830721
0.06558312
0.08195025
0.0646162
0.08074246
0.06457896
0.0806758
0.1564609
0.1564609
0.1564581
0.1563868
0.1246293
0.06289946
0.06285316
0.06250812
0.04877591
0.04876332
0.09454816
0.04761612
0.1156766
0.1156326
0.1417102
0.1416452
0.1129664
0.1128748
0.1386486
0.1105428
0.1105354
0.1084078
0.08648159
0.08647569
0.1065376
0.08521853
0.08496451
0.08477756
0.06756817
0.067538
0.1045
0.1044984
0.08334696
0.06629628
0.04234195
0.04233683
0.08191314
0.0818774
0.06536419
0.06451076
0.06421243
0.06419431
0.04099785
0.0511964
0.03268908
0.03268721
0.05033074
0.05031369
0.1216906
0.1216615
0.09709774
0.09580712
0.07645128
0.04890991
0.0485047
0.04848409
0.07547242
0.07546505
0.1178713
0.07533998
0.1176737
0.07526542
0.09406543
0.04811098
0.09289026
0.09273952
0.07413539
0.07324119
0.07312028
0.07296078
0.07292722
0.04657342
0.03712691
0.03712445
0.05755305
0.05738735
0.05674903
0.05674273
0.04479874
0.04426087
0.04425581
0.02265584
0.05525954
0.0351966
0.03518153
0.0439594
0.0347311
0.02747393
0.02745407
0.04287507
0.02714423
0.02704318
0.02703986
0.02156729
0.02689802
0.02689048
0.02642512
0.02641924
0.08055422
0.1006786
0.1006443
0.08048123
0.06432772
0.08039856
0.08036695
0.02074143
0.02072525
0.06292982
0.06291425
0.01643329
0.06239348
0.06238275
0.03973685
0.03972815
0.04939175
0.04939127
0.04925689
0.04924943
0.02514043
0.07640173
0.07638609
0.06110706
0.07637383
0.06102329
0.0610075
0.03902074
0.03900452
0.03893027
0.06045331
0.04835773
0.04834734
0.0197558
0.0748636
0.05979809
0.07414531
0.07413056
0.05926167
0.03032742
0.05922607
0.0378761
0.03786085
0.05915395
0.01937719
0.01934972
0.04701922
0.04699462
0.05870474
0.03002719
0.04690296
0.04689744
0.03000324
0.04658453
0.04657049
0.05820614
0.05820256
0.05819006
0.04647139
0.0464131
0.01510302
0.03677725
0.0234933
0.02348778
0.05720405
0.05719392
0.04569759
0.05670211
0.04532317
0.05663744
0.02319079
0.02318034
0.05626145
0.03598589
0.03596507
0.04493363
0.03590483
0.03590282
0.03568106
0.02848776
0.0356017
0.03559
0.04444535
0.02843514
0.02270642
0.02838012
0.02836195
0.02819979
0.02233693
0.02233451
0.02778867
0.01773522
0.01773227
0.01772869
0.02756967
0.02756953
0.01745681
0.01735395
0.0173525
0.01386541
0.02164413
0.02117254
0.02116429
0.04125305
0.03270808
0.05079287
0.04035611
0.03203394
0.01308461
0.01299702
0.03165728
0.03952204
0.01294904
0.03160181
0.03158261
0.02521008
0.03927907
0.03926753
0.03124506
0.03119168
0.01595004
0.03881409
0.03880308
0.01580372
0.01580212
0.02449343
0.04760278
0.01947754
0.0243332
0.02432491
0.01941458
0.01551259
0.01550027
0.03740653
0.02387441
0.02973243
0.01518024
0.02366524
0.02366351
0.01890272
0.02952982
0.01889846
0.02952374
0.01511059
0.01510931
0.01508862
0.018774
0.05709207
0.05707908
0.02922318
0.0456325
0.04559612
0.01191569
0.0118716
0.01848022
0.01846713
0.0117842
0.01823272
0.01822988
0.01161452
0.01153395
0.04398368
0.04397748
0.04396732
0.0351576
0.01439894
0.03514444
0.01438968
0.04373843
0.03496179
0.02785262
0.02784324
0.03479323
0.02767325
0.02211698
0.02211615
0.01128255
0.02200581
0.02200543
0.03396353
0.03396333
0.03396052
0.03396013
0.03395743
0.0217021
0.02169541
0.02702631
0.02702546
0.01724127
0.01723981
0.02689636
0.02689219
0.0215028
0.02150078
0.02142718
0.01710467
0.01702442
0.01701883
0.01358387
0.01358346
0.02625696
0.02625441
0.01329614
0.01329523
0.01051284
0.01050007
0.02037789
0.02036976
0.02032233
0.03170918
0.02526628
0.02524959
0.02019952
0.02019033
0.02523337
0.03930889
0.02012551
0.02012451
0.01608231
0.01607892
0.01276276
0.01275989
0.01010919
0.02465099
0.02455049
0.02453932
0.02452882
0.0125327
0.01563657
0.01563388
0.01952699
0.01557752
0.01557387
0.01556106
0.01243436
0.01242991
0.01241398
0.01240996
0.01232932
0.01232573
0.009826259
0.0153385
0.02378597
0.01214411
0.01214404
0.009679668
0.01205984
0.02343714
0.0234345
0.009586547
0.01495768
0.01862732
0.01178544
0.01173655
0.01173268
0.009348685
0.01162333
0.03537385
0.03537124
0.03536744
0.02828378
0.02828129
0.02765051
0.02210899
0.02756131
0.02756
0.02204219
0.02203772
0.02203373
0.02748127
0.02748048
0.02747771
0.02197386
0.01405612
0.01752832
0.01751358
0.01751345
0.01400228
0.014
0.01110371
0.01387909
0.01109812
0.01109716
0.01109386
0.01384371
0.01384178
0.01379751
0.01719881
0.02138339
0.02138231
0.008756286
0.01709779
0.01709392
0.01367244
0.0136422
0.008729855
0.01363972
0.01363131
0.01089879
0.01089821
0.01699148
0.01077606
0.008584756
0.01339689
0.01339502
0.01665074
0.01665064
0.01664815
0.02069571
0.02069403
0.01654908
0.01654754
0.0084488
0.02057922
0.02057626
0.01316202
0.01315557
0.01641296
0.01641183
0.01049459
0.01049165
0.01043662
0.01288511
0.01028394
0.02008236
0.02007652
0.008092614
0.01260452
0.01235936
0.01235653
0.007796915
0.01516058
0.01515849
0.009543424
0.01192869
0.0119284
0.009522916
0.007593704
0.02309163
0.02308842
0.01842768
0.007513711
0.007468374
0.007464021
0.01451568
0.01451426
0.01159046
0.01155874
0.01155725
0.009243134
0.009241593
0.01803535
0.01442342
0.009223242
0.009223135
0.009191055
0.009190876
0.009172684
0.009168
0.009167852
0.007312101
0.01137187
0.01137125
0.01136892
0.009060919
0.009060195
0.007244179
0.009042158
0.009038825
0.007226863
0.007211966
0.01106979
0.01106618
0.01104929
0.01104464
0.008824207
0.008819614
0.007028063
0.008655674
0.00865528
0.006913053
0.01079909
0.01059907
0.008447455
0.008447141
0.01054407
0.006724419
0.008256615
0.006517549
0.008108348
0.01560224
0.01560056
0.01247858
0.007962109
0.009856745
0.009855913
0.006300664
0.00984226
0.007859794
0.007858925
0.01223094
0.01222925
0.00625855
0.009680629
0.009679585
0.007742572
0.007719983
0.009596967
0.006101896
0.007615337
0.006074596
0.006073817
0.006066317
0.01150548
0.01080284
0.008570217
0.006854872
0.008560051
0.005472142
0.006839156
0.00547043
0.005463972
